geoid (zcta),days_above_90_today,days_above_90_30yrs,change_days_above_90,days_above_100_today,days_above_100_30yrs,change_days_above_100,heatbin_125_today,heatbin_125_30yrs
1001,31,47,16,6,13,7,0.011,0.017
1002,22,36,14,2,7,5,0.006,0.000
1003,25,40,15,3,9,6,0.006,0.000
1005,12,22,10,1,3,2,0.006,0.006
1007,20,33,13,2,6,4,0.006,0.000
1008,9,19,10,1,2,1,0.011,0.017
1009,18,31,13,2,6,4,0.011,0.017
1010,14,25,11,1,4,3,0.011,0.017
1011,12,23,11,1,3,2,0.011,0.017
1012,9,19,10,0,2,2,0.006,0.000
1013,29,46,17,5,12,7,0.011,0.017
1020,27,43,16,4,11,7,0.011,0.017
1022,27,42,15,4,10,6,0.011,0.017
1026,7,16,9,0,2,2,0.006,0.000
1027,23,37,14,3,8,5,0.006,0.000
1028,25,40,15,4,10,6,0.011,0.017
1029,7,15,8,0,1,1,0.006,0.000
1030,28,45,17,5,11,6,0.011,0.017
1031,14,24,10,1,3,2,0.006,0.006
1032,8,17,9,0,2,2,0.006,0.000
1033,23,37,14,3,8,5,0.006,0.000
1034,11,21,10,1,3,2,0.011,0.017
1035,25,40,15,3,9,6,0.006,0.000
1036,19,32,13,2,6,4,0.011,0.017
1037,13,25,12,1,3,2,0.006,0.006
1038,27,42,15,4,10,6,0.006,0.000
1039,22,37,15,3,8,5,0.006,0.000
1040,28,43,15,4,11,7,0.011,0.017
1050,15,26,11,1,4,3,0.006,0.000
1053,24,39,15,3,9,6,0.006,0.000
1054,17,29,12,1,5,4,0.000,0.000
1056,24,39,15,3,9,6,0.011,0.017
1057,14,26,12,1,4,3,0.011,0.017
1060,26,42,16,4,10,6,0.006,0.000
1062,27,42,15,4,10,6,0.006,0.000
1063,27,42,15,4,10,6,0.006,0.000
1066,25,40,15,3,9,6,0.006,0.000
1068,11,21,10,1,2,1,0.006,0.006
1069,18,31,13,2,5,3,0.011,0.017
1070,6,14,8,0,1,1,0.006,0.000
1071,17,30,13,2,5,3,0.011,0.017
1072,13,24,11,1,3,2,0.000,0.000
1073,26,41,15,4,10,6,0.006,0.000
1074,10,20,10,1,2,1,0.006,0.006
1075,25,41,16,4,10,6,0.006,0.000
1077,25,41,16,3,9,6,0.011,0.017
1079,19,32,13,2,6,4,0.011,0.017
1080,18,31,13,2,6,4,0.011,0.017
1081,11,22,11,1,3,2,0.011,0.017
1082,16,27,11,1,4,3,0.006,0.000
1083,13,24,11,1,3,2,0.006,0.006
1084,11,22,11,1,3,2,0.006,0.000
1085,27,43,16,4,11,7,0.011,0.017
1088,27,42,15,4,10,6,0.006,0.000
1089,30,46,16,5,13,8,0.011,0.017
1092,14,26,12,1,4,3,0.006,0.006
1093,24,39,15,3,9,6,0.000,0.000
1094,12,23,11,1,3,2,0.006,0.006
1095,21,34,13,2,7,5,0.011,0.017
1096,13,24,11,1,3,2,0.006,0.000
1097,23,38,15,3,8,5,0.011,0.017
1098,9,19,10,1,2,1,0.006,0.000
1103,29,45,16,5,12,7,0.011,0.017
1104,28,44,16,5,12,7,0.011,0.017
1105,29,45,16,5,12,7,0.011,0.017
1106,28,44,16,4,11,7,0.011,0.017
1107,30,46,16,6,13,7,0.011,0.017
1108,27,43,16,4,11,7,0.011,0.017
1109,28,44,16,5,11,6,0.011,0.017
1118,26,42,16,4,10,6,0.011,0.017
1119,26,42,16,4,10,6,0.011,0.017
1128,25,40,15,4,10,6,0.011,0.017
1129,26,41,15,4,10,6,0.011,0.017
1151,26,41,15,4,10,6,0.011,0.017
1201,10,20,10,1,2,1,0.006,0.000
1220,8,17,9,0,2,2,0.006,0.000
1222,16,29,13,2,5,3,0.006,0.000
1223,8,16,8,0,2,2,0.006,0.000
1224,9,19,10,1,2,1,0.006,0.000
1225,6,14,8,0,1,1,0.006,0.000
1226,7,15,8,0,1,1,0.006,0.000
1229,12,23,11,1,3,2,0.006,0.000
1230,13,25,12,1,4,3,0.006,0.000
1235,5,12,7,0,1,1,0.006,0.000
1236,15,27,12,1,4,3,0.006,0.000
1237,8,17,9,0,2,2,0.006,0.000
1238,10,20,10,1,2,1,0.006,0.000
1240,10,20,10,1,2,1,0.006,0.000
1242,10,20,10,1,2,1,0.006,0.000
1243,9,19,10,1,2,1,0.006,0.000
1244,10,20,10,1,3,2,0.006,0.000
1245,7,16,9,0,2,2,0.006,0.000
1247,9,18,9,1,2,1,0.006,0.000
1253,8,16,8,0,2,2,0.006,0.000
1254,10,21,11,1,2,1,0.006,0.000
1255,7,16,9,0,2,2,0.006,0.000
1256,3,9,6,0,1,1,0.006,0.000
1257,17,30,13,2,5,3,0.006,0.000
1258,12,22,10,1,3,2,0.006,0.000
1259,11,21,10,1,3,2,0.006,0.000
1260,12,24,12,1,3,2,0.006,0.000
1262,12,23,11,1,3,2,0.006,0.000
1264,8,16,8,0,2,2,0.006,0.000
1266,12,23,11,1,3,2,0.006,0.000
1267,10,21,11,1,3,2,0.006,0.000
1270,4,10,6,0,1,1,0.006,0.000
1301,24,38,14,3,9,6,0.000,0.000
1330,7,16,9,0,1,1,0.000,0.000
1331,14,25,11,1,4,3,0.006,0.006
1337,18,31,13,2,6,4,0.000,0.000
1338,8,17,9,0,2,2,0.000,0.000
1339,8,17,9,0,2,2,0.000,0.000
1340,11,22,11,1,3,2,0.000,0.000
1341,15,27,12,1,4,3,0.000,0.000
1342,23,38,15,3,8,5,0.000,0.000
1343,7,16,9,0,1,1,0.006,0.000
1344,14,25,11,1,3,2,0.000,0.000
1346,7,15,8,0,1,1,0.000,0.000
1347,15,27,12,1,4,3,0.000,0.000
1349,16,28,12,1,4,3,0.000,0.000
1350,5,13,8,0,1,1,0.000,0.000
1351,19,32,13,2,6,4,0.000,0.000
1354,20,34,14,2,7,5,0.000,0.000
1355,16,27,11,1,4,3,0.000,0.000
1360,16,28,12,1,4,3,0.000,0.000
1364,18,31,13,2,5,3,0.000,0.000
1366,12,23,11,1,3,2,0.006,0.006
1367,6,14,8,0,1,1,0.000,0.000
1368,14,25,11,1,4,3,0.006,0.006
1370,14,26,12,1,4,3,0.000,0.000
1373,25,40,15,3,9,6,0.000,0.000
1375,24,38,14,3,8,5,0.000,0.000
1376,22,37,15,3,8,5,0.000,0.000
1378,15,26,11,1,4,3,0.000,0.000
1379,12,23,11,1,3,2,0.000,0.000
1420,18,31,13,2,5,3,0.006,0.006
1430,11,21,10,1,3,2,0.006,0.006
1431,15,27,12,1,4,3,0.011,0.017
1432,22,36,14,3,8,5,0.011,0.017
1434,22,36,14,3,8,5,0.006,0.006
1436,11,22,11,1,3,2,0.006,0.006
1438,9,19,10,0,2,2,0.006,0.006
1440,10,20,10,1,2,1,0.006,0.006
1450,23,37,14,3,8,5,0.011,0.017
1451,21,35,14,2,7,5,0.006,0.006
1452,10,20,10,1,2,1,0.006,0.006
1453,20,33,13,2,6,4,0.006,0.006
1460,24,37,13,3,9,6,0.011,0.017
1462,21,34,13,2,7,5,0.006,0.006
1463,23,36,14,3,8,5,0.011,0.017
1464,23,37,14,3,8,5,0.011,0.017
1467,20,33,13,2,7,5,0.006,0.006
1468,10,20,10,1,2,1,0.006,0.006
1469,22,35,13,2,7,5,0.011,0.017
1473,12,22,10,1,3,2,0.006,0.006
1474,20,33,13,2,6,4,0.011,0.017
1475,11,21,10,1,2,1,0.006,0.006
1501,15,26,11,1,4,3,0.006,0.006
1503,20,34,14,2,7,5,0.006,0.006
1504,22,35,13,3,8,5,0.006,0.006
1505,17,30,13,2,5,3,0.006,0.006
1506,15,26,11,1,4,3,0.006,0.006
1507,14,25,11,1,4,3,0.006,0.006
1510,19,32,13,2,6,4,0.006,0.006
1515,13,24,11,1,3,2,0.006,0.006
1516,17,30,13,2,6,4,0.006,0.006
1518,15,26,11,1,4,3,0.006,0.006
1519,19,32,13,2,6,4,0.006,0.006
1520,13,23,10,1,3,2,0.006,0.006
1521,14,24,10,1,3,2,0.011,0.017
1522,13,24,11,1,3,2,0.006,0.006
1523,20,34,14,2,7,5,0.006,0.006
1524,11,21,10,1,3,2,0.006,0.006
1525,23,37,14,3,8,5,0.006,0.006
1527,17,29,12,2,5,3,0.006,0.006
1529,21,35,14,3,8,5,0.006,0.006
1531,12,22,10,1,3,2,0.006,0.006
1532,21,35,14,2,7,5,0.006,0.006
1534,21,35,14,2,7,5,0.006,0.006
1535,13,24,11,1,3,2,0.006,0.006
1536,19,32,13,2,6,4,0.006,0.006
1537,14,26,12,1,4,3,0.006,0.006
1540,15,26,11,1,4,3,0.006,0.006
1541,13,24,11,1,3,2,0.006,0.006
1542,12,23,11,1,3,2,0.006,0.006
1543,9,18,9,1,2,1,0.006,0.006
1545,18,31,13,2,6,4,0.006,0.006
1550,17,29,12,2,5,3,0.006,0.006
1560,19,32,13,2,6,4,0.006,0.006
1561,20,34,14,2,7,5,0.006,0.006
1562,11,20,9,1,2,1,0.006,0.006
1564,18,31,13,2,5,3,0.006,0.006
1566,15,26,11,1,4,3,0.006,0.006
1568,21,35,14,2,7,5,0.006,0.006
1569,22,35,13,3,8,5,0.006,0.006
1570,17,29,12,2,5,3,0.006,0.006
1571,17,30,13,2,5,3,0.006,0.006
1581,20,33,13,2,6,4,0.006,0.006
1583,17,29,12,1,5,4,0.006,0.006
1585,14,26,12,1,4,3,0.006,0.006
1588,21,35,14,2,7,5,0.006,0.006
1590,17,29,12,2,5,3,0.006,0.006
1602,15,26,11,1,4,3,0.006,0.006
1603,15,27,12,1,4,3,0.006,0.006
1604,17,30,13,2,5,3,0.006,0.006
1605,16,28,12,1,5,4,0.006,0.006
1606,16,28,12,1,4,3,0.006,0.006
1607,17,29,12,1,5,4,0.006,0.006
1608,16,28,12,1,5,4,0.006,0.006
1609,16,27,11,1,4,3,0.006,0.006
1610,16,28,12,1,5,4,0.006,0.006
1611,14,25,11,1,4,3,0.006,0.006
1612,9,18,9,1,2,1,0.006,0.006
1701,25,39,14,4,10,6,0.011,0.017
1702,25,39,14,4,10,6,0.011,0.017
1718,24,39,15,4,10,6,0.011,0.017
1719,23,37,14,3,8,5,0.011,0.017
1720,24,38,14,4,9,5,0.011,0.017
1721,24,39,15,4,10,6,0.011,0.017
1730,24,38,14,4,10,6,0.011,0.017
1731,24,38,14,4,10,6,0.011,0.017
1740,21,34,13,2,7,5,0.006,0.006
1741,24,38,14,4,10,6,0.011,0.017
1742,25,39,14,4,10,6,0.011,0.017
1745,23,37,14,3,9,6,0.006,0.006
1746,26,41,15,4,10,6,0.011,0.017
1747,25,39,14,4,9,5,0.006,0.006
1748,22,36,14,3,8,5,0.011,0.017
1749,21,34,13,2,7,5,0.011,0.017
1752,22,35,13,3,8,5,0.011,0.017
1754,25,39,14,4,10,6,0.011,0.017
1756,23,37,14,3,8,5,0.006,0.006
1757,24,39,15,4,9,5,0.006,0.006
1760,25,39,14,4,10,6,0.011,0.017
1770,25,40,15,4,10,6,0.011,0.017
1772,22,36,14,3,8,5,0.006,0.006
1773,24,38,14,4,10,6,0.011,0.017
1775,24,38,14,3,9,6,0.011,0.017
1776,25,40,15,4,10,6,0.011,0.017
1778,24,38,14,4,10,6,0.011,0.017
1801,23,36,13,4,9,5,0.011,0.017
1803,23,36,13,4,10,6,0.011,0.017
1810,23,36,13,4,9,5,0.017,0.072
1821,24,38,14,4,10,6,0.011,0.017
1824,24,38,14,4,9,5,0.011,0.017
1826,24,38,14,3,9,6,0.011,0.017
1827,24,39,15,3,9,6,0.011,0.017
1830,23,36,13,4,9,5,0.017,0.072
1832,23,36,13,4,9,5,0.017,0.072
1833,20,33,13,3,7,4,0.017,0.072
1834,21,34,13,3,8,5,0.017,0.072
1835,22,35,13,3,8,5,0.017,0.072
1840,24,38,14,4,10,6,0.017,0.072
1841,24,38,14,4,10,6,0.017,0.072
1843,24,37,13,4,9,5,0.017,0.072
1844,24,37,14,4,9,6,0.017,0.072
1845,22,35,13,3,8,5,0.017,0.072
1850,24,38,14,3,9,6,0.011,0.017
1851,25,39,14,4,9,5,0.011,0.017
1852,24,38,14,3,9,6,0.011,0.017
1854,25,39,14,4,9,5,0.011,0.017
1860,20,34,14,3,7,4,0.017,0.072
1862,24,38,14,4,10,6,0.011,0.017
1863,25,39,14,4,9,5,0.011,0.017
1864,24,37,13,4,10,6,0.011,0.017
1867,22,36,14,4,10,6,0.011,0.017
1876,24,38,14,4,10,6,0.011,0.017
1879,25,39,14,4,9,5,0.011,0.017
1880,23,36,13,4,10,6,0.011,0.017
1886,24,38,14,3,9,6,0.011,0.017
1887,23,37,14,4,10,6,0.011,0.017
1890,23,36,13,4,10,6,0.011,0.017
1901,21,34,13,4,10,6,0.017,0.072
1902,21,34,13,4,10,6,0.017,0.072
1904,21,34,13,4,10,6,0.017,0.072
1905,21,34,13,4,10,6,0.017,0.072
1906,21,34,13,4,10,6,0.017,0.072
1907,21,33,12,4,9,5,0.017,0.072
1908,21,34,13,4,9,5,0.017,0.072
1913,17,30,13,2,6,4,0.017,0.072
1915,16,28,12,2,6,4,0.017,0.072
1921,21,35,14,3,8,5,0.017,0.072
1922,18,30,12,2,6,4,0.017,0.072
1923,20,33,13,3,8,5,0.017,0.072
1929,11,22,11,2,4,2,0.017,0.072
1930,6,14,8,1,3,2,0.017,0.072
1937,23,36,13,4,10,6,0.017,0.072
1938,12,23,11,2,5,3,0.017,0.072
1940,23,36,13,4,10,6,0.017,0.072
1944,12,23,11,2,5,3,0.017,0.072
1945,19,31,12,3,8,5,0.017,0.072
1949,24,37,13,4,10,6,0.017,0.072
1950,13,25,12,1,5,4,0.017,0.072
1951,11,22,11,1,4,3,0.017,0.072
1952,10,20,10,1,4,2,0.017,0.072
1960,21,33,12,4,9,5,0.017,0.072
1966,5,11,6,1,2,1,0.017,0.072
1969,15,27,12,2,6,4,0.017,0.072
1970,20,32,12,4,9,5,0.017,0.072
1982,15,26,11,2,6,4,0.017,0.072
1983,21,34,13,3,9,6,0.017,0.072
1984,16,28,12,2,7,5,0.017,0.072
1985,19,32,13,2,6,4,0.017,0.072
2019,24,37,13,4,9,5,0.028,0.022
2021,22,35,13,4,9,5,0.028,0.022
2025,18,30,12,3,7,4,0.028,0.022
2026,22,36,14,4,9,5,0.028,0.022
2030,24,38,14,4,10,6,0.028,0.022
2032,24,38,14,4,10,6,0.028,0.022
2035,23,36,13,4,9,5,0.028,0.022
2038,24,38,14,4,9,5,0.028,0.022
2043,19,31,12,3,7,4,0.050,0.078
2045,18,30,12,2,7,5,0.050,0.078
2047,18,30,12,3,8,5,0.050,0.078
2048,23,36,13,4,10,6,0.050,0.072
2050,18,31,13,3,8,5,0.050,0.078
2052,25,39,14,4,10,6,0.028,0.022
2053,26,41,15,4,11,7,0.028,0.022
2054,26,41,15,5,11,6,0.028,0.022
2056,25,39,14,4,10,6,0.028,0.022
2061,19,31,12,3,7,4,0.050,0.078
2062,25,39,14,5,10,5,0.028,0.022
2066,15,27,12,2,6,4,0.050,0.078
2067,22,36,14,4,9,5,0.028,0.022
2071,22,36,14,3,9,6,0.028,0.022
2072,23,36,13,4,9,5,0.028,0.022
2081,24,37,13,4,10,6,0.028,0.022
2090,24,38,14,4,10,6,0.028,0.022
2093,23,36,13,4,9,5,0.028,0.022
2108,20,33,13,3,8,5,0.011,0.022
2109,20,32,12,3,8,5,0.011,0.022
2110,20,32,12,3,8,5,0.011,0.022
2111,20,33,13,3,8,5,0.011,0.022
2113,20,32,12,3,8,5,0.011,0.022
2114,21,33,12,3,8,5,0.011,0.022
2115,21,33,12,3,8,5,0.011,0.022
2116,20,33,13,3,8,5,0.011,0.022
2118,20,33,13,3,8,5,0.011,0.022
2119,20,33,13,3,8,5,0.011,0.022
2120,21,34,13,3,8,5,0.011,0.022
2121,21,33,12,3,8,5,0.011,0.022
2122,20,33,13,3,8,5,0.011,0.022
2124,21,33,12,3,8,5,0.011,0.022
2125,20,33,13,3,8,5,0.011,0.022
2126,20,33,13,3,8,5,0.011,0.022
2127,20,32,12,3,8,5,0.011,0.022
2128,20,32,12,3,8,5,0.011,0.022
2129,20,33,13,3,8,5,0.011,0.022
2130,22,35,13,4,9,5,0.011,0.022
2131,22,35,13,4,9,5,0.011,0.022
2132,22,35,13,4,9,5,0.011,0.022
2134,22,35,13,3,9,6,0.011,0.022
2135,21,34,13,3,8,5,0.011,0.022
2136,21,33,12,3,8,5,0.011,0.022
2138,22,35,13,3,9,6,0.011,0.017
2139,21,34,13,3,9,6,0.011,0.017
2140,22,35,13,4,9,5,0.011,0.017
2141,21,33,12,3,8,5,0.011,0.017
2142,21,33,12,3,8,5,0.011,0.017
2143,21,34,13,3,9,6,0.011,0.017
2144,22,36,14,4,9,5,0.011,0.017
2145,21,33,12,3,8,5,0.011,0.017
2148,21,34,13,3,9,6,0.011,0.017
2149,21,33,12,3,8,5,0.011,0.017
2150,20,32,12,3,8,5,0.011,0.022
2151,21,33,12,4,9,5,0.011,0.022
2152,19,32,13,3,8,5,0.011,0.022
2155,22,35,13,4,9,5,0.011,0.017
2163,22,35,13,3,9,6,0.011,0.022
2169,20,32,12,3,7,4,0.028,0.022
2170,20,32,12,3,7,4,0.028,0.022
2171,20,32,12,3,8,5,0.028,0.022
2176,22,35,13,4,9,5,0.011,0.017
2180,22,36,14,4,10,6,0.011,0.017
2184,20,33,13,3,8,5,0.028,0.022
2186,20,32,12,3,7,4,0.028,0.022
2188,20,33,13,3,8,5,0.028,0.022
2189,20,32,12,3,7,4,0.028,0.022
2190,21,34,13,4,8,4,0.028,0.022
2191,19,32,13,3,7,4,0.028,0.022
2199,20,33,13,3,8,5,0.011,0.022
2203,20,33,13,3,8,5,0.011,0.022
2210,20,32,12,3,8,5,0.011,0.022
2215,21,34,13,3,8,5,0.011,0.022
2301,25,38,13,5,10,5,0.050,0.078
2302,24,38,14,5,10,5,0.050,0.078
2322,23,36,13,4,9,5,0.028,0.022
2324,25,39,14,5,11,6,0.050,0.078
2330,20,33,13,4,9,5,0.050,0.078
2332,19,32,13,3,8,5,0.050,0.078
2333,25,38,13,5,11,6,0.050,0.078
2338,23,36,13,5,10,5,0.050,0.078
2339,23,36,13,5,10,5,0.050,0.078
2341,23,36,13,5,10,5,0.050,0.078
2343,22,34,12,4,9,5,0.028,0.022
2346,23,37,14,5,11,6,0.050,0.078
2347,24,38,14,5,11,6,0.050,0.078
2351,23,36,13,4,10,6,0.050,0.078
2356,24,37,13,4,10,6,0.050,0.072
2357,25,38,13,5,10,5,0.050,0.072
2359,21,34,13,4,9,5,0.050,0.078
2360,14,25,11,2,5,3,0.050,0.078
2364,18,31,13,3,8,5,0.050,0.078
2367,22,34,12,5,10,5,0.050,0.078
2368,21,34,13,3,8,5,0.028,0.022
2370,23,36,13,4,10,6,0.050,0.078
2375,24,37,13,4,10,6,0.050,0.072
2379,25,39,14,5,11,6,0.050,0.078
2382,24,37,13,5,10,5,0.050,0.078
2420,22,36,14,4,9,5,0.011,0.017
2421,22,36,14,4,9,5,0.011,0.017
2445,21,34,13,3,8,5,0.028,0.022
2446,21,34,13,3,8,5,0.028,0.022
2451,23,37,14,4,10,6,0.011,0.017
2452,23,37,14,4,9,5,0.011,0.017
2453,23,37,14,4,10,6,0.011,0.017
2457,24,38,14,4,10,6,,
2458,22,35,13,3,9,6,0.011,0.017
2459,22,35,13,3,9,6,0.011,0.017
2460,22,36,14,3,9,6,0.011,0.017
2461,22,36,14,4,9,5,0.011,0.017
2462,23,37,14,4,9,5,0.011,0.017
2464,23,36,13,4,9,5,0.011,0.017
2465,23,36,13,4,9,5,0.011,0.017
2466,23,37,14,4,9,5,0.011,0.017
2467,22,35,13,3,8,5,0.028,0.022
2468,23,36,13,4,9,5,0.011,0.017
2472,23,36,13,4,9,5,0.011,0.017
2474,23,37,14,4,10,6,0.011,0.017
2476,23,37,14,4,9,5,0.011,0.017
2478,23,36,13,4,9,5,0.011,0.017
2481,24,37,13,4,10,6,0.028,0.022
2482,24,38,14,4,10,6,0.028,0.022
2492,23,36,13,4,9,5,0.028,0.022
2493,24,37,13,4,10,6,0.011,0.017
2494,23,36,13,4,9,5,0.028,0.022
2532,13,24,11,2,6,4,0.028,0.050
2534,12,23,11,2,5,3,0.028,0.050
2535,3,10,7,0,0,0,0.000,0.000
2536,6,14,8,0,1,1,0.028,0.050
2537,7,17,10,1,2,1,0.028,0.050
2538,12,23,11,2,5,3,0.050,0.078
2539,3,13,10,0,0,0,0.000,0.000
2540,6,14,8,0,1,1,0.028,0.050
2542,11,22,11,2,5,3,0.028,0.050
2543,5,13,8,0,1,1,0.028,0.050
2553,13,24,11,2,6,4,0.028,0.050
2554,0,1,1,0,0,0,0.000,0.000
2556,7,16,9,1,2,1,0.028,0.050
2557,3,12,9,0,0,0,0.000,0.000
2558,12,24,12,2,5,3,0.050,0.078
2559,12,23,11,2,5,3,0.028,0.050
2561,13,24,11,2,6,4,0.028,0.050
2562,10,21,11,1,4,3,0.028,0.050
2563,8,17,9,1,2,1,0.028,0.050
2564,0,1,1,0,0,0,0.000,0.000
2568,3,11,8,0,0,0,0.000,0.000
2571,13,24,11,2,5,3,0.050,0.078
2575,3,11,8,0,0,0,0.000,0.000
2576,15,27,12,2,6,4,0.050,0.078
2584,0,1,1,0,0,0,0.000,0.000
2601,4,12,8,0,0,0,0.028,0.050
2630,4,11,7,0,1,1,0.028,0.050
2631,1,5,4,0,0,0,0.028,0.050
2632,4,12,8,0,1,1,0.028,0.050
2633,1,3,2,0,0,0,0.028,0.050
2635,5,13,8,0,1,1,0.028,0.050
2637,4,11,7,0,1,1,0.028,0.050
2638,2,7,5,0,0,0,0.028,0.050
2639,1,6,5,0,0,0,0.028,0.050
2641,2,7,5,0,0,0,0.028,0.050
2642,2,7,5,0,0,0,0.028,0.050
2643,1,5,4,0,0,0,0.028,0.050
2644,9,19,10,1,3,2,0.028,0.050
2645,1,4,3,0,0,0,0.028,0.050
2646,1,4,3,0,0,0,0.028,0.050
2647,3,11,8,0,0,0,0.028,0.050
2648,7,15,8,0,2,2,0.028,0.050
2649,5,14,9,0,1,1,0.028,0.050
2650,1,3,2,0,0,0,0.028,0.050
2651,2,8,6,0,0,0,0.028,0.050
2652,3,9,6,0,1,1,0.028,0.050
2653,1,5,4,0,0,0,0.028,0.050
2655,4,11,7,0,0,0,0.028,0.050
2657,4,11,7,0,2,2,0.028,0.050
2659,1,3,2,0,0,0,0.028,0.050
2660,2,7,5,0,0,0,0.028,0.050
2663,2,8,6,0,1,1,0.028,0.050
2664,2,8,6,0,0,0,0.028,0.050
2666,2,8,6,0,1,1,0.028,0.050
2667,2,8,6,0,1,1,0.028,0.050
2668,5,13,8,0,1,1,0.028,0.050
2669,1,3,2,0,0,0,0.028,0.050
2670,2,7,5,0,0,0,0.028,0.050
2671,1,5,4,0,0,0,0.028,0.050
2672,3,11,8,0,0,0,0.028,0.050
2673,2,9,7,0,0,0,0.028,0.050
2675,2,8,6,0,0,0,0.028,0.050
2702,23,36,13,5,11,6,0.050,0.072
2703,22,35,13,4,10,6,0.050,0.072
2713,4,12,8,0,0,0,0.000,0.000
2715,23,36,13,4,10,6,0.050,0.072
2717,22,35,13,4,10,6,0.050,0.072
2718,25,38,13,5,11,6,0.050,0.072
2719,15,28,13,2,5,3,0.050,0.072
2720,22,36,14,4,10,6,0.050,0.072
2721,21,34,13,4,9,5,0.050,0.072
2723,22,36,14,4,10,6,0.050,0.072
2724,20,34,14,4,9,5,0.050,0.072
2725,22,35,13,4,10,6,0.050,0.072
2726,22,35,13,4,9,5,0.050,0.072
2738,13,25,12,2,5,3,0.050,0.078
2739,14,26,12,2,5,3,0.050,0.078
2740,16,30,14,2,6,4,0.050,0.072
2743,20,33,13,3,8,5,0.050,0.072
2744,15,28,13,2,5,3,0.050,0.072
2745,20,33,13,4,9,5,0.050,0.072
2746,20,33,13,4,9,5,0.050,0.072
2747,18,31,13,3,7,4,0.050,0.072
2748,14,27,13,2,5,3,0.050,0.072
2760,22,35,13,4,9,5,0.050,0.072
2762,22,35,13,4,9,5,0.028,0.022
2763,22,36,14,4,10,6,0.050,0.072
2764,23,37,14,5,10,5,0.050,0.072
2766,23,37,14,4,10,6,0.050,0.072
2767,25,39,14,5,12,7,0.050,0.072
2769,22,36,14,4,10,6,0.050,0.072
2770,19,31,12,3,8,5,0.050,0.078
2771,22,36,14,4,10,6,0.050,0.072
2777,22,35,13,4,9,5,0.050,0.072
2779,24,38,14,5,11,6,0.050,0.072
2780,25,39,14,5,11,6,0.050,0.072
2790,17,30,13,3,7,4,0.050,0.072
2791,10,21,11,1,3,2,0.050,0.072
2802,21,33,12,3,8,5,0.033,0.056
2804,16,29,13,2,6,4,0.011,0.028
2806,21,35,14,4,9,5,0.028,0.033
2807,1,4,3,0,0,0,0.011,0.028
2808,12,23,11,1,4,3,0.011,0.028
2809,20,33,13,3,8,5,0.028,0.033
2812,18,31,13,2,7,5,0.011,0.028
2813,8,18,10,1,2,1,0.011,0.028
2814,16,29,13,2,6,4,0.033,0.056
2815,18,30,12,2,7,5,0.033,0.056
2816,18,31,13,3,7,4,0.022,0.039
2817,18,31,13,3,8,5,0.022,0.039
2818,19,32,13,3,8,5,0.022,0.039
2822,18,31,13,3,7,4,0.011,0.028
2825,16,28,12,2,6,4,0.033,0.056
2826,18,31,13,2,6,4,0.033,0.056
2827,16,29,13,2,6,4,0.022,0.039
2828,18,31,13,3,7,4,0.033,0.056
2830,19,31,12,2,7,5,0.033,0.056
2831,19,31,12,3,8,5,0.033,0.056
2832,19,32,13,3,7,4,0.011,0.028
2833,17,30,13,2,6,4,0.011,0.028
2835,9,19,10,1,2,1,0.022,0.039
2836,18,31,13,2,7,5,0.011,0.028
2837,10,20,10,1,3,2,0.022,0.039
2838,20,33,13,3,8,5,0.033,0.056
2839,18,30,12,2,6,4,0.033,0.056
2840,6,16,10,0,1,1,0.022,0.039
2841,6,16,10,0,1,1,0.022,0.039
2842,7,17,10,0,2,2,0.022,0.039
2852,16,29,13,2,6,4,0.011,0.028
2857,17,30,13,2,7,5,0.033,0.056
2858,18,31,13,2,6,4,0.033,0.056
2859,17,30,13,2,6,4,0.033,0.056
2860,22,36,14,4,10,6,0.033,0.056
2861,22,36,14,4,10,6,0.033,0.056
2863,22,36,14,4,10,6,0.033,0.056
2864,21,34,13,3,8,5,0.033,0.056
2865,21,34,13,3,9,6,0.033,0.056
2871,14,25,11,2,5,3,0.022,0.039
2872,13,25,12,1,4,3,0.022,0.039
2873,18,31,13,2,7,5,0.011,0.028
2874,11,23,12,1,3,2,0.011,0.028
2875,18,31,13,2,7,5,0.011,0.028
2876,20,33,13,3,7,4,0.033,0.056
2878,17,30,13,3,7,4,0.022,0.039
2879,9,20,11,1,3,2,0.011,0.028
2881,16,28,12,2,6,4,0.011,0.028
2882,7,18,11,0,2,2,0.011,0.028
2885,21,35,14,4,9,5,0.028,0.033
2886,20,34,14,3,9,6,0.022,0.039
2888,21,35,14,4,9,5,0.022,0.039
2889,20,33,13,3,8,5,0.022,0.039
2891,8,18,10,0,2,2,0.011,0.028
2892,18,32,14,3,7,4,0.011,0.028
2893,19,32,13,3,8,5,0.022,0.039
2894,16,29,13,2,6,4,0.011,0.028
2895,20,33,13,3,7,4,0.033,0.056
2896,19,32,13,2,7,5,0.033,0.056
2898,18,32,14,3,7,4,0.011,0.028
2903,23,37,14,4,10,6,0.033,0.056
2904,22,35,13,4,9,5,0.033,0.056
2905,23,36,13,4,10,6,0.033,0.056
2906,23,37,14,4,10,6,0.033,0.056
2907,23,37,14,4,10,6,0.033,0.056
2908,23,37,14,4,10,6,0.033,0.056
2909,23,36,13,4,10,6,0.033,0.056
2910,22,36,14,4,10,6,0.033,0.056
2911,21,35,14,4,9,5,0.033,0.056
2912,23,37,14,4,10,6,0.033,0.056
2914,23,37,14,4,10,6,0.033,0.056
2915,22,35,13,4,10,6,0.033,0.056
2916,23,37,14,4,10,6,0.033,0.056
2917,19,32,13,3,7,4,0.033,0.056
2919,21,34,13,3,9,6,0.033,0.056
2920,22,35,13,4,9,5,0.033,0.056
2921,20,34,14,3,9,6,0.033,0.056
3031,20,33,13,2,7,5,0.011,0.006
3032,18,31,13,2,5,3,0.022,0.011
3033,20,33,13,2,6,4,0.011,0.006
3034,18,30,12,2,5,3,0.022,0.011
3036,20,32,12,2,7,5,0.022,0.011
3037,17,30,13,2,5,3,0.022,0.011
3038,20,33,13,2,7,5,0.022,0.011
3042,23,36,13,3,9,6,0.022,0.011
3043,12,22,10,1,3,2,0.011,0.006
3044,23,36,13,3,9,6,0.022,0.011
3045,17,29,12,1,5,4,0.011,0.006
3046,15,27,12,1,4,3,0.006,0.006
3047,11,21,10,1,2,1,0.011,0.006
3048,16,28,12,1,4,3,0.011,0.006
3049,22,35,13,3,7,4,0.011,0.006
3051,22,35,13,3,8,5,0.011,0.006
3052,21,34,13,2,7,5,0.011,0.006
3053,20,33,13,2,6,4,0.022,0.011
3054,21,34,13,2,7,5,0.011,0.006
3055,19,32,13,2,6,4,0.011,0.006
3057,17,29,12,2,5,3,0.011,0.006
3060,23,36,13,3,8,5,0.011,0.006
3062,24,37,13,3,8,5,0.011,0.006
3063,22,36,14,3,8,5,0.011,0.006
3064,22,36,14,3,8,5,0.011,0.006
3070,15,26,11,1,4,3,0.011,0.006
3071,10,20,10,1,2,1,0.011,0.006
3076,23,37,14,3,8,5,0.011,0.006
3077,22,35,13,3,8,5,0.022,0.011
3079,23,36,13,3,9,6,0.022,0.011
3082,14,26,12,1,4,3,0.011,0.006
3084,11,22,11,1,3,2,0.011,0.006
3086,15,27,12,1,4,3,0.011,0.006
3087,22,35,13,3,8,5,0.022,0.011
3101,19,32,13,2,6,4,0.011,0.006
3102,20,33,13,2,6,4,0.011,0.006
3103,20,33,13,2,6,4,0.011,0.006
3104,19,31,12,2,6,4,0.011,0.006
3106,18,31,13,2,5,3,0.006,0.006
3109,19,32,13,2,6,4,0.011,0.006
3110,20,33,13,2,6,4,0.011,0.006
3215,1,2,1,0,0,0,0.006,0.006
3216,12,22,10,1,3,2,0.006,0.006
3217,10,20,10,1,2,1,0.006,0.006
3218,14,25,11,1,4,3,0.006,0.000
3220,12,22,10,1,3,2,0.006,0.000
3221,12,22,10,1,3,2,0.006,0.006
3222,12,22,10,1,3,2,0.006,0.006
3223,7,15,8,0,1,1,0.006,0.006
3224,15,26,11,1,4,3,0.006,0.006
3225,13,24,11,1,3,2,0.006,0.000
3226,12,23,11,1,3,2,0.006,0.000
3227,8,16,8,0,2,2,0.017,0.006
3229,16,28,12,1,5,4,0.006,0.006
3230,10,20,10,1,2,1,0.006,0.006
3231,13,23,10,1,3,2,0.006,0.006
3233,12,22,10,1,3,2,0.006,0.006
3234,15,27,12,1,4,3,0.006,0.006
3235,16,27,11,1,4,3,0.006,0.006
3237,11,21,10,1,2,1,0.006,0.000
3238,4,11,7,0,1,1,0.006,0.006
3240,8,17,9,0,2,2,0.006,0.006
3241,10,19,9,1,2,1,0.006,0.006
3242,13,24,11,1,3,2,0.006,0.006
3243,13,24,11,1,3,2,0.006,0.006
3244,12,22,10,1,3,2,0.011,0.006
3245,11,21,10,1,3,2,0.006,0.006
3246,12,22,10,1,3,2,0.006,0.000
3249,9,18,9,1,2,1,0.006,0.000
3251,2,5,3,0,0,0,0.006,0.006
3253,12,23,11,1,3,2,0.006,0.000
3254,13,24,11,1,3,2,0.017,0.006
3255,11,21,10,1,3,2,0.006,0.006
3256,11,21,10,1,3,2,0.006,0.000
3257,11,21,10,1,3,2,0.006,0.006
3258,16,28,12,1,5,4,0.006,0.006
3259,10,20,10,1,3,2,0.017,0.006
3260,12,22,10,1,3,2,0.006,0.006
3261,16,28,12,1,5,4,0.022,0.011
3262,7,15,8,0,2,2,0.006,0.006
3263,13,25,12,1,4,3,0.006,0.006
3264,10,20,10,1,2,1,0.006,0.006
3266,6,14,8,0,1,1,0.006,0.006
3268,14,25,11,1,4,3,0.006,0.006
3269,13,24,11,1,3,2,0.006,0.000
3273,13,24,11,1,3,2,0.006,0.006
3275,18,30,12,2,5,3,0.006,0.006
3276,13,24,11,1,3,2,0.006,0.006
3278,14,26,12,1,4,3,0.006,0.006
3279,4,10,6,0,1,1,0.006,0.006
3280,8,17,9,0,2,2,0.006,0.006
3281,15,26,11,1,4,3,0.011,0.006
3282,8,16,8,0,2,2,0.006,0.006
3284,8,17,9,0,2,2,0.006,0.006
3285,7,15,8,0,2,2,0.006,0.006
3287,10,20,10,1,2,1,0.006,0.006
3290,21,34,13,3,8,5,0.022,0.011
3291,20,33,13,2,7,5,0.022,0.011
3293,8,16,8,0,2,2,,
3301,19,32,13,2,6,4,0.006,0.006
3303,17,29,12,2,5,3,0.006,0.006
3304,16,28,12,1,5,4,0.006,0.006
3307,15,27,12,1,4,3,0.006,0.006
3431,15,26,11,1,4,3,0.006,0.000
3440,12,22,10,1,3,2,0.011,0.006
3441,15,28,13,1,4,3,0.006,0.000
3442,10,20,10,1,2,1,0.011,0.006
3443,11,21,10,1,2,1,0.006,0.000
3444,9,18,9,1,2,1,0.006,0.000
3445,9,18,9,0,2,2,0.006,0.000
3446,14,25,11,1,3,2,0.006,0.000
3447,11,21,10,1,2,1,0.006,0.000
3448,9,18,9,0,2,2,0.006,0.000
3449,12,22,10,1,3,2,0.011,0.006
3450,8,18,10,0,2,2,0.006,0.000
3451,19,32,13,2,6,4,0.006,0.000
3452,9,19,10,1,2,1,0.006,0.000
3455,10,20,10,1,2,1,0.006,0.000
3456,8,17,9,0,2,2,0.006,0.000
3457,7,16,9,0,2,2,0.006,0.000
3458,10,20,10,1,2,1,0.011,0.006
3461,9,19,10,0,2,2,0.006,0.000
3462,11,22,11,1,2,1,0.006,0.000
3464,8,17,9,0,2,2,0.006,0.000
3465,9,19,10,1,2,1,0.006,0.000
3466,13,24,11,1,3,2,0.006,0.000
3467,13,24,11,1,3,2,0.006,0.000
3470,14,26,12,1,4,3,0.006,0.000
3561,7,16,9,0,2,2,0.006,0.006
3570,4,9,5,0,1,1,0.000,0.000
3574,5,12,7,0,1,1,0.006,0.006
3575,1,2,1,0,0,0,0.000,0.000
3576,2,6,4,0,0,0,0.000,0.000
3579,2,6,3,0,0,0,0.000,0.000
3580,3,8,5,0,1,1,0.006,0.006
3581,4,9,5,0,1,1,0.000,0.000
3582,4,10,6,0,1,1,0.000,0.000
3583,4,10,6,0,1,1,0.000,0.000
3584,7,16,9,0,2,2,0.000,0.000
3585,7,15,8,0,1,1,0.006,0.006
3586,6,13,7,0,1,1,0.006,0.006
3588,6,13,7,0,1,1,0.000,0.000
3590,5,11,6,0,1,1,0.000,0.000
3592,2,5,3,0,0,0,0.000,0.000
3593,1,4,3,0,0,0,0.000,0.000
3595,2,5,3,0,0,0,0.000,0.000
3597,2,7,5,0,0,0,0.000,0.000
3598,7,16,9,0,2,2,0.000,0.000
3601,9,18,9,0,2,2,0.006,0.006
3602,9,19,10,1,2,1,0.006,0.000
3603,12,23,11,1,3,2,0.006,0.006
3604,8,17,9,0,2,2,0.006,0.000
3605,8,17,9,0,2,2,0.006,0.006
3607,8,17,9,0,2,2,0.006,0.006
3608,11,21,10,1,2,1,0.006,0.000
3609,18,30,12,2,5,3,0.006,0.000
3740,8,17,9,1,2,1,0.006,0.006
3741,8,17,9,1,2,1,0.006,0.006
3743,13,25,12,1,3,2,0.006,0.006
3745,11,21,10,1,3,2,0.006,0.006
3746,8,16,8,0,2,2,0.006,0.006
3748,9,19,10,1,2,1,0.006,0.006
3750,9,18,9,1,2,1,0.006,0.006
3751,11,21,10,1,3,2,0.006,0.006
3752,8,17,9,0,2,2,0.006,0.006
3753,10,19,9,1,2,1,0.006,0.006
3754,11,22,11,1,3,2,0.006,0.006
3755,14,25,11,1,4,3,0.006,0.006
3765,10,19,9,1,2,1,0.006,0.006
3766,11,21,10,1,3,2,0.006,0.006
3768,9,18,9,1,2,1,0.006,0.006
3770,10,19,9,1,2,1,0.006,0.006
3771,5,12,7,0,1,1,0.006,0.006
3773,11,22,11,1,3,2,0.006,0.006
3774,7,15,8,1,2,1,0.006,0.006
3777,7,15,8,0,2,2,0.006,0.006
3779,6,14,8,0,1,1,0.006,0.006
3780,6,13,7,0,1,1,0.006,0.006
3781,11,22,11,1,3,2,0.006,0.006
3782,11,21,10,1,3,2,0.006,0.006
3784,14,25,11,1,4,3,0.006,0.006
3785,8,15,7,1,2,1,0.006,0.006
3801,16,28,12,2,5,3,0.022,0.011
3809,12,22,10,1,3,2,0.006,0.000
3810,11,21,10,1,3,2,0.006,0.000
3811,23,36,13,3,9,6,0.022,0.011
3812,7,14,7,0,1,1,0.017,0.006
3813,15,26,11,2,5,3,0.017,0.006
3814,12,23,11,1,3,2,0.017,0.006
3816,11,21,10,1,3,2,0.017,0.006
3817,15,26,11,1,4,3,0.017,0.006
3818,14,25,11,1,4,3,0.017,0.006
3819,22,36,14,3,9,6,0.022,0.011
3820,21,34,13,4,9,5,0.022,0.039
3823,22,36,14,4,9,5,0.022,0.039
3824,21,34,13,3,8,5,0.022,0.039
3825,21,34,13,3,8,5,0.022,0.039
3826,22,36,14,3,9,6,0.022,0.011
3827,21,34,13,3,8,5,0.022,0.011
3830,12,23,11,1,3,2,0.017,0.006
3832,10,19,9,1,3,2,0.017,0.006
3833,21,35,14,3,8,5,0.022,0.011
3835,16,28,12,2,5,3,0.022,0.039
3836,13,24,11,1,4,3,0.017,0.006
3837,12,23,11,1,3,2,0.006,0.000
3838,9,19,10,1,2,1,0.017,0.006
3839,22,35,13,4,9,5,0.022,0.039
3840,18,30,12,2,6,4,0.022,0.011
3841,21,34,13,3,8,5,0.022,0.011
3842,13,25,12,1,4,3,0.022,0.011
3844,16,28,12,2,5,3,0.022,0.011
3845,11,21,10,1,3,2,0.017,0.006
3846,6,13,7,0,1,1,0.017,0.006
3847,11,21,10,1,3,2,0.017,0.006
3848,23,37,14,4,9,5,0.022,0.011
3849,12,22,10,1,3,2,0.017,0.006
3850,13,23,10,1,3,2,0.017,0.006
3851,15,26,11,1,4,3,0.022,0.039
3852,14,26,12,1,4,3,0.022,0.039
3853,13,24,11,1,3,2,0.017,0.006
3854,11,22,11,1,3,2,0.022,0.011
3855,11,21,10,1,3,2,0.022,0.039
3856,22,35,13,4,9,5,0.022,0.011
3857,21,35,14,4,9,5,0.022,0.011
3858,22,36,14,3,9,6,0.022,0.011
3860,15,26,11,2,5,3,0.017,0.006
3861,23,37,14,4,10,6,0.022,0.039
3862,15,27,12,2,5,3,0.022,0.011
3864,12,22,10,1,3,2,0.017,0.006
3865,23,36,13,4,9,5,0.022,0.011
3867,22,35,13,3,9,6,0.022,0.039
3868,21,35,14,3,8,5,0.022,0.039
3869,22,35,13,4,10,6,0.022,0.039
3870,13,25,12,1,4,3,0.022,0.011
3871,14,26,12,1,4,3,0.022,0.011
3872,13,23,10,1,3,2,0.017,0.006
3873,21,35,14,3,8,5,0.022,0.011
3874,11,22,11,1,4,3,0.022,0.011
3875,15,26,11,1,4,3,0.017,0.006
3878,22,35,13,4,9,5,0.022,0.039
3882,13,24,11,1,4,3,0.017,0.006
3883,5,11,6,0,1,1,0.017,0.006
3884,16,28,12,2,5,3,0.022,0.039
3885,19,32,13,3,7,4,0.022,0.011
3886,12,22,10,1,3,2,0.017,0.006
3887,13,24,11,1,3,2,0.022,0.039
3890,14,25,11,1,4,3,0.017,0.006
3894,13,23,10,1,3,2,0.017,0.006
3901,21,34,13,4,9,5,0.017,0.039
3902,5,13,8,0,1,1,0.017,0.039
3903,17,29,12,2,6,4,0.017,0.039
3904,12,24,12,1,4,3,0.017,0.039
3905,10,20,10,1,3,2,0.017,0.039
3906,18,31,13,3,7,4,0.017,0.039
3907,3,9,6,0,1,1,0.017,0.039
3908,19,31,12,3,8,5,0.017,0.039
3909,7,16,9,1,2,1,0.017,0.039
3910,4,11,7,0,1,1,0.017,0.039
3911,8,17,9,1,2,1,0.017,0.039
4001,14,26,12,1,4,3,0.017,0.039
4002,17,29,12,2,6,4,0.017,0.039
4003,1,5,4,0,0,0,0.006,0.000
4005,7,16,9,0,2,2,0.017,0.039
4006,2,7,5,0,0,0,0.017,0.039
4008,7,16,9,0,2,2,0.000,0.000
4009,11,21,10,1,3,2,0.006,0.000
4010,15,26,11,2,4,2,0.017,0.006
4011,4,11,7,0,1,1,0.006,0.000
4015,12,23,11,1,4,3,0.006,0.000
4019,1,5,4,0,0,0,0.006,0.000
4020,13,24,11,1,4,3,0.017,0.039
4021,6,15,9,0,1,1,0.006,0.000
4022,11,22,11,1,3,2,0.017,0.006
4024,13,24,11,1,4,3,0.006,0.000
4027,20,33,13,3,7,4,0.017,0.039
4029,12,23,11,1,3,2,0.006,0.000
4030,17,29,12,2,6,4,0.017,0.039
4032,3,8,5,0,0,0,0.006,0.000
4037,15,26,11,2,4,2,0.017,0.006
4038,13,24,11,1,4,3,0.006,0.000
4039,11,21,10,1,3,2,0.006,0.000
4040,11,20,9,1,3,2,0.006,0.000
4041,11,21,10,1,3,2,0.017,0.006
4042,16,27,11,2,5,3,0.017,0.039
4043,5,11,6,0,1,1,0.017,0.039
4046,4,10,6,0,1,1,0.017,0.039
4048,15,26,11,1,4,3,0.017,0.039
4049,14,25,11,1,4,3,0.017,0.039
4050,2,6,4,0,0,0,0.006,0.000
4051,12,22,10,1,3,2,0.017,0.006
4055,13,24,11,1,4,3,0.006,0.000
4057,12,23,11,1,4,3,0.006,0.000
4062,11,22,11,1,3,2,0.006,0.000
4063,4,11,7,0,1,1,0.017,0.039
4064,5,13,8,0,1,1,0.017,0.039
4066,1,5,4,0,0,0,0.006,0.000
4068,13,24,11,1,4,3,0.017,0.006
4069,7,16,9,0,1,1,0.006,0.000
4071,12,23,11,1,4,3,0.006,0.000
4072,8,18,10,0,2,2,0.017,0.039
4073,19,32,13,3,7,4,0.017,0.039
4074,6,14,8,0,1,1,0.006,0.000
4076,15,27,12,2,5,3,0.017,0.039
4079,1,5,4,0,0,0,0.006,0.000
4083,21,35,14,3,8,5,0.017,0.039
4084,13,24,11,1,4,3,0.006,0.000
4085,13,24,11,1,4,3,0.006,0.000
4086,5,13,8,0,1,1,0.000,0.000
4087,15,26,11,1,4,3,0.017,0.039
4088,9,18,9,1,2,1,0.017,0.006
4090,6,13,7,0,2,2,0.017,0.039
4091,13,23,10,1,3,2,0.006,0.000
4092,7,16,9,0,1,1,0.006,0.000
4093,15,26,11,2,5,3,0.017,0.039
4095,14,25,11,1,4,3,0.017,0.039
4096,3,10,7,0,0,0,0.006,0.000
4097,6,14,8,0,1,1,0.006,0.000
4101,3,8,5,0,0,0,0.006,0.000
4102,5,13,8,0,1,1,0.006,0.000
4103,5,12,7,0,1,1,0.006,0.000
4105,4,11,7,0,1,1,0.006,0.000
4106,2,8,6,0,0,0,0.006,0.000
4107,2,6,4,0,0,0,0.006,0.000
4108,2,7,5,0,0,0,0.006,0.000
4109,2,6,4,0,0,0,0.006,0.000
4110,3,8,5,0,0,0,0.006,0.000
4210,14,25,11,1,4,3,0.000,0.000
4216,4,9,5,0,1,1,0.017,0.006
4217,7,15,8,0,2,2,0.017,0.006
4219,6,13,7,0,1,1,0.017,0.006
4220,8,17,9,0,2,2,0.017,0.006
4221,8,16,8,0,2,2,0.017,0.006
4222,8,17,9,0,2,2,0.000,0.000
4224,7,15,8,0,1,1,0.017,0.006
4227,7,14,7,0,1,1,0.000,0.000
4228,9,19,10,1,2,1,0.000,0.000
4231,9,18,9,1,2,1,0.017,0.006
4234,8,16,8,0,2,2,0.000,0.000
4236,12,22,10,1,3,2,0.000,0.000
4237,7,15,8,0,1,1,0.017,0.006
4238,9,19,10,1,2,1,0.017,0.006
4240,14,25,11,1,4,3,0.000,0.000
4250,11,21,10,1,3,2,0.000,0.000
4252,8,18,10,0,2,2,0.000,0.000
4254,9,19,10,1,2,1,0.000,0.000
4255,6,14,8,0,1,1,0.017,0.006
4256,11,22,11,1,3,2,0.000,0.000
4257,9,18,9,1,2,1,0.017,0.006
4258,11,21,10,1,3,2,0.000,0.000
4259,11,22,11,1,3,2,0.000,0.000
4260,12,23,11,1,4,3,0.006,0.000
4261,6,13,7,0,1,1,0.017,0.006
4265,11,21,10,1,3,2,0.000,0.000
4267,6,13,7,0,1,1,0.017,0.006
4268,10,20,10,1,2,1,0.017,0.006
4270,11,22,11,1,3,2,0.017,0.006
4271,8,17,9,0,2,2,0.017,0.006
4274,12,22,10,1,3,2,0.000,0.000
4276,8,16,8,0,2,2,0.017,0.006
4280,11,22,11,1,3,2,0.000,0.000
4281,9,18,9,1,2,1,0.017,0.006
4282,10,20,10,1,2,1,0.000,0.000
4284,10,19,9,1,3,2,0.000,0.000
4285,4,10,6,0,1,1,0.000,0.000
4286,8,17,9,1,2,1,0.017,0.006
4287,9,18,9,1,2,1,0.000,0.000
4289,7,15,8,0,2,2,0.017,0.006
4290,6,14,8,0,1,1,0.017,0.006
4292,7,15,8,0,1,1,0.017,0.006
4294,7,14,7,0,1,1,0.000,0.000
4330,11,21,10,1,3,2,0.000,0.000
4342,8,16,8,0,2,2,0.000,0.000
4343,11,21,10,1,3,2,0.000,0.000
4344,11,21,10,1,3,2,0.000,0.000
4345,11,21,10,1,3,2,0.000,0.000
4346,11,21,10,1,3,2,0.000,0.000
4347,11,21,10,1,3,2,0.000,0.000
4348,8,17,9,1,2,1,0.000,0.000
4349,9,18,9,1,2,1,0.000,0.000
4350,11,21,10,1,3,2,0.000,0.000
4351,10,20,10,1,3,2,0.000,0.000
4352,9,18,9,1,2,1,0.000,0.000
4353,10,20,10,1,3,2,0.000,0.000
4354,9,19,10,1,3,2,0.000,0.006
4355,10,19,9,1,3,2,0.000,0.000
4357,9,18,9,1,3,2,0.000,0.000
4358,10,20,10,1,3,2,0.000,0.000
4359,10,20,10,1,3,2,0.000,0.000
4363,10,20,10,1,3,2,0.000,0.000
4364,11,21,10,1,3,2,0.000,0.000
4401,9,18,9,1,2,1,0.006,0.000
4406,3,8,5,0,0,0,0.000,0.000
4408,6,13,7,0,1,1,0.006,0.000
4411,9,18,9,1,2,1,0.006,0.000
4412,9,18,9,1,2,1,0.006,0.000
4413,5,11,6,0,1,1,0.000,0.006
4414,5,11,6,0,1,1,0.000,0.000
4416,7,14,7,0,2,2,0.006,0.000
4417,6,12,6,0,1,1,0.006,0.000
4418,6,13,7,0,1,1,0.006,0.000
4421,7,15,8,1,2,1,0.006,0.000
4424,5,11,6,0,1,1,0.000,0.006
4426,5,11,6,0,1,1,0.000,0.000
4428,8,16,8,1,2,1,0.006,0.000
4429,7,14,7,1,2,1,0.006,0.000
4430,5,11,6,0,1,1,0.006,0.000
4431,6,12,6,0,1,1,0.006,0.000
4441,2,5,3,0,0,0,0.000,0.000
4442,2,5,3,0,0,0,0.000,0.000
4443,4,9,5,0,1,1,0.000,0.000
4444,8,16,8,1,2,1,0.006,0.000
4448,7,14,7,0,1,1,0.006,0.000
4451,6,12,6,0,1,1,0.006,0.000
4454,7,14,7,0,1,1,0.000,0.006
4455,6,12,6,0,1,1,0.006,0.000
4456,9,17,8,1,2,1,0.006,0.000
4457,6,13,7,0,1,1,0.006,0.000
4459,6,12,6,0,1,1,0.006,0.000
4460,6,12,6,0,1,1,0.006,0.000
4461,9,17,8,1,2,1,0.006,0.000
4462,5,10,5,0,1,1,0.006,0.000
4463,6,13,7,0,1,1,0.000,0.000
4464,3,7,4,0,0,0,0.000,0.000
4468,9,18,9,1,2,1,0.006,0.000
4469,10,19,9,1,3,2,0.006,0.000
4471,5,11,6,0,1,1,0.006,0.000
4472,6,13,7,0,1,1,0.006,0.000
4473,10,19,9,1,3,2,0.006,0.000
4474,8,15,7,1,2,1,0.006,0.000
4476,6,13,7,0,2,2,0.006,0.000
4478,2,5,3,0,0,0,0.000,0.000
4479,5,11,6,0,1,1,0.000,0.000
4485,2,5,3,0,0,0,0.000,0.000
4487,5,11,6,0,1,1,0.006,0.000
4489,10,18,8,1,2,1,0.006,0.000
4490,5,11,6,0,1,1,0.000,0.006
4491,6,13,7,0,1,1,0.000,0.006
4492,6,13,7,0,1,1,0.000,0.006
4493,7,14,7,0,1,1,0.006,0.000
4497,5,11,6,0,1,1,0.006,0.000
4530,4,10,6,0,1,1,0.000,0.000
4535,6,15,9,0,1,1,0.000,0.000
4537,1,4,3,0,0,0,0.000,0.000
4538,0,3,3,0,0,0,0.000,0.000
4539,1,4,3,0,0,0,0.000,0.000
4541,0,2,2,0,0,0,0.000,0.000
4543,3,10,7,0,0,0,0.000,0.000
4544,0,2,2,0,0,0,0.000,0.000
4547,0,1,1,0,0,0,0.000,0.000
4548,1,4,3,0,0,0,0.000,0.000
4551,1,3,2,0,0,0,0.000,0.000
4553,5,12,7,0,1,1,0.000,0.000
4554,0,2,2,0,0,0,0.000,0.000
4555,4,11,7,0,1,1,0.000,0.000
4556,3,9,6,0,0,0,0.000,0.000
4558,0,2,2,0,0,0,0.000,0.000
4562,1,5,4,0,0,0,0.000,0.000
4563,0,2,2,0,0,0,0.000,0.000
4564,0,2,2,0,0,0,0.000,0.000
4568,0,2,2,0,0,0,0.000,0.000
4571,2,6,4,0,0,0,0.000,0.000
4572,3,8,5,0,1,1,0.000,0.000
4573,1,5,4,0,0,0,0.000,0.000
4574,8,18,10,1,2,1,0.000,0.000
4575,0,3,3,0,0,0,0.000,0.000
4578,5,12,7,0,1,1,0.000,0.000
4579,4,12,8,0,1,1,0.000,0.000
4605,5,12,7,0,1,1,0.006,0.000
4606,0,1,1,0,0,0,0.000,0.006
4607,2,6,4,0,0,0,0.006,0.000
4609,3,7,4,0,0,0,0.006,0.000
4611,0,1,1,0,0,0,0.000,0.006
4612,2,6,4,0,0,0,0.006,0.000
4613,1,5,4,0,0,0,0.006,0.000
4614,6,13,7,0,1,1,0.006,0.000
4616,4,10,6,0,1,1,0.006,0.000
4617,7,14,7,1,2,1,0.006,0.000
4619,6,13,7,0,1,1,0.000,0.006
4622,5,10,5,0,1,1,0.000,0.006
4623,2,6,4,0,0,0,0.000,0.006
4624,1,3,2,0,0,0,0.006,0.000
4625,1,4,3,0,0,0,0.006,0.000
4626,0,1,1,0,0,0,0.000,0.006
4627,3,9,6,0,1,1,0.006,0.000
4628,3,7,4,0,1,1,0.000,0.006
4629,6,13,7,0,1,1,0.006,0.000
4630,2,6,4,0,0,0,0.000,0.006
4634,4,9,5,0,1,1,0.006,0.000
4635,2,6,4,0,0,0,0.006,0.000
4637,7,14,7,1,1,0,0.000,0.006
4640,3,8,5,0,1,1,0.006,0.000
4642,7,14,7,0,2,2,0.006,0.000
4643,1,3,2,0,0,0,0.000,0.006
4644,2,6,4,0,0,0,0.006,0.000
4645,1,3,2,0,0,0,0.000,0.000
4646,1,4,3,0,0,0,0.006,0.000
4648,1,2,1,0,0,0,0.000,0.006
4649,0,0,0,0,0,0,0.000,0.006
4650,5,12,7,0,1,1,0.006,0.000
4652,0,1,1,0,0,0,0.000,0.006
4653,2,5,3,0,0,0,0.006,0.000
4654,2,5,3,0,0,0,0.000,0.006
4655,1,2,1,0,0,0,0.000,0.006
4657,8,16,8,1,2,1,0.000,0.006
4658,1,4,3,0,0,0,0.000,0.006
4660,2,7,5,0,0,0,0.006,0.000
4662,1,5,4,0,0,0,0.006,0.000
4664,3,8,5,0,0,0,0.006,0.000
4666,3,8,5,0,1,1,0.000,0.006
4667,1,5,4,0,0,0,0.000,0.006
4668,9,16,7,1,2,1,0.000,0.006
4669,1,4,3,0,0,0,0.006,0.000
4671,3,8,5,0,1,1,0.000,0.006
4673,6,12,6,0,1,1,0.006,0.000
4674,3,8,5,0,0,0,0.006,0.000
4675,1,4,3,0,0,0,0.006,0.000
4676,6,12,6,0,1,1,0.006,0.000
4677,2,6,4,0,0,0,0.006,0.000
4679,2,5,3,0,0,0,0.006,0.000
4680,1,4,3,0,0,0,0.000,0.006
4681,3,8,5,0,1,1,0.006,0.000
4683,3,9,6,0,1,1,0.006,0.000
4684,5,12,7,0,1,1,0.006,0.000
4685,2,5,3,0,0,0,0.006,0.000
4686,8,15,7,1,2,1,0.000,0.006
4691,1,3,2,0,0,0,0.000,0.006
4693,2,5,3,0,0,0,0.006,0.000
4694,10,18,8,1,2,1,0.000,0.006
4730,6,12,6,0,1,1,0.006,0.000
4732,3,6,3,0,0,0,0.006,0.000
4733,5,10,5,0,1,1,0.006,0.000
4734,4,10,6,0,1,1,0.006,0.000
4735,5,10,5,0,1,1,0.006,0.000
4736,3,7,4,0,1,1,0.006,0.000
4739,3,6,3,0,0,0,0.006,0.000
4740,3,8,5,0,1,1,0.006,0.000
4741,2,5,3,0,0,0,,
4742,3,7,4,0,1,1,0.006,0.000
4743,2,5,3,0,0,0,0.006,0.000
4747,5,10,5,0,1,1,0.006,0.000
4750,2,6,4,0,0,0,0.006,0.000
4756,2,4,2,0,0,0,0.006,0.000
4757,4,9,5,0,1,1,0.006,0.000
4758,5,10,5,0,1,1,0.006,0.000
4760,3,7,4,0,1,1,0.006,0.000
4762,3,6,3,0,0,0,0.006,0.000
4764,3,7,4,0,0,0,0.006,0.000
4765,3,8,5,0,1,1,0.006,0.000
4766,3,6,3,0,0,0,0.006,0.000
4768,2,5,3,0,0,0,0.006,0.000
4769,4,10,6,0,1,1,0.006,0.000
4772,2,5,3,0,0,0,0.006,0.000
4773,2,5,3,0,0,0,0.006,0.000
4774,2,5,3,0,0,0,0.006,0.000
4776,5,10,5,0,1,1,0.006,0.000
4777,5,10,5,0,1,1,0.006,0.000
4779,2,6,4,0,0,0,0.006,0.000
4780,3,8,5,0,1,1,0.006,0.000
4783,3,6,3,0,0,0,0.006,0.000
4785,2,6,4,0,1,1,0.006,0.000
4786,4,8,4,0,1,1,0.006,0.000
4787,4,9,5,0,1,1,0.006,0.000
4841,1,5,4,0,0,0,0.000,0.000
4843,3,9,6,0,1,1,0.000,0.000
4847,5,11,6,0,1,1,0.000,0.000
4848,6,13,7,0,1,1,0.000,0.006
4849,5,12,7,0,1,1,0.000,0.006
4851,0,1,1,0,0,0,0.000,0.000
4852,1,3,2,0,0,0,0.000,0.000
4854,1,4,3,0,0,0,0.000,0.000
4855,0,0,0,0,0,0,0.000,0.000
4856,3,8,5,0,1,1,0.000,0.000
4858,1,3,2,0,0,0,0.000,0.000
4859,0,1,1,0,0,0,0.000,0.000
4860,0,1,1,0,0,0,0.000,0.000
4861,1,5,4,0,0,0,0.000,0.000
4862,6,14,8,0,2,2,0.000,0.000
4863,1,3,2,0,0,0,0.000,0.000
4864,3,8,5,0,1,1,0.000,0.000
4901,13,23,10,1,4,3,0.000,0.000
4910,9,19,10,1,2,1,0.000,0.000
4911,7,15,8,0,2,2,0.000,0.000
4912,2,6,4,0,0,0,0.000,0.000
4915,8,17,9,1,2,1,0.000,0.006
4920,5,11,6,0,1,1,0.000,0.000
4921,8,16,8,1,2,1,0.000,0.006
4924,9,18,9,1,2,1,0.000,0.000
4925,1,2,1,0,0,0,0.000,0.000
4926,10,20,10,1,3,2,0.000,0.000
4930,6,13,7,0,1,1,0.006,0.000
4936,2,4,2,0,0,0,0.000,0.000
4937,12,23,11,1,3,2,0.000,0.000
4938,7,15,8,0,2,2,0.000,0.000
4940,9,17,8,1,2,1,0.000,0.000
4941,10,19,9,1,3,2,0.000,0.006
4942,3,7,4,0,0,0,0.000,0.000
4944,12,22,10,1,3,2,0.000,0.000
4945,1,4,3,0,0,0,0.000,0.000
4947,2,6,4,0,0,0,0.000,0.000
4949,9,19,10,1,3,2,0.000,0.006
4950,7,15,8,0,2,2,0.000,0.000
4951,8,16,8,1,2,1,0.000,0.006
4952,8,17,9,1,2,1,0.000,0.006
4955,7,15,8,0,1,1,0.000,0.000
4956,4,9,5,0,1,1,0.000,0.000
4957,8,16,8,0,2,2,0.000,0.000
4958,7,15,8,0,1,1,0.000,0.000
4961,4,8,4,0,1,1,0.000,0.000
4962,12,22,10,1,3,2,0.000,0.000
4963,11,21,10,1,3,2,0.000,0.000
4964,2,5,3,0,0,0,0.000,0.000
4966,3,8,5,0,1,1,0.000,0.000
4970,1,4,3,0,0,0,0.000,0.000
4973,7,15,8,1,2,1,0.000,0.006
4974,8,16,8,1,2,1,0.000,0.006
4975,13,23,10,1,3,2,0.000,0.000
4976,8,17,9,0,2,2,0.000,0.000
4979,4,10,6,0,1,1,0.000,0.000
4981,7,15,8,1,2,1,0.000,0.006
4982,1,4,3,0,0,0,0.000,0.000
4983,4,10,6,0,1,1,0.000,0.000
4985,2,6,4,0,0,0,0.000,0.000
4986,9,18,9,1,3,2,0.000,0.006
4987,9,18,9,1,2,1,0.000,0.006
4988,10,19,9,1,2,1,0.000,0.006
4989,11,21,10,1,3,2,0.000,0.000
4992,8,17,9,0,2,2,0.000,0.000
5001,15,26,11,1,4,3,0.006,0.006
5031,5,12,7,0,1,1,0.006,0.006
5032,7,15,8,0,1,1,0.006,0.006
5033,11,21,10,1,3,2,0.000,0.006
5034,4,10,6,0,1,1,0.006,0.006
5035,4,11,7,0,1,1,0.006,0.006
5036,5,11,6,0,1,1,0.000,0.006
5037,8,16,8,0,1,1,0.006,0.006
5038,5,11,6,0,1,1,0.000,0.006
5039,6,13,7,0,1,1,0.000,0.006
5040,8,16,8,0,2,2,0.000,0.006
5041,6,13,7,0,1,1,0.000,0.006
5042,9,18,9,1,2,1,0.000,0.000
5043,15,26,11,1,4,3,0.000,0.006
5045,11,21,10,1,3,2,0.000,0.006
5046,6,13,7,0,1,1,0.000,0.000
5048,13,24,11,1,3,2,0.006,0.006
5050,10,20,10,1,2,1,0.000,0.000
5051,9,19,10,1,2,1,0.000,0.006
5052,14,26,12,1,4,3,0.006,0.006
5053,6,14,8,0,1,1,0.006,0.006
5055,15,26,11,1,4,3,0.006,0.006
5056,5,12,7,0,1,1,0.006,0.006
5058,9,17,8,1,2,1,0.000,0.006
5059,12,22,10,1,3,2,0.006,0.006
5060,8,16,8,0,2,2,0.000,0.006
5061,7,15,8,0,1,1,0.000,0.006
5062,9,18,9,1,2,1,0.006,0.006
5065,8,17,9,1,2,1,0.006,0.006
5067,8,17,9,1,2,1,0.006,0.006
5068,9,18,9,1,2,1,0.006,0.006
5069,8,16,8,0,2,2,0.000,0.000
5070,7,15,8,0,1,1,0.000,0.006
5071,6,13,7,0,1,1,0.006,0.006
5072,5,12,7,0,1,1,0.000,0.006
5075,12,22,10,1,3,2,0.000,0.006
5076,5,11,6,0,1,1,0.000,0.006
5077,6,14,8,0,1,1,0.000,0.006
5079,5,11,6,0,1,1,0.000,0.006
5081,11,21,10,1,3,2,0.000,0.006
5083,10,19,9,1,2,1,0.000,0.006
5084,12,22,10,1,3,2,0.006,0.006
5086,5,11,6,0,1,1,0.000,0.006
5089,14,26,12,1,4,3,0.006,0.006
5091,8,16,8,0,1,1,0.006,0.006
5101,16,28,12,1,5,4,0.006,0.000
5141,11,21,10,1,2,1,0.006,0.000
5142,10,20,10,1,2,1,0.006,0.006
5143,9,19,10,1,2,1,0.006,0.006
5146,7,15,8,0,1,1,0.006,0.000
5148,3,8,5,0,0,0,0.006,0.000
5149,5,12,7,0,1,1,0.006,0.006
5150,15,27,12,1,4,3,0.006,0.006
5151,14,25,11,1,4,3,0.006,0.006
5152,3,8,5,0,0,0,0.006,0.000
5153,8,17,9,0,2,2,0.006,0.006
5154,12,22,10,1,3,2,0.006,0.000
5155,3,8,5,0,0,0,0.006,0.000
5156,14,26,12,1,4,3,0.006,0.006
5158,17,30,13,2,5,3,0.006,0.000
5161,3,8,5,0,0,0,0.006,0.006
5201,9,18,9,1,2,1,0.006,0.000
5250,7,16,9,0,2,2,0.006,0.000
5251,5,13,8,0,1,1,0.006,0.000
5252,3,8,5,0,0,0,0.006,0.000
5253,3,8,5,0,0,0,0.006,0.000
5254,8,17,9,0,2,2,0.006,0.000
5255,5,11,6,0,1,1,0.006,0.000
5257,14,25,11,1,4,3,0.006,0.000
5260,10,21,11,1,2,1,0.006,0.000
5261,8,16,8,0,2,2,0.006,0.000
5262,9,18,9,1,2,1,0.006,0.000
5301,15,26,11,1,4,3,0.006,0.000
5340,2,6,4,0,0,0,0.006,0.000
5341,4,10,6,0,1,1,0.006,0.000
5342,5,12,7,0,1,1,0.006,0.000
5343,5,12,7,0,1,1,0.006,0.000
5345,9,18,9,0,2,2,0.006,0.000
5346,15,26,11,1,4,3,0.006,0.000
5350,3,9,6,0,1,1,0.006,0.000
5352,4,10,6,0,1,1,0.006,0.000
5353,8,17,9,0,2,2,0.006,0.000
5354,19,33,14,2,6,4,0.006,0.000
5355,3,8,5,0,0,0,0.006,0.000
5356,2,5,3,0,0,0,0.006,0.000
5358,8,17,9,0,2,2,0.006,0.000
5359,3,8,5,0,0,0,0.006,0.000
5360,2,5,3,0,0,0,0.006,0.000
5361,3,9,6,0,0,0,0.006,0.000
5362,10,20,10,1,2,1,0.006,0.000
5363,2,7,5,0,0,0,0.006,0.000
5401,14,26,12,1,4,3,0.000,0.006
5403,14,25,11,1,4,3,0.000,0.006
5404,15,26,11,1,4,3,0.000,0.006
5405,14,26,12,1,4,3,0.000,0.006
5408,16,28,12,2,5,3,0.000,0.006
5439,15,27,12,1,4,3,0.000,0.006
5440,13,23,10,1,4,3,0.000,0.011
5441,5,11,6,0,1,1,0.000,0.011
5442,2,7,5,0,0,0,0.000,0.000
5443,4,11,7,0,1,1,0.017,0.011
5444,8,16,8,1,2,1,0.000,0.000
5445,14,25,11,1,4,3,0.000,0.006
5446,15,27,12,1,4,3,0.000,0.006
5447,6,12,6,0,1,1,0.000,0.011
5448,8,16,8,1,2,1,0.000,0.011
5450,9,17,8,1,2,1,0.000,0.011
5452,13,24,11,1,3,2,0.000,0.006
5454,10,19,9,1,2,1,0.000,0.011
5455,8,17,9,1,2,1,0.000,0.011
5456,15,27,12,1,4,3,0.017,0.011
5457,10,20,10,1,3,2,0.000,0.011
5458,15,27,12,1,5,4,0.000,0.011
5459,11,21,10,1,3,2,0.000,0.011
5461,9,18,9,1,2,1,0.000,0.006
5462,4,10,6,0,1,1,0.000,0.006
5463,14,26,12,1,4,3,0.000,0.011
5464,6,12,6,0,1,1,0.000,0.000
5465,7,15,8,0,2,2,0.000,0.006
5468,12,22,10,1,3,2,0.000,0.006
5471,3,7,4,0,0,0,0.000,0.011
5472,14,26,12,1,4,3,0.017,0.011
5473,11,22,11,1,3,2,0.017,0.011
5474,14,26,12,1,4,3,0.000,0.011
5476,6,12,6,0,1,1,0.000,0.011
5477,7,14,7,0,1,1,0.000,0.006
5478,9,17,8,1,2,1,0.000,0.011
5481,13,24,11,1,3,2,0.000,0.011
5482,14,26,12,1,4,3,0.000,0.006
5483,10,19,9,1,2,1,0.000,0.011
5485,11,21,10,1,3,2,0.000,0.011
5486,16,28,12,2,5,3,0.000,0.011
5487,3,8,5,0,1,1,0.017,0.011
5488,12,22,10,1,3,2,0.000,0.011
5489,5,11,6,0,1,1,0.000,0.006
5491,17,29,12,2,5,3,0.017,0.011
5492,5,11,6,0,1,1,0.000,0.000
5494,8,17,9,1,2,1,0.000,0.006
5495,11,20,9,1,3,2,0.000,0.006
5602,8,17,9,1,2,1,0.000,0.000
5640,7,15,8,0,1,1,0.000,0.000
5641,6,13,7,0,1,1,0.000,0.000
5647,3,9,6,0,1,1,0.000,0.000
5648,6,14,8,0,1,1,0.000,0.000
5649,3,9,6,0,1,1,0.000,0.000
5650,6,14,8,0,1,1,0.000,0.000
5651,8,17,9,0,2,2,0.000,0.000
5652,3,9,6,0,1,1,0.000,0.000
5653,2,7,5,0,0,0,0.000,0.000
5654,3,9,6,0,1,1,0.000,0.000
5655,7,15,8,0,2,2,0.000,0.000
5656,7,16,9,0,2,2,0.000,0.000
5657,4,10,6,0,1,1,0.000,0.000
5658,5,12,7,0,1,1,0.000,0.000
5660,5,12,7,0,1,1,0.000,0.000
5661,6,14,8,0,1,1,0.000,0.000
5663,4,11,7,0,1,1,0.000,0.000
5664,5,12,7,0,1,1,0.000,0.000
5667,5,12,7,0,1,1,0.000,0.000
5669,3,8,5,0,0,0,0.000,0.000
5672,5,11,6,0,1,1,0.000,0.000
5673,4,10,6,0,1,1,0.000,0.000
5674,2,7,5,0,0,0,0.000,0.000
5675,2,7,5,0,0,0,0.000,0.006
5676,7,16,9,0,2,2,0.000,0.000
5677,5,11,6,0,1,1,0.000,0.000
5678,5,12,7,0,1,1,0.000,0.000
5679,4,10,6,0,1,1,0.000,0.006
5680,5,12,7,0,1,1,0.000,0.000
5681,4,10,6,0,1,1,0.000,0.000
5682,5,12,7,0,1,1,0.000,0.000
5701,10,19,9,1,2,1,0.011,0.022
5730,1,5,4,0,0,0,0.011,0.022
5732,15,26,11,1,4,3,0.011,0.022
5733,12,23,11,1,3,2,0.011,0.022
5734,20,34,14,2,7,5,0.017,0.011
5735,12,23,11,1,3,2,0.011,0.022
5736,13,25,12,1,3,2,0.011,0.022
5737,3,7,4,0,0,0,0.011,0.022
5738,2,7,5,0,0,0,0.011,0.022
5739,3,9,6,0,0,0,0.011,0.022
5740,18,31,13,2,5,3,0.017,0.011
5742,2,6,4,0,0,0,0.011,0.022
5743,18,32,14,2,6,4,0.011,0.022
5744,13,24,11,1,3,2,0.011,0.022
5747,2,6,4,0,0,0,0.017,0.011
5748,3,8,5,0,0,0,0.017,0.011
5751,1,4,3,0,0,0,0.011,0.022
5753,16,29,13,2,5,3,0.017,0.011
5757,4,9,5,0,0,0,0.011,0.022
5758,2,7,5,0,0,0,0.011,0.022
5759,7,15,8,0,1,1,0.011,0.022
5760,17,30,13,2,5,3,0.017,0.011
5761,5,12,7,0,1,1,0.011,0.022
5762,3,9,6,0,0,0,0.011,0.022
5763,11,21,10,1,3,2,0.011,0.022
5764,12,23,11,1,3,2,0.011,0.022
5765,12,23,11,1,3,2,0.011,0.022
5766,2,7,5,0,0,0,0.017,0.011
5767,3,8,5,0,0,0,0.006,0.006
5769,13,24,11,1,4,3,0.017,0.011
5770,20,33,13,2,7,5,0.017,0.011
5772,4,10,6,0,1,1,0.006,0.006
5773,5,13,8,0,1,1,0.011,0.022
5774,8,17,9,0,2,2,0.011,0.022
5775,11,21,10,1,2,1,0.011,0.022
5776,6,13,7,0,1,1,0.006,0.000
5777,9,18,9,1,2,1,0.011,0.022
5778,18,31,13,2,6,4,0.017,0.011
5819,8,17,9,0,2,2,0.000,0.000
5820,4,10,6,0,1,1,0.000,0.000
5821,7,15,8,0,1,1,0.000,0.000
5822,4,9,5,0,1,1,0.000,0.000
5824,6,14,8,0,1,1,0.000,0.000
5825,7,15,8,0,1,1,0.000,0.000
5826,4,11,7,0,1,1,0.000,0.000
5827,5,11,6,0,1,1,0.000,0.000
5828,6,14,8,0,1,1,0.000,0.000
5829,4,10,6,0,1,1,0.000,0.000
5830,3,8,5,0,0,0,0.000,0.000
5832,3,9,6,0,1,1,0.000,0.000
5833,2,6,4,0,0,0,0.000,0.000
5836,3,8,5,0,0,0,0.000,0.000
5837,2,6,4,0,0,0,0.000,0.000
5839,3,8,5,0,0,0,0.000,0.000
5841,4,9,5,0,1,1,0.000,0.000
5842,2,6,4,0,0,0,0.000,0.000
5843,6,13,7,0,1,1,0.000,0.000
5845,5,11,6,0,1,1,0.000,0.000
5846,3,7,4,0,0,0,0.000,0.000
5847,3,7,4,0,0,0,0.000,0.000
5850,8,17,9,0,2,2,0.000,0.000
5851,7,15,8,0,1,1,0.000,0.000
5853,2,6,4,0,0,0,0.000,0.000
5855,7,16,9,0,1,1,0.000,0.000
5857,6,14,8,0,1,1,0.000,0.000
5858,4,10,6,0,1,1,0.000,0.000
5859,5,10,5,0,1,1,0.000,0.000
5860,4,10,6,0,1,1,0.000,0.000
5862,5,12,7,0,1,1,0.000,0.000
5866,4,9,5,0,1,1,0.000,0.000
5867,5,12,7,0,1,1,0.000,0.000
5868,5,11,6,0,1,1,0.000,0.000
5871,5,11,6,0,1,1,0.000,0.000
5872,3,8,5,0,0,0,0.000,0.000
5873,3,8,5,0,1,1,0.000,0.000
5874,4,11,7,0,1,1,0.000,0.000
5875,3,7,4,0,0,0,0.000,0.000
5901,1,3,2,0,0,0,0.000,0.000
5902,3,7,4,0,0,0,0.000,0.000
5903,3,8,4,0,0,0,0.000,0.000
5904,6,13,7,0,1,1,0.000,0.000
5905,6,14,8,0,1,1,0.000,0.000
5906,7,16,9,0,1,1,0.000,0.000
5907,1,4,3,0,0,0,0.000,0.000
6001,24,39,15,3,9,6,0.006,0.067
6002,27,43,16,4,11,7,0.006,0.067
6010,22,36,14,3,8,5,0.006,0.067
6013,23,38,15,3,9,6,0.006,0.067
6016,25,40,15,3,9,6,0.006,0.067
6018,15,26,11,1,4,3,0.006,0.044
6019,21,35,14,2,7,5,0.006,0.067
6020,21,36,15,2,8,6,0.006,0.067
6021,9,18,9,1,2,1,0.006,0.044
6022,19,33,14,2,6,4,0.006,0.067
6023,28,45,17,5,12,7,0.006,0.067
6024,8,16,8,0,2,2,0.006,0.044
6026,27,44,17,4,11,7,0.006,0.067
6027,17,30,13,2,5,3,0.006,0.067
6029,18,30,12,2,5,3,0.006,0.011
6031,15,27,12,1,4,3,0.006,0.044
6032,24,40,16,3,9,6,0.006,0.067
6033,21,35,14,2,7,5,0.006,0.067
6035,26,42,16,4,10,6,0.006,0.067
6037,28,44,16,5,12,7,0.006,0.067
6039,18,31,13,2,5,3,0.006,0.044
6040,19,32,13,2,6,4,0.006,0.067
6042,20,34,14,2,7,5,0.006,0.067
6043,15,27,12,1,4,3,0.006,0.011
6051,27,43,16,4,11,7,0.006,0.067
6052,26,42,16,4,10,6,0.006,0.067
6053,26,42,16,4,10,6,0.006,0.067
6057,15,26,11,1,4,3,0.006,0.044
6058,7,16,9,0,2,2,0.006,0.044
6059,13,23,10,1,3,2,0.006,0.044
6060,22,36,14,3,7,4,0.006,0.067
6061,18,31,13,2,6,4,0.006,0.044
6062,24,39,15,3,9,6,0.006,0.067
6063,15,27,12,1,4,3,0.006,0.044
6065,15,27,12,1,4,3,0.006,0.067
6066,16,29,13,1,5,4,0.006,0.011
6067,26,42,16,4,10,6,0.006,0.067
6068,17,30,13,2,5,3,0.006,0.044
6069,16,28,12,2,5,3,0.006,0.044
6070,25,40,15,3,9,6,0.006,0.067
6071,20,33,13,2,6,4,0.006,0.011
6073,22,37,15,3,8,5,0.006,0.067
6074,24,39,15,3,9,6,0.006,0.067
6076,13,24,11,1,3,2,0.006,0.011
6078,29,45,16,5,12,7,0.006,0.067
6081,27,43,16,4,11,7,0.006,0.067
6082,28,44,16,4,11,7,0.006,0.067
6084,14,25,11,1,4,3,0.006,0.011
6085,25,40,15,4,9,5,0.006,0.067
6088,29,46,17,5,12,7,0.006,0.067
6089,23,38,15,3,8,5,0.006,0.067
6090,22,36,14,3,7,4,0.006,0.067
6092,24,39,15,3,9,6,0.006,0.067
6093,26,42,16,4,10,6,0.006,0.067
6095,29,45,16,5,12,7,0.006,0.067
6096,30,46,16,5,12,7,0.006,0.067
6098,12,23,11,1,3,2,0.006,0.044
6103,26,42,16,4,10,6,0.006,0.067
6105,26,41,15,4,10,6,0.006,0.067
6106,25,41,16,4,10,6,0.006,0.067
6107,25,41,16,4,10,6,0.006,0.067
6108,26,42,16,4,10,6,0.006,0.067
6109,25,41,16,4,10,6,0.006,0.067
6110,25,41,16,4,10,6,0.006,0.067
6111,25,41,16,4,10,6,0.006,0.067
6112,27,43,16,4,11,7,0.006,0.067
6114,26,41,15,4,10,6,0.006,0.067
6117,26,42,16,4,10,6,0.006,0.067
6118,24,40,16,3,9,6,0.006,0.067
6119,26,41,15,4,10,6,0.006,0.067
6120,28,44,16,4,11,7,0.006,0.067
6160,25,41,16,4,10,6,0.006,0.067
6226,21,35,14,3,8,5,0.006,0.061
6231,19,33,14,2,7,5,0.006,0.011
6232,16,28,12,1,5,4,0.006,0.011
6234,21,35,14,3,8,5,0.006,0.061
6235,17,30,13,2,6,4,0.006,0.061
6237,17,30,13,2,6,4,0.006,0.011
6238,16,29,13,1,5,4,0.006,0.011
6239,18,31,13,2,7,5,0.006,0.061
6241,18,31,13,2,7,5,0.006,0.061
6242,15,27,12,1,5,4,0.006,0.061
6243,15,26,11,2,5,3,0.006,0.061
6247,18,31,13,2,6,4,0.006,0.061
6248,18,31,13,2,6,4,0.006,0.011
6249,20,34,14,2,7,5,0.006,0.072
6250,20,34,14,2,7,5,0.006,0.011
6254,23,38,15,3,9,6,0.006,0.072
6255,19,31,12,2,6,4,0.006,0.061
6256,20,34,14,2,7,5,0.006,0.061
6259,18,31,13,2,6,4,0.006,0.061
6260,20,33,13,2,7,5,0.006,0.061
6262,19,32,13,2,6,4,0.006,0.061
6263,22,36,14,3,9,6,0.006,0.061
6264,20,34,14,3,8,5,0.006,0.061
6266,23,37,14,3,9,6,0.006,0.061
6268,17,30,13,2,6,4,0.006,0.011
6269,16,29,13,1,5,4,0.006,0.011
6277,18,30,12,2,6,4,0.006,0.061
6278,15,27,12,1,5,4,0.006,0.061
6279,15,27,12,1,4,3,0.006,0.011
6280,22,36,14,3,8,5,0.006,0.061
6281,17,29,12,2,5,3,0.006,0.061
6282,15,27,12,1,4,3,0.006,0.061
6320,16,30,14,2,6,4,0.006,0.072
6330,23,38,15,4,9,5,0.006,0.072
6331,21,35,14,3,8,5,0.006,0.061
6332,20,33,13,3,8,5,0.006,0.061
6333,19,34,15,2,8,6,0.006,0.072
6334,22,37,15,3,9,6,0.006,0.072
6335,18,32,14,3,8,5,0.006,0.072
6336,22,37,15,3,9,6,0.006,0.072
6339,17,30,13,2,7,5,0.006,0.072
6340,14,28,14,2,5,3,0.006,0.072
6350,23,38,15,4,10,6,0.006,0.072
6351,23,37,14,4,10,6,0.006,0.072
6353,21,36,15,3,9,6,0.006,0.072
6354,17,29,12,2,7,5,0.006,0.061
6355,12,24,12,1,3,2,0.006,0.072
6357,18,32,14,2,7,5,0.006,0.072
6359,17,30,13,2,6,4,0.006,0.072
6360,25,41,16,4,11,7,0.006,0.072
6365,23,38,15,4,9,5,0.006,0.072
6370,20,34,14,3,7,4,0.006,0.072
6371,18,33,15,2,6,4,0.006,0.072
6373,17,30,13,2,7,5,0.006,0.061
6374,19,32,13,3,7,4,0.006,0.061
6375,18,32,14,3,7,4,0.006,0.072
6376,18,33,15,2,7,5,0.006,0.072
6377,17,29,12,2,6,4,0.006,0.061
6378,11,23,12,1,3,2,0.006,0.072
6379,9,21,12,0,2,2,0.006,0.072
6380,25,41,16,4,11,7,0.006,0.072
6382,21,36,15,3,9,6,0.006,0.072
6384,18,31,13,3,7,4,0.006,0.072
6385,17,31,14,2,7,5,0.006,0.072
6387,21,35,14,3,8,5,0.006,0.061
6389,25,41,16,4,11,7,0.006,0.072
6390,9,20,11,0,2,2,0.006,0.100
6401,26,42,16,5,11,6,0.000,0.067
6403,23,38,15,3,9,6,0.000,0.067
6405,20,36,16,2,6,4,0.000,0.067
6409,16,31,15,1,4,3,0.000,0.050
6410,26,43,17,5,11,6,0.000,0.067
6412,19,34,15,2,7,5,0.000,0.050
6413,15,29,14,1,3,2,0.000,0.050
6414,21,35,14,3,8,5,0.000,0.050
6415,19,32,13,2,7,5,0.006,0.072
6416,29,46,17,5,12,7,0.000,0.050
6417,16,30,14,1,4,3,0.000,0.050
6418,26,42,16,5,11,6,0.000,0.067
6419,15,29,14,1,3,2,0.000,0.050
6420,19,34,15,2,7,5,0.006,0.072
6422,19,33,14,2,6,4,0.000,0.050
6423,19,33,14,2,7,5,0.000,0.050
6424,20,34,14,2,7,5,0.000,0.050
6426,17,31,14,1,4,3,0.000,0.050
6437,18,33,15,1,4,3,0.000,0.067
6438,19,33,14,2,7,5,0.000,0.050
6441,17,30,13,2,5,3,0.000,0.050
6442,16,30,14,1,4,3,0.000,0.050
6443,16,30,14,1,3,2,0.000,0.067
6444,27,43,16,5,11,6,0.006,0.067
6447,20,34,14,2,7,5,0.006,0.067
6450,26,42,16,5,11,6,0.000,0.067
6451,29,45,16,6,13,7,0.000,0.067
6455,24,39,15,3,9,6,0.000,0.050
6456,20,34,14,2,7,5,0.000,0.050
6457,26,42,16,5,11,6,0.000,0.050
6460,23,38,15,4,9,5,0.000,0.067
6461,24,39,15,4,11,7,0.000,0.067
6467,28,45,17,5,12,7,0.006,0.067
6468,25,41,16,4,11,7,0.006,0.083
6469,18,31,13,2,6,4,0.000,0.050
6470,28,44,16,5,12,7,0.006,0.083
6471,20,36,16,2,6,4,0.000,0.067
6472,21,36,15,2,7,5,0.000,0.067
6473,25,42,17,3,9,6,0.000,0.067
6475,16,31,15,1,4,3,0.000,0.050
6477,26,42,16,5,11,6,0.000,0.067
6478,24,40,16,4,10,6,0.000,0.067
6479,28,44,16,5,12,7,0.006,0.067
6480,26,42,16,5,11,6,0.000,0.050
6481,28,44,16,5,12,7,0.000,0.050
6482,28,44,16,5,12,7,0.006,0.083
6483,25,40,15,4,10,6,0.000,0.067
6484,26,41,15,5,11,6,0.006,0.083
6488,26,42,16,5,11,6,0.000,0.067
6489,26,42,16,4,11,7,0.006,0.067
6492,25,41,16,4,10,6,0.000,0.067
6498,16,30,14,1,4,3,0.000,0.050
6510,29,46,17,7,14,7,0.000,0.067
6511,28,45,17,6,14,8,0.000,0.067
6512,24,40,16,3,9,6,0.000,0.067
6513,26,42,16,4,11,7,0.000,0.067
6514,28,45,17,6,13,7,0.000,0.067
6515,27,44,17,6,13,7,0.000,0.067
6516,26,42,16,5,11,6,0.000,0.067
6517,28,45,17,6,13,7,0.000,0.067
6518,28,44,16,5,12,7,0.000,0.067
6519,29,45,16,6,14,8,0.000,0.067
6524,22,37,15,3,9,6,0.000,0.067
6525,25,41,16,5,11,6,0.000,0.067
6604,23,38,15,4,9,5,0.006,0.083
6605,23,38,15,4,10,6,0.006,0.083
6606,22,38,16,4,9,5,0.006,0.083
6607,22,37,15,4,9,5,0.006,0.083
6608,22,37,15,4,9,5,0.006,0.083
6610,22,37,15,4,9,5,0.006,0.083
6611,24,40,16,4,10,6,0.006,0.083
6612,26,42,16,5,11,6,0.006,0.083
6614,22,37,15,4,9,5,0.006,0.083
6615,22,36,14,4,9,5,0.006,0.083
6702,23,37,14,3,9,6,0.000,0.067
6704,22,36,14,3,8,5,0.000,0.067
6705,21,35,14,3,8,5,0.000,0.067
6706,22,37,15,3,9,6,0.000,0.067
6708,23,38,15,3,9,6,0.000,0.067
6710,22,37,15,3,8,5,0.000,0.067
6712,21,36,15,3,8,5,0.000,0.067
6716,20,34,14,3,7,4,0.000,0.067
6750,13,25,12,1,4,3,0.006,0.044
6751,17,30,13,2,6,4,0.006,0.044
6752,24,39,15,4,9,5,0.006,0.044
6754,12,23,11,1,4,3,0.006,0.044
6755,23,38,15,3,9,6,0.006,0.044
6756,9,18,9,1,2,1,0.006,0.044
6757,18,31,13,2,6,4,0.006,0.044
6758,14,26,12,1,4,3,0.006,0.044
6759,13,24,11,1,4,3,0.006,0.044
6762,22,36,14,3,8,5,0.000,0.067
6763,15,26,11,1,4,3,0.006,0.044
6770,22,36,14,3,9,6,0.000,0.067
6776,24,39,15,4,9,5,0.006,0.044
6777,16,29,13,2,5,3,0.006,0.044
6778,18,31,13,2,6,4,0.006,0.044
6779,23,37,14,3,9,6,0.006,0.044
6782,18,31,13,2,6,4,0.006,0.044
6783,22,37,15,3,8,5,0.006,0.044
6784,23,38,15,3,9,6,0.006,0.083
6785,19,33,14,2,7,5,0.006,0.044
6786,16,29,13,2,5,3,0.006,0.044
6787,20,34,14,2,7,5,0.006,0.044
6790,14,25,11,1,4,3,0.006,0.044
6791,17,30,13,2,5,3,0.006,0.044
6793,17,30,13,2,5,3,0.006,0.044
6794,17,30,13,2,6,4,0.006,0.044
6795,20,34,14,2,7,5,0.006,0.044
6796,13,23,10,1,3,2,0.006,0.044
6798,22,37,15,3,8,5,0.006,0.044
6801,29,46,17,6,13,7,0.006,0.083
6804,29,45,16,5,12,7,0.006,0.083
6807,29,46,17,5,12,7,0.006,0.083
6810,30,46,16,6,13,7,0.006,0.083
6811,29,45,16,5,12,7,0.006,0.083
6812,25,40,15,4,10,6,0.006,0.083
6820,29,45,16,6,13,7,0.006,0.083
6824,24,40,16,4,11,7,0.006,0.083
6825,23,38,15,4,10,6,0.006,0.083
6830,28,45,17,5,12,7,0.006,0.083
6831,28,44,16,5,11,6,0.006,0.083
6840,32,49,17,6,14,8,0.006,0.083
6850,29,46,17,6,13,7,0.006,0.083
6851,29,46,17,6,13,7,0.006,0.083
6853,28,44,16,5,12,7,0.006,0.083
6854,28,45,17,5,13,8,0.006,0.083
6855,28,44,16,5,12,7,0.006,0.083
6870,28,45,17,5,12,7,0.006,0.083
6877,27,43,16,5,11,6,0.006,0.083
6878,28,45,17,5,12,7,0.006,0.083
6880,27,43,16,5,12,7,0.006,0.083
6883,29,46,17,6,13,7,0.006,0.083
6890,25,41,16,5,11,6,0.006,0.083
6896,28,45,17,5,12,7,0.006,0.083
6897,30,47,17,6,13,7,0.006,0.083
6901,29,45,16,5,12,7,0.006,0.083
6902,29,46,17,5,12,7,0.006,0.083
6903,33,50,17,7,14,7,0.006,0.083
6905,30,47,17,6,13,7,0.006,0.083
6906,30,47,17,6,13,7,0.006,0.083
6907,31,48,17,6,14,8,0.006,0.083
7001,37,55,18,8,16,8,0.011,0.128
7002,33,50,17,6,14,8,0.011,0.078
7003,36,54,18,8,16,8,0.017,0.100
7004,32,49,17,6,13,7,0.017,0.100
7005,30,46,16,5,11,6,0.017,0.094
7006,31,47,16,6,13,7,0.017,0.100
7008,33,51,18,6,13,7,0.011,0.128
7009,32,49,17,6,14,8,0.017,0.100
7010,31,48,17,6,13,7,0.022,0.067
7011,37,54,17,8,16,8,0.017,0.056
7012,36,54,18,8,16,8,0.017,0.056
7013,36,54,18,8,16,8,0.017,0.056
7014,35,53,18,8,16,8,0.017,0.056
7016,42,60,18,10,19,9,0.017,0.144
7017,36,54,18,8,16,8,0.017,0.100
7018,36,54,18,8,16,8,0.017,0.100
7020,32,49,17,6,14,8,0.022,0.067
7021,31,47,16,6,12,6,0.017,0.100
7022,31,48,17,6,14,8,0.022,0.067
7023,43,61,18,11,20,9,0.017,0.144
7024,32,48,16,6,13,7,0.022,0.067
7026,36,53,17,8,16,8,0.022,0.067
7027,43,61,18,11,20,9,0.017,0.144
7028,37,54,17,8,16,8,0.017,0.100
7029,35,53,18,7,15,8,0.011,0.078
7030,30,47,17,5,12,7,0.011,0.078
7031,34,52,18,7,15,8,0.022,0.067
7032,34,52,18,7,15,8,0.011,0.078
7033,42,60,18,10,19,9,0.017,0.144
7034,34,51,17,7,15,8,0.017,0.094
7035,33,50,17,6,14,8,0.017,0.094
7036,37,55,18,8,16,8,0.017,0.144
7039,35,52,17,7,15,8,0.017,0.100
7040,39,57,18,9,18,9,0.017,0.100
7041,42,60,18,10,19,9,0.017,0.100
7042,36,54,18,8,16,8,0.017,0.100
7043,35,53,18,7,15,8,0.017,0.100
7044,32,49,17,6,13,7,0.017,0.100
7045,33,49,16,6,13,7,0.017,0.094
7046,32,49,17,6,13,7,0.017,0.094
7047,31,48,17,6,13,7,0.011,0.078
7050,37,55,18,8,16,8,0.017,0.100
7052,36,53,17,8,16,8,0.017,0.100
7054,34,51,17,7,14,7,0.017,0.094
7055,36,53,17,8,16,8,0.017,0.056
7057,35,53,18,7,15,8,0.022,0.067
7058,35,52,17,7,15,8,0.017,0.094
7059,38,56,18,9,17,8,0.022,0.144
7060,44,61,17,11,20,9,0.017,0.144
7062,44,62,18,11,21,10,0.017,0.144
7063,43,61,18,11,20,9,0.017,0.144
7064,33,50,17,6,13,7,0.011,0.128
7065,38,56,18,9,17,8,0.017,0.144
7066,41,59,18,10,19,9,0.017,0.144
7067,39,57,18,9,18,9,0.011,0.128
7068,32,49,17,6,13,7,0.017,0.100
7069,43,61,18,11,20,9,0.022,0.144
7070,35,53,18,7,15,8,0.022,0.067
7071,34,52,18,7,15,8,0.022,0.067
7072,34,51,17,7,15,8,0.022,0.067
7073,35,52,17,7,15,8,0.022,0.067
7074,33,50,17,7,14,7,0.022,0.067
7075,34,51,17,7,15,8,0.022,0.067
7076,43,60,17,11,20,9,0.017,0.144
7077,32,50,18,6,13,7,0.011,0.128
7078,39,57,18,9,18,9,0.017,0.100
7079,37,55,18,8,17,9,0.017,0.100
7080,42,60,18,10,20,10,0.011,0.128
7081,42,60,18,10,19,9,0.017,0.144
7082,33,49,16,6,13,7,0.017,0.094
7083,40,58,18,10,18,8,0.017,0.144
7086,31,48,17,6,13,7,0.011,0.078
7087,30,47,17,6,13,7,0.011,0.078
7088,42,60,18,10,19,9,0.017,0.144
7090,42,60,18,11,20,9,0.017,0.144
7092,42,60,18,10,20,10,0.017,0.144
7093,31,48,17,6,14,8,0.011,0.078
7094,32,48,16,6,13,7,0.011,0.078
7095,36,53,17,8,16,8,0.011,0.128
7102,35,53,18,7,15,8,0.017,0.100
7103,36,54,18,8,16,8,0.017,0.100
7104,35,53,18,7,15,8,0.017,0.100
7105,35,53,18,7,15,8,0.017,0.100
7106,37,55,18,8,16,8,0.017,0.100
7107,36,53,17,8,16,8,0.017,0.100
7108,37,55,18,8,17,9,0.017,0.100
7109,36,53,17,8,16,8,0.017,0.100
7110,36,53,17,8,16,8,0.017,0.100
7111,38,56,18,9,17,8,0.017,0.100
7112,37,55,18,8,17,9,0.017,0.100
7114,36,54,18,8,16,8,0.017,0.100
7201,36,54,18,8,16,8,0.017,0.144
7202,37,54,17,8,16,8,0.017,0.144
7203,39,56,17,9,17,8,0.017,0.144
7204,40,58,18,9,18,9,0.017,0.144
7205,38,56,18,9,17,8,0.017,0.144
7206,36,53,17,7,15,8,0.017,0.144
7208,38,55,17,9,17,8,0.017,0.144
7302,31,48,17,6,13,7,0.011,0.078
7304,32,49,17,6,13,7,0.011,0.078
7305,32,49,17,6,13,7,0.011,0.078
7306,31,48,17,6,13,7,0.011,0.078
7307,30,47,17,5,12,7,0.011,0.078
7310,31,48,17,6,13,7,0.011,0.078
7311,31,48,17,6,13,7,0.011,0.078
7401,31,48,17,6,13,7,0.022,0.067
7403,28,44,16,5,11,6,0.017,0.056
7405,26,41,15,4,9,5,0.017,0.094
7407,37,54,17,8,16,8,0.022,0.067
7410,37,54,17,8,16,8,0.022,0.067
7416,22,37,15,3,8,5,0.000,0.044
7417,28,43,15,4,10,6,0.022,0.067
7418,25,41,16,4,9,5,0.000,0.044
7419,24,38,14,3,8,5,0.000,0.044
7420,28,44,16,4,11,7,0.017,0.056
7421,22,37,15,3,7,4,0.017,0.056
7422,17,30,13,2,5,3,0.000,0.044
7423,35,52,17,7,15,8,0.022,0.067
7424,33,50,17,7,14,7,0.017,0.056
7430,29,45,16,5,11,6,0.022,0.067
7432,34,51,17,7,14,7,0.022,0.067
7435,21,35,14,3,7,4,0.017,0.094
7436,27,43,16,4,10,6,0.022,0.067
7438,20,34,14,2,6,4,0.017,0.094
7439,20,33,13,2,6,4,0.000,0.044
7440,32,49,17,6,13,7,0.017,0.094
7442,30,47,17,5,12,7,0.017,0.056
7444,32,49,17,6,13,7,0.017,0.094
7446,30,46,16,5,12,7,0.022,0.067
7450,36,53,17,7,15,8,0.022,0.067
7452,37,54,17,8,16,8,0.022,0.067
7456,25,40,15,4,9,5,0.017,0.056
7457,30,46,16,5,12,7,0.017,0.094
7458,30,47,17,5,12,7,0.022,0.067
7460,19,33,14,2,6,4,0.000,0.044
7461,27,43,16,5,10,5,0.000,0.044
7462,18,31,13,2,6,4,0.000,0.044
7463,34,51,17,7,15,8,0.022,0.067
7465,28,43,15,4,10,6,0.017,0.056
7470,32,49,17,6,13,7,0.017,0.056
7480,21,35,14,3,7,4,0.017,0.056
7481,32,49,17,6,13,7,0.022,0.067
7495,28,44,16,5,11,6,0.022,0.067
7501,37,54,17,8,15,7,0.017,0.056
7502,34,51,17,7,14,7,0.017,0.056
7503,37,54,17,8,16,8,0.017,0.056
7504,37,54,17,8,16,8,0.017,0.056
7505,37,54,17,8,16,8,0.017,0.056
7506,37,54,17,8,16,8,0.017,0.056
7508,35,52,17,7,15,8,0.017,0.056
7512,34,51,17,7,14,7,0.017,0.056
7513,37,54,17,8,16,8,0.017,0.056
7514,37,54,17,8,16,8,0.017,0.056
7522,36,53,17,7,15,8,0.017,0.056
7524,37,54,17,8,16,8,0.017,0.056
7601,34,51,17,7,15,8,0.022,0.067
7603,34,51,17,7,15,8,0.022,0.067
7604,35,52,17,7,15,8,0.022,0.067
7605,31,48,17,6,13,7,0.022,0.067
7606,34,50,16,7,15,8,0.022,0.067
7607,36,53,17,8,16,8,0.022,0.067
7608,34,51,17,7,15,8,0.022,0.067
7620,35,52,17,7,15,8,0.022,0.067
7621,34,51,17,7,14,7,0.022,0.067
7624,34,51,17,7,14,7,0.022,0.067
7626,33,50,17,6,14,8,0.022,0.067
7627,34,51,17,7,14,7,0.022,0.067
7628,35,52,17,7,15,8,0.022,0.067
7630,36,53,17,8,16,8,0.022,0.067
7631,32,49,17,6,14,8,0.022,0.067
7632,32,49,17,6,14,8,0.022,0.067
7640,36,53,17,7,15,8,0.022,0.067
7641,36,53,17,7,15,8,0.022,0.067
7642,35,51,16,7,15,8,0.022,0.067
7643,33,49,16,6,14,8,0.022,0.067
7644,35,52,17,7,15,8,0.022,0.067
7645,32,48,16,6,13,7,0.022,0.067
7646,35,52,17,7,15,8,0.022,0.067
7647,35,52,17,7,15,8,0.022,0.067
7648,35,52,17,7,15,8,0.022,0.067
7649,36,53,17,8,16,8,0.022,0.067
7650,31,48,17,6,13,7,0.022,0.067
7652,36,53,17,8,15,7,0.022,0.067
7656,32,49,17,6,13,7,0.022,0.067
7657,31,48,17,6,13,7,0.022,0.067
7660,33,50,17,7,14,7,0.022,0.067
7661,36,52,16,7,15,8,0.022,0.067
7662,36,53,17,8,16,8,0.022,0.067
7663,36,53,17,8,16,8,0.022,0.067
7666,33,49,16,7,14,7,0.022,0.067
7670,33,49,16,6,14,8,0.022,0.067
7675,35,52,17,7,15,8,0.022,0.067
7676,35,52,17,7,15,8,0.022,0.067
7677,33,50,17,6,14,8,0.022,0.067
7701,22,38,16,2,6,4,0.028,0.133
7702,20,36,16,2,5,3,0.028,0.133
7703,18,33,15,1,5,4,,
7704,20,35,15,2,5,3,0.028,0.133
7711,20,35,15,2,6,4,0.028,0.133
7712,21,36,15,2,6,4,0.028,0.133
7716,20,36,16,2,6,4,0.028,0.133
7717,20,35,15,2,6,4,0.028,0.133
7718,22,38,16,2,6,4,0.028,0.133
7719,21,36,15,2,6,4,0.028,0.133
7720,20,35,15,2,6,4,0.028,0.133
7721,32,49,17,5,11,6,0.028,0.133
7722,32,49,17,5,11,6,0.028,0.133
7723,20,35,15,2,6,4,0.028,0.133
7724,21,36,15,2,6,4,0.028,0.133
7726,37,55,18,8,16,8,0.028,0.133
7727,32,49,17,6,13,7,0.028,0.133
7728,37,54,17,8,16,8,0.028,0.133
7730,29,46,17,4,9,5,0.028,0.133
7731,35,53,18,8,15,7,0.028,0.133
7732,19,35,16,1,5,4,0.028,0.133
7733,31,48,17,5,11,6,0.028,0.133
7734,24,40,16,2,7,5,0.028,0.133
7735,29,46,17,4,9,5,0.028,0.133
7737,21,38,17,2,6,4,0.028,0.133
7738,27,43,16,3,8,5,0.028,0.133
7739,19,34,15,2,5,3,0.028,0.133
7740,15,29,14,1,4,3,0.028,0.133
7746,34,52,18,6,13,7,0.028,0.133
7747,33,50,17,5,11,6,0.028,0.133
7748,25,41,16,3,7,4,0.028,0.133
7750,16,30,14,1,4,3,0.028,0.133
7751,35,53,18,6,14,8,0.028,0.133
7753,21,36,15,2,6,4,0.028,0.133
7755,20,35,15,2,6,4,0.028,0.133
7756,20,35,15,2,6,4,0.028,0.133
7757,17,31,14,1,4,3,0.028,0.133
7758,23,40,17,2,6,4,0.028,0.133
7760,18,33,15,1,5,4,0.028,0.133
7762,21,35,14,2,6,4,0.028,0.133
7764,16,30,14,1,4,3,0.028,0.133
7801,22,36,14,3,7,4,0.017,0.094
7803,20,33,13,2,6,4,0.017,0.094
7820,16,29,13,2,5,3,0.017,0.033
7821,21,34,13,3,6,3,0.000,0.044
7822,28,43,15,5,10,5,0.000,0.044
7823,26,41,15,4,9,5,0.017,0.033
7825,26,40,14,4,9,5,0.017,0.033
7826,24,39,15,4,8,4,0.000,0.044
7827,18,32,14,2,6,4,0.000,0.044
7828,15,27,12,1,4,3,0.017,0.094
7830,25,41,16,4,9,5,0.028,0.094
7832,27,42,15,4,9,5,0.017,0.033
7833,29,45,16,5,11,6,0.017,0.033
7834,27,43,16,4,10,6,0.017,0.094
7836,19,33,14,2,6,4,0.017,0.094
7838,21,35,14,3,7,4,0.017,0.033
7840,18,31,13,2,5,3,0.017,0.033
7842,24,39,15,3,8,5,0.017,0.094
7843,19,32,13,2,6,4,0.000,0.044
7846,26,41,15,4,9,5,0.017,0.033
7847,19,32,13,2,6,4,0.017,0.094
7848,26,41,15,4,9,5,0.000,0.044
7849,20,33,13,2,6,4,0.017,0.094
7850,19,33,14,2,6,4,0.017,0.094
7851,25,40,15,4,8,4,0.000,0.044
7852,22,36,14,3,7,4,0.017,0.094
7853,19,33,14,2,6,4,0.017,0.094
7856,21,35,14,3,7,4,0.017,0.094
7857,18,30,12,2,5,3,0.017,0.094
7860,24,39,15,4,8,4,0.000,0.044
7863,24,38,14,4,8,4,0.017,0.033
7865,22,36,14,3,7,4,0.017,0.033
7866,25,40,15,4,9,5,0.017,0.094
7869,23,37,14,3,7,4,0.017,0.094
7870,19,33,14,2,6,4,0.017,0.094
7871,20,33,13,2,6,4,0.000,0.044
7874,18,31,13,2,5,3,0.000,0.044
7876,20,33,13,2,6,4,0.017,0.094
7878,27,43,16,4,10,6,0.017,0.094
7880,20,33,13,3,6,3,0.017,0.033
7881,20,34,14,3,6,3,,
7882,28,44,16,5,10,5,0.017,0.033
7885,23,37,14,3,7,4,0.017,0.094
7901,39,57,18,9,18,9,0.017,0.144
7920,36,53,17,8,16,8,0.022,0.144
7921,34,51,17,7,15,8,0.022,0.144
7922,40,57,17,9,18,9,0.017,0.144
7924,33,49,16,6,13,7,0.022,0.144
7926,28,44,16,4,10,6,0.017,0.094
7927,34,51,17,7,14,7,0.017,0.094
7928,38,56,18,9,17,8,0.017,0.094
7930,23,37,14,3,8,5,0.017,0.094
7931,32,49,17,6,13,7,0.022,0.144
7932,38,56,18,9,17,8,0.017,0.094
7933,38,56,18,9,17,8,0.017,0.094
7934,35,52,17,7,15,8,0.022,0.144
7935,38,56,18,9,17,8,0.017,0.094
7936,37,54,17,8,16,8,0.017,0.094
7939,38,56,18,9,17,8,0.022,0.144
7940,39,56,17,9,17,8,0.017,0.094
7945,26,42,16,4,9,5,0.017,0.094
7946,38,56,18,9,17,8,0.017,0.094
7950,32,49,17,6,13,7,0.017,0.094
7960,34,51,17,7,14,7,0.017,0.094
7970,28,44,16,4,10,6,0.017,0.094
7974,39,56,17,9,17,8,0.017,0.144
7976,38,55,17,8,17,9,0.017,0.094
7977,36,53,17,8,15,7,0.022,0.144
7979,35,52,17,7,15,8,0.028,0.094
7980,38,55,17,9,17,8,0.017,0.094
7981,36,53,17,7,15,8,0.017,0.094
8001,48,66,18,11,22,11,0.078,0.333
8002,53,71,18,15,26,11,0.100,0.378
8003,51,68,17,14,25,11,0.100,0.378
8004,51,69,18,15,26,11,0.100,0.378
8005,34,52,18,7,14,7,0.067,0.344
8006,20,35,15,2,5,3,0.067,0.344
8007,51,68,17,14,25,11,0.100,0.378
8008,20,35,15,2,6,4,0.067,0.344
8009,50,68,18,14,25,11,0.100,0.378
8010,52,69,17,15,26,11,0.122,0.422
8011,50,69,19,14,25,11,0.122,0.422
8012,49,66,17,13,24,11,0.100,0.378
8014,52,69,17,15,26,11,0.078,0.339
8015,47,65,18,13,22,9,0.122,0.422
8016,50,68,18,14,25,11,0.122,0.422
8019,48,67,19,13,24,11,0.122,0.422
8020,49,67,18,13,24,11,0.078,0.339
8021,49,67,18,13,24,11,0.100,0.378
8022,48,66,18,13,23,10,0.122,0.422
8023,49,67,18,13,24,11,0.078,0.333
8026,49,67,18,14,24,10,0.100,0.378
8027,50,68,18,14,25,11,0.078,0.339
8028,47,64,17,12,23,11,0.078,0.339
8029,50,68,18,14,25,11,0.100,0.378
8030,51,69,18,14,25,11,0.100,0.378
8031,51,68,17,14,25,11,0.100,0.378
8033,52,69,17,14,25,11,0.100,0.378
8034,52,70,18,15,26,11,0.100,0.378
8035,51,68,17,14,25,11,0.100,0.378
8036,53,70,17,16,27,11,0.122,0.422
8037,50,68,18,14,25,11,0.094,0.361
8038,49,68,19,10,20,10,0.078,0.333
8039,52,70,18,15,27,12,0.078,0.339
8041,48,66,18,13,23,10,0.122,0.422
8042,48,66,18,14,24,10,0.122,0.422
8043,50,68,18,14,25,11,0.100,0.378
8045,51,69,18,14,25,11,0.100,0.378
8046,52,70,18,15,26,11,0.122,0.422
8048,53,70,17,16,27,11,0.122,0.422
8049,51,68,17,14,25,11,0.100,0.378
8050,31,48,17,5,12,7,0.067,0.344
8051,49,66,17,13,23,10,0.078,0.339
8052,56,73,17,17,28,11,0.122,0.422
8053,52,70,18,15,26,11,0.122,0.422
8054,53,71,18,16,27,11,0.122,0.422
8055,53,71,18,16,27,11,0.122,0.422
8056,49,67,18,13,24,11,0.078,0.339
8057,55,72,17,16,28,12,0.122,0.422
8059,51,68,17,14,25,11,0.100,0.378
8060,52,70,18,15,26,11,0.122,0.422
8061,49,66,17,13,23,10,0.078,0.339
8062,48,66,18,13,23,10,0.078,0.339
8063,51,68,17,14,25,11,0.078,0.339
8064,48,66,18,13,24,11,0.122,0.422
8065,53,71,18,15,26,11,0.122,0.422
8066,50,68,18,13,24,11,0.078,0.339
8067,52,70,18,15,27,12,0.078,0.333
8068,50,68,18,14,24,10,0.122,0.422
8069,51,69,18,14,26,12,0.078,0.333
8070,47,66,19,11,22,11,0.078,0.333
8071,46,64,18,12,22,10,0.078,0.339
8072,49,68,19,11,22,11,0.078,0.333
8073,53,70,17,16,27,11,0.122,0.422
8074,46,64,18,12,22,10,0.078,0.339
8075,52,70,18,15,26,11,0.122,0.422
8077,54,71,17,16,27,11,0.122,0.422
8078,50,68,18,14,25,11,0.100,0.378
8079,49,68,19,11,22,11,0.078,0.333
8080,47,65,18,12,23,11,0.078,0.339
8081,49,66,17,13,24,11,0.100,0.378
8083,51,68,17,14,25,11,0.100,0.378
8084,50,68,18,14,25,11,0.100,0.378
8085,51,69,18,14,25,11,0.078,0.339
8086,50,67,17,13,24,11,0.078,0.339
8087,34,51,17,6,12,6,0.067,0.344
8088,50,68,18,14,25,11,0.122,0.422
8089,51,70,19,15,27,12,0.100,0.378
8090,49,67,18,13,24,11,0.078,0.339
8091,50,68,18,14,25,11,0.100,0.378
8092,32,49,17,6,12,6,0.067,0.344
8093,51,68,17,14,25,11,0.078,0.339
8094,50,68,18,14,25,11,0.078,0.339
8095,51,70,19,15,27,12,0.100,0.378
8096,50,67,17,13,24,11,0.078,0.339
8097,49,67,18,13,24,11,0.078,0.339
8098,53,71,18,15,27,12,0.078,0.333
8102,53,71,18,15,27,12,0.100,0.378
8103,52,70,18,15,26,11,0.100,0.378
8104,52,70,18,15,26,11,0.100,0.378
8105,53,70,17,15,26,11,0.100,0.378
8106,51,68,17,14,25,11,0.100,0.378
8107,52,69,17,14,25,11,0.100,0.378
8108,52,70,18,15,26,11,0.100,0.378
8109,53,71,18,15,27,12,0.100,0.378
8110,53,71,18,15,26,11,0.100,0.378
8201,27,43,16,4,10,6,0.094,0.361
8202,29,47,18,2,7,5,0.044,0.239
8203,18,33,15,2,5,3,0.094,0.361
8204,30,48,18,3,8,5,0.044,0.239
8205,32,49,17,6,13,7,0.094,0.361
8210,33,51,18,3,9,6,0.044,0.239
8212,31,50,19,3,9,6,0.044,0.239
8215,42,60,18,11,20,9,0.094,0.361
8217,46,64,18,12,22,10,0.094,0.361
8221,29,46,17,5,11,6,0.094,0.361
8223,32,50,18,4,10,6,0.044,0.239
8224,40,58,18,9,19,10,0.122,0.422
8225,28,45,17,5,11,6,0.094,0.361
8226,27,44,17,3,8,5,0.044,0.239
8230,35,54,19,5,11,6,0.044,0.239
8232,27,44,17,5,10,5,0.094,0.361
8234,35,53,18,7,15,8,0.094,0.361
8240,39,56,17,9,18,9,0.094,0.361
8241,37,54,17,8,16,8,0.094,0.361
8242,29,47,18,2,7,5,0.044,0.239
8243,30,48,18,3,8,5,0.044,0.239
8244,30,47,17,5,11,6,0.094,0.361
8246,38,57,19,5,13,8,0.044,0.239
8247,28,46,18,2,7,5,0.044,0.239
8248,29,47,18,3,8,5,0.044,0.239
8251,29,47,18,3,8,5,0.044,0.239
8260,29,47,18,2,7,5,0.044,0.239
8270,41,60,19,7,16,9,0.044,0.239
8302,47,65,18,10,21,11,0.061,0.333
8310,50,68,18,14,25,11,0.094,0.361
8311,46,65,19,10,21,11,0.061,0.333
8312,49,66,17,13,24,11,0.078,0.339
8314,40,59,19,7,15,8,0.061,0.333
8316,44,63,19,8,18,10,0.061,0.333
8317,47,65,18,11,22,11,0.094,0.361
8318,51,69,18,14,25,11,0.078,0.333
8319,46,65,19,10,20,10,0.094,0.361
8320,44,62,18,9,19,10,0.061,0.333
8321,45,64,19,9,20,11,0.061,0.333
8322,50,68,18,14,25,11,0.078,0.339
8323,48,67,19,10,21,11,0.061,0.333
8324,41,60,19,7,16,9,0.061,0.333
8326,50,68,18,14,25,11,0.094,0.361
8327,43,62,19,8,17,9,0.061,0.333
8328,52,70,18,15,26,11,0.078,0.339
8329,48,66,18,11,22,11,0.061,0.333
8330,45,63,18,11,22,11,0.094,0.361
8332,46,64,18,11,21,10,0.061,0.333
8340,47,65,18,12,22,10,0.094,0.361
8341,50,68,18,13,24,11,0.094,0.361
8343,50,68,18,14,25,11,0.078,0.339
8344,51,69,18,14,26,12,0.078,0.339
8345,46,65,19,10,21,11,0.061,0.333
8346,51,69,18,14,26,12,0.094,0.361
8348,48,66,18,11,22,11,0.061,0.333
8349,45,64,19,10,20,10,0.061,0.333
8350,48,66,18,12,23,11,0.094,0.361
8352,46,64,18,11,21,10,0.061,0.333
8353,46,65,19,9,19,10,0.061,0.333
8360,49,67,18,13,24,11,0.061,0.333
8361,48,66,18,12,23,11,0.061,0.333
8401,18,32,14,2,5,3,0.094,0.361
8402,20,36,16,2,6,4,0.094,0.361
8403,25,41,16,4,9,5,0.094,0.361
8406,20,35,15,2,5,3,0.094,0.361
8501,42,60,18,10,19,9,0.028,0.133
8502,39,57,18,9,18,9,0.022,0.144
8505,46,64,18,12,22,10,0.122,0.422
8510,38,56,18,9,17,8,0.028,0.133
8511,45,63,18,12,21,9,0.122,0.422
8512,40,57,17,9,17,8,0.039,0.128
8514,41,58,17,10,18,8,0.028,0.133
8515,45,63,18,11,21,10,0.122,0.422
8518,47,65,18,12,22,10,0.122,0.422
8520,39,57,18,9,17,8,0.039,0.128
8525,39,57,18,8,16,8,0.039,0.128
8527,40,57,17,10,18,8,0.067,0.344
8528,39,57,18,9,17,8,0.022,0.144
8530,41,58,17,9,17,8,0.028,0.094
8533,42,60,18,10,19,9,0.067,0.344
8534,40,58,18,9,17,8,0.039,0.128
8535,38,55,17,8,16,8,0.028,0.133
8536,40,58,18,9,18,9,0.011,0.128
8540,40,57,17,9,17,8,0.039,0.128
8542,40,58,18,9,18,9,0.039,0.128
8550,40,58,18,9,18,9,0.039,0.128
8551,38,56,18,8,16,8,0.028,0.094
8553,39,56,17,8,17,9,0.022,0.144
8554,47,65,18,12,22,10,0.122,0.422
8555,37,54,17,8,16,8,0.028,0.133
8558,40,57,17,9,17,8,0.022,0.144
8559,40,58,18,9,17,8,0.028,0.094
8560,40,58,18,9,17,8,0.039,0.128
8561,40,57,17,9,17,8,0.039,0.128
8562,44,62,18,11,21,10,0.122,0.422
8608,44,62,18,11,21,10,0.039,0.128
8609,44,62,18,11,20,9,0.039,0.128
8610,43,61,18,11,20,9,0.039,0.128
8611,44,62,18,11,20,9,0.039,0.128
8618,43,61,18,11,20,9,0.039,0.128
8619,42,60,18,10,19,9,0.039,0.128
8620,44,62,18,11,21,10,0.039,0.128
8628,41,60,19,10,19,9,0.039,0.128
8629,44,62,18,11,20,9,0.039,0.128
8638,42,60,18,10,19,9,0.039,0.128
8640,47,65,18,13,23,10,0.122,0.422
8641,45,63,18,12,22,10,0.122,0.422
8648,42,60,18,10,19,9,0.039,0.128
8690,42,60,18,10,19,9,0.039,0.128
8691,41,59,18,10,18,8,0.039,0.128
8701,39,56,17,10,18,8,0.067,0.344
8720,25,40,15,3,8,5,0.028,0.133
8721,29,45,16,5,11,6,0.067,0.344
8722,36,53,17,8,16,8,0.067,0.344
8723,28,44,16,5,10,5,0.067,0.344
8724,28,44,16,4,10,6,0.067,0.344
8730,23,38,15,3,7,4,0.028,0.133
8731,33,50,17,6,13,7,0.067,0.344
8732,29,45,16,5,11,6,0.067,0.344
8733,43,60,17,11,21,10,0.067,0.344
8734,29,46,17,5,11,6,0.067,0.344
8735,20,35,15,2,6,4,0.067,0.344
8736,22,37,15,3,7,4,0.028,0.133
8738,20,34,14,2,5,3,0.067,0.344
8740,25,41,16,3,8,5,0.067,0.344
8741,31,48,17,6,13,7,0.067,0.344
8742,23,38,15,3,7,4,0.067,0.344
8750,22,36,14,2,6,4,0.028,0.133
8751,20,35,15,2,6,4,0.067,0.344
8752,20,35,15,2,6,4,0.067,0.344
8753,29,45,16,5,11,6,0.067,0.344
8755,40,58,18,10,19,9,0.067,0.344
8757,41,59,18,10,19,9,0.067,0.344
8758,30,47,17,5,11,6,0.067,0.344
8759,43,60,17,11,21,10,0.067,0.344
8801,36,53,17,7,15,8,0.028,0.094
8802,31,47,16,6,12,6,0.028,0.094
8804,33,50,17,6,13,7,0.028,0.094
8805,42,59,17,10,19,9,0.022,0.144
8807,39,56,17,9,18,9,0.022,0.144
8808,32,48,16,6,12,6,0.017,0.033
8809,38,56,18,8,16,8,0.028,0.094
8810,39,57,18,9,17,8,0.011,0.128
8812,43,60,17,11,20,9,0.011,0.128
8816,39,57,18,9,17,8,0.011,0.128
8817,40,57,17,9,18,9,0.011,0.128
8820,40,58,18,10,19,9,0.011,0.128
8821,39,56,17,9,17,8,0.022,0.144
8822,41,59,18,10,19,9,0.028,0.094
8823,39,57,18,9,18,9,0.022,0.144
8824,39,57,18,9,17,8,0.011,0.128
8825,35,52,17,7,13,6,0.028,0.094
8826,27,43,16,4,10,6,0.028,0.094
8827,31,48,17,6,12,6,0.028,0.094
8828,41,59,18,9,18,9,0.011,0.128
8829,35,52,17,7,14,7,0.028,0.094
8830,39,57,18,9,18,9,0.011,0.128
8831,39,57,18,9,17,8,0.011,0.128
8832,34,51,17,6,14,8,0.011,0.128
8833,36,53,17,8,15,7,0.028,0.094
8835,41,59,18,10,19,9,0.022,0.144
8836,41,58,17,10,19,9,0.022,0.144
8837,38,56,18,9,17,8,0.011,0.128
8840,39,57,18,9,18,9,0.011,0.128
8844,40,57,17,9,18,9,0.022,0.144
8846,43,60,17,11,20,9,0.011,0.128
8848,36,53,17,7,14,7,0.028,0.094
8850,39,57,18,9,18,9,0.011,0.128
8852,39,57,18,9,17,8,0.011,0.128
8853,40,58,18,9,18,9,0.022,0.144
8854,41,59,18,10,19,9,0.011,0.128
8857,38,55,17,8,16,8,0.011,0.128
8858,39,57,18,9,18,9,0.028,0.094
8859,35,53,18,7,15,8,0.011,0.128
8861,33,51,18,6,14,8,0.011,0.128
8863,37,55,18,8,17,9,0.011,0.128
8865,37,54,17,7,15,8,0.017,0.033
8867,32,49,17,6,12,6,0.028,0.094
8869,40,57,17,10,19,9,0.022,0.144
8872,37,55,18,8,16,8,0.011,0.128
8873,40,58,18,9,18,9,0.022,0.144
8876,40,57,17,10,18,8,0.022,0.144
8879,34,51,17,6,13,7,0.011,0.128
8880,42,59,17,10,19,9,0.022,0.144
8882,38,56,18,8,16,8,0.011,0.128
8884,39,57,18,9,17,8,0.011,0.128
8886,35,52,17,7,14,7,0.017,0.033
8887,42,60,18,10,20,10,0.028,0.094
8889,40,58,18,9,18,9,0.028,0.094
8890,41,59,18,10,19,9,,
8901,39,57,18,9,18,9,0.011,0.128
8902,40,58,18,9,18,9,0.011,0.128
8904,40,57,17,9,18,9,0.011,0.128
10001,31,48,17,6,13,7,0.011,0.056
10002,31,48,17,6,13,7,0.011,0.056
10003,31,48,17,6,13,7,0.011,0.056
10004,31,48,17,6,13,7,0.011,0.056
10005,31,48,17,6,13,7,0.011,0.056
10006,31,48,17,6,13,7,0.011,0.056
10007,31,48,17,6,13,7,0.011,0.056
10009,31,48,17,6,13,7,0.011,0.056
10010,31,48,17,6,13,7,0.011,0.056
10011,31,48,17,6,13,7,0.011,0.056
10012,31,48,17,6,13,7,0.011,0.056
10013,31,48,17,6,13,7,0.011,0.056
10014,31,48,17,6,13,7,0.011,0.056
10016,31,48,17,6,13,7,0.011,0.056
10017,31,48,17,6,13,7,0.011,0.056
10018,31,48,17,6,13,7,0.011,0.056
10019,31,48,17,6,13,7,0.011,0.056
10020,31,48,17,6,13,7,0.011,0.056
10021,31,48,17,6,13,7,0.011,0.056
10022,31,48,17,6,13,7,0.011,0.056
10023,31,48,17,6,14,8,0.011,0.056
10024,32,49,17,6,14,8,0.011,0.056
10025,32,49,17,6,14,8,0.011,0.056
10026,32,49,17,6,14,8,0.011,0.056
10027,32,49,17,6,14,8,0.011,0.056
10028,32,48,16,6,14,8,0.011,0.056
10029,32,49,17,6,14,8,0.011,0.056
10030,32,49,17,6,14,8,0.011,0.056
10031,32,49,17,6,14,8,0.011,0.056
10032,32,49,17,6,14,8,0.011,0.056
10033,32,49,17,6,14,8,0.011,0.056
10034,32,49,17,6,14,8,0.011,0.056
10035,32,49,17,6,14,8,0.011,0.056
10036,31,48,17,6,13,7,0.011,0.056
10037,32,49,17,6,14,8,0.011,0.056
10038,31,48,17,6,13,7,0.011,0.056
10039,32,49,17,6,14,8,0.011,0.056
10040,32,49,17,6,14,8,0.011,0.056
10044,31,48,17,6,13,7,0.011,0.056
10065,31,48,17,6,13,7,0.011,0.056
10069,31,48,17,6,14,8,0.011,0.056
10075,31,48,17,6,13,7,0.011,0.056
10103,31,48,17,6,13,7,0.011,0.056
10110,31,48,17,6,13,7,0.011,0.056
10112,31,48,17,6,13,7,0.011,0.056
10115,32,49,17,6,14,8,0.011,0.056
10119,31,48,17,6,13,7,0.011,0.056
10128,32,49,17,6,14,8,0.011,0.056
10152,31,48,17,6,13,7,0.011,0.056
10153,31,48,17,6,13,7,0.011,0.056
10154,31,48,17,6,13,7,0.011,0.056
10162,31,48,17,6,13,7,0.011,0.056
10165,31,48,17,6,13,7,0.011,0.056
10167,31,48,17,6,13,7,0.011,0.056
10168,31,48,17,6,13,7,0.011,0.056
10169,31,48,17,6,13,7,0.011,0.056
10170,31,48,17,6,13,7,0.011,0.056
10171,31,48,17,6,13,7,0.011,0.056
10172,31,48,17,6,13,7,0.011,0.056
10173,31,48,17,6,13,7,0.011,0.056
10174,31,48,17,6,13,7,0.011,0.056
10177,31,48,17,6,13,7,0.011,0.056
10199,31,48,17,6,13,7,0.011,0.056
10271,31,48,17,6,13,7,0.011,0.056
10278,31,48,17,6,13,7,0.011,0.056
10279,31,48,17,6,13,7,0.011,0.056
10280,31,48,17,6,13,7,0.011,0.056
10282,31,48,17,6,13,7,0.011,0.056
10301,29,46,17,4,10,6,0.006,0.050
10302,30,46,16,4,10,6,0.006,0.050
10303,32,50,18,6,13,7,0.006,0.050
10304,29,46,17,4,10,6,0.006,0.050
10305,29,46,17,4,10,6,0.006,0.050
10306,30,46,16,4,10,6,0.006,0.050
10307,29,46,17,4,10,6,0.006,0.050
10308,31,48,17,5,12,7,0.006,0.050
10309,31,48,17,5,12,7,0.006,0.050
10310,29,45,16,4,10,6,0.006,0.050
10311,32,50,18,6,13,7,0.006,0.050
10312,31,48,17,5,12,7,0.006,0.050
10314,31,48,17,5,11,6,0.006,0.050
10451,32,49,17,6,14,8,0.011,0.061
10452,32,49,17,6,14,8,0.011,0.061
10453,32,49,17,6,14,8,0.011,0.061
10454,31,48,17,6,13,7,0.011,0.061
10455,32,48,16,6,13,7,0.011,0.061
10456,32,49,17,6,14,8,0.011,0.061
10457,32,49,17,6,14,8,0.011,0.061
10458,31,48,17,6,13,7,0.011,0.061
10459,32,49,17,6,14,8,0.011,0.061
10460,31,48,17,6,13,7,0.011,0.061
10461,30,47,17,6,12,6,0.011,0.061
10462,31,48,17,6,13,7,0.011,0.061
10463,32,49,17,6,14,8,0.011,0.061
10464,27,44,17,5,11,6,0.011,0.061
10465,29,46,17,5,12,7,0.011,0.061
10466,30,47,17,6,13,7,0.011,0.061
10467,31,48,17,6,13,7,0.011,0.061
10468,32,49,17,6,14,8,0.011,0.061
10469,30,47,17,6,13,7,0.011,0.061
10470,31,48,17,6,13,7,0.011,0.061
10471,33,50,17,7,14,7,0.011,0.061
10472,31,48,17,6,13,7,0.011,0.061
10473,31,47,16,6,13,7,0.011,0.061
10474,31,48,17,6,13,7,0.011,0.061
10475,30,46,16,6,13,7,0.011,0.061
10501,30,46,16,5,12,7,0.017,0.050
10502,32,49,17,7,14,7,0.017,0.050
10503,34,51,17,7,15,8,0.017,0.050
10504,25,41,16,4,10,6,0.017,0.050
10505,28,44,16,5,11,6,0.000,0.044
10506,30,46,16,5,12,7,0.017,0.050
10507,31,47,16,6,13,7,0.017,0.050
10509,26,42,16,4,11,7,0.000,0.044
10510,32,49,17,6,13,7,0.017,0.050
10511,38,55,17,8,17,9,0.017,0.050
10512,25,41,16,4,10,6,0.000,0.044
10514,29,46,17,5,12,7,0.017,0.050
10516,32,49,17,6,14,8,0.000,0.044
10517,30,47,17,5,12,7,0.017,0.050
10518,30,47,17,6,13,7,0.017,0.050
10519,30,46,16,5,12,7,0.017,0.050
10520,33,50,17,6,14,8,0.017,0.050
10522,34,51,17,7,15,8,0.017,0.050
10523,31,47,16,6,13,7,0.017,0.050
10524,34,51,17,7,15,8,0.000,0.044
10526,30,47,17,5,13,8,0.017,0.050
10527,30,46,16,5,12,7,0.017,0.050
10528,27,44,17,5,11,6,0.017,0.050
10530,31,48,17,6,13,7,0.017,0.050
10532,27,43,16,5,11,6,0.017,0.050
10533,34,50,16,7,14,7,0.017,0.050
10535,27,43,16,4,11,7,0.017,0.050
10536,31,48,17,6,13,7,0.017,0.050
10537,31,48,17,6,13,7,0.000,0.044
10538,27,44,17,5,11,6,0.017,0.050
10541,27,42,15,4,10,6,0.000,0.044
10543,28,45,17,5,12,7,0.017,0.050
10545,32,49,17,6,13,7,0.017,0.050
10546,31,48,17,6,13,7,0.017,0.050
10547,29,45,16,5,12,7,0.017,0.050
10548,36,54,18,8,16,8,0.017,0.050
10549,30,47,17,5,13,8,0.017,0.050
10550,30,47,17,6,13,7,0.017,0.050
10552,30,47,17,6,13,7,0.017,0.050
10553,30,47,17,6,13,7,0.017,0.050
10560,28,45,17,5,12,7,0.017,0.050
10562,33,50,17,6,14,8,0.017,0.050
10566,32,49,17,6,14,8,0.017,0.050
10567,32,48,16,6,13,7,0.017,0.050
10570,27,43,16,5,11,6,0.017,0.050
10573,28,44,16,5,12,7,0.017,0.050
10576,30,47,17,6,13,7,0.017,0.050
10577,27,43,16,5,11,6,0.017,0.050
10578,30,47,17,5,12,7,0.017,0.050
10579,29,45,16,5,12,7,0.000,0.044
10580,27,43,16,5,11,6,0.017,0.050
10583,31,48,17,6,13,7,0.017,0.050
10588,28,44,16,5,11,6,0.017,0.050
10589,30,47,17,6,13,7,0.017,0.050
10590,29,45,16,5,12,7,0.017,0.050
10591,34,51,17,7,15,8,0.017,0.050
10594,27,43,16,4,11,7,0.017,0.050
10595,27,43,16,4,11,7,0.017,0.050
10596,38,55,17,8,17,9,0.017,0.050
10597,29,46,17,5,12,7,0.017,0.050
10598,28,45,17,5,11,6,0.017,0.050
10601,28,45,17,5,12,7,0.017,0.050
10603,29,46,17,5,12,7,0.017,0.050
10604,27,43,16,5,11,6,0.017,0.050
10605,29,45,16,5,12,7,0.017,0.050
10606,30,47,17,6,13,7,0.017,0.050
10607,30,47,17,6,13,7,0.017,0.050
10701,33,50,17,7,14,7,0.017,0.050
10703,33,51,18,7,14,7,0.017,0.050
10704,31,48,17,6,13,7,0.017,0.050
10705,32,49,17,6,14,8,0.017,0.050
10706,34,51,17,7,15,8,0.017,0.050
10707,32,49,17,6,14,8,0.017,0.050
10708,31,48,17,6,13,7,0.017,0.050
10709,32,49,17,6,14,8,0.017,0.050
10710,32,50,18,6,14,8,0.017,0.050
10801,29,45,16,5,12,7,0.017,0.050
10803,29,45,16,5,12,7,0.017,0.050
10804,30,46,16,6,12,6,0.017,0.050
10805,28,44,16,5,11,6,0.017,0.050
10901,27,43,16,4,11,7,0.022,0.061
10910,21,35,14,3,7,4,0.006,0.050
10911,34,51,17,7,14,7,0.022,0.061
10913,35,52,17,7,15,8,0.022,0.061
10914,30,47,17,5,12,7,0.006,0.050
10915,31,47,16,5,12,7,0.006,0.050
10916,31,47,16,5,12,7,0.006,0.050
10917,24,40,16,4,9,5,0.006,0.050
10918,28,44,16,4,10,6,0.006,0.050
10919,30,47,17,5,12,7,0.006,0.050
10920,33,50,17,6,14,8,0.022,0.061
10921,29,45,16,4,11,7,0.006,0.050
10922,35,52,17,7,15,8,0.006,0.050
10923,33,50,17,6,14,8,0.022,0.061
10924,31,48,17,5,12,7,0.006,0.050
10925,21,35,14,2,7,5,0.006,0.050
10926,23,38,15,3,8,5,0.006,0.050
10927,35,52,17,7,15,8,0.022,0.061
10928,34,51,17,7,15,8,0.006,0.050
10930,25,41,16,4,9,5,0.006,0.050
10931,28,44,16,5,11,6,0.022,0.061
10932,31,48,17,5,12,7,0.006,0.050
10933,31,48,17,5,13,8,0.006,0.050
10940,32,49,17,6,13,7,0.006,0.050
10941,33,50,17,6,13,7,0.006,0.050
10950,24,39,15,3,8,5,0.006,0.050
10952,27,42,15,4,10,6,0.022,0.061
10953,27,42,15,4,10,6,0.006,0.050
10954,30,46,16,5,12,7,0.022,0.061
10956,31,47,16,6,13,7,0.022,0.061
10958,34,51,17,6,14,8,0.006,0.050
10960,37,54,17,8,16,8,0.022,0.061
10962,36,53,17,7,15,8,0.022,0.061
10963,25,41,16,4,9,5,0.006,0.050
10964,36,53,17,8,16,8,0.022,0.061
10965,32,49,17,6,13,7,0.022,0.061
10968,39,56,17,8,17,9,0.022,0.061
10969,30,47,17,5,12,7,0.006,0.050
10970,28,45,17,5,11,6,0.022,0.061
10973,33,50,17,6,13,7,0.006,0.050
10974,25,40,15,4,9,5,0.022,0.061
10975,21,35,14,3,7,4,0.006,0.050
10976,38,55,17,8,17,9,0.022,0.061
10977,28,44,16,5,11,6,0.022,0.061
10979,25,40,15,3,9,6,0.006,0.050
10980,34,51,17,7,14,7,0.022,0.061
10983,36,52,17,7,16,8,0.022,0.061
10984,32,48,16,6,13,7,0.022,0.061
10985,31,48,17,5,12,7,0.006,0.050
10986,37,54,17,8,16,8,0.022,0.061
10987,24,40,16,3,9,6,0.006,0.050
10988,29,45,16,5,11,6,0.006,0.050
10989,33,50,17,6,14,8,0.022,0.061
10990,24,40,16,3,9,6,0.006,0.050
10992,26,41,15,4,9,5,0.006,0.050
10993,34,51,17,7,14,7,0.022,0.061
10994,32,48,16,6,13,7,0.022,0.061
10996,34,51,17,7,15,8,0.006,0.050
10998,30,47,17,5,12,7,0.006,0.050
11001,27,43,16,4,10,6,0.000,0.044
11003,27,43,16,4,10,6,0.000,0.044
11004,26,43,17,4,10,6,0.006,0.061
11005,26,43,17,4,10,6,0.006,0.061
11010,27,43,16,4,10,6,0.000,0.044
11020,26,42,16,4,10,6,0.000,0.044
11021,26,41,15,4,10,6,0.000,0.044
11023,26,41,15,4,10,6,0.000,0.044
11024,25,41,16,4,10,6,0.000,0.044
11030,26,42,16,5,11,6,0.000,0.044
11040,27,43,16,4,10,6,0.000,0.044
11042,26,43,17,4,10,6,0.000,0.044
11050,25,40,15,4,10,6,0.000,0.044
11096,20,36,16,1,5,4,0.000,0.044
11101,31,48,17,6,13,7,0.006,0.061
11102,31,48,17,6,13,7,0.006,0.061
11103,31,48,17,6,13,7,0.006,0.061
11104,31,48,17,6,13,7,0.006,0.061
11105,31,48,17,6,13,7,0.006,0.061
11106,31,48,17,6,13,7,0.006,0.061
11109,31,48,17,6,13,7,0.006,0.061
11201,31,48,17,6,13,7,0.006,0.044
11203,29,46,17,5,11,6,0.006,0.044
11204,28,45,17,4,9,5,0.006,0.044
11205,31,47,16,6,13,7,0.006,0.044
11206,30,47,17,6,13,7,0.006,0.044
11207,30,47,17,6,13,7,0.006,0.044
11208,29,46,17,6,13,7,0.006,0.044
11209,29,45,16,4,10,6,0.006,0.044
11210,28,45,17,4,9,5,0.006,0.044
11211,30,47,17,6,13,7,0.006,0.044
11212,30,47,17,6,13,7,0.006,0.044
11213,31,48,17,6,13,7,0.006,0.044
11214,28,45,17,4,9,5,0.006,0.044
11215,31,48,17,6,13,7,0.006,0.044
11216,31,48,17,6,13,7,0.006,0.044
11217,31,48,17,6,13,7,0.006,0.044
11218,29,45,16,4,10,6,0.006,0.044
11219,28,45,17,4,9,5,0.006,0.044
11220,28,45,17,4,9,5,0.006,0.044
11221,30,47,17,6,13,7,0.006,0.044
11222,31,47,16,6,13,7,0.006,0.044
11223,28,45,17,4,9,5,0.006,0.044
11224,28,45,17,4,9,5,0.006,0.044
11225,31,48,17,6,13,7,0.006,0.044
11226,29,45,16,4,10,6,0.006,0.044
11228,28,45,17,4,9,5,0.006,0.044
11229,28,44,16,4,9,5,0.006,0.044
11230,28,45,17,4,9,5,0.006,0.044
11231,31,48,17,6,13,7,0.006,0.044
11232,30,47,17,5,12,7,0.006,0.044
11233,30,47,17,6,13,7,0.006,0.044
11234,27,44,17,3,9,6,0.006,0.044
11235,28,44,16,4,9,5,0.006,0.044
11236,27,44,17,3,9,6,0.006,0.044
11237,30,46,16,6,13,7,0.006,0.044
11238,31,48,17,6,13,7,0.006,0.044
11239,28,44,16,4,10,6,0.006,0.044
11354,31,47,16,6,13,7,0.006,0.061
11355,31,48,17,6,13,7,0.006,0.061
11356,30,47,17,6,13,7,0.006,0.061
11357,29,46,17,5,12,7,0.006,0.061
11358,29,46,17,6,13,7,0.006,0.061
11359,28,45,17,5,12,7,0.006,0.061
11360,29,45,16,5,12,7,0.006,0.061
11361,29,45,16,5,12,7,0.006,0.061
11362,26,42,16,4,9,5,0.006,0.061
11363,26,42,16,4,10,6,0.006,0.061
11364,27,43,16,4,10,6,0.006,0.061
11365,29,46,17,6,13,7,0.006,0.061
11366,30,46,16,6,13,7,0.006,0.061
11367,30,46,16,6,13,7,0.006,0.061
11368,31,48,17,6,14,8,0.006,0.061
11369,31,48,17,6,14,8,0.006,0.061
11370,31,48,17,6,13,7,0.006,0.061
11371,31,48,17,6,13,7,0.006,0.061
11372,31,48,17,6,14,8,0.006,0.061
11373,31,48,17,6,14,8,0.006,0.061
11374,30,46,16,6,13,7,0.006,0.061
11375,30,46,16,6,13,7,0.006,0.061
11377,31,48,17,6,13,7,0.006,0.061
11378,30,46,16,6,13,7,0.006,0.061
11379,30,46,16,6,13,7,0.006,0.061
11385,30,46,16,6,13,7,0.006,0.061
11411,27,43,16,4,10,6,0.006,0.061
11412,27,43,16,4,10,6,0.006,0.061
11413,26,42,16,4,9,5,0.006,0.061
11414,28,44,16,5,12,7,0.006,0.061
11415,30,46,16,6,13,7,0.006,0.061
11416,29,45,16,6,12,6,0.006,0.061
11417,28,44,16,5,12,7,0.006,0.061
11418,29,46,17,6,13,7,0.006,0.061
11419,28,44,16,5,12,7,0.006,0.061
11420,28,44,16,5,12,7,0.006,0.061
11421,30,46,16,6,13,7,0.006,0.061
11422,26,41,15,4,9,5,0.006,0.061
11423,29,45,16,5,12,7,0.006,0.061
11424,30,46,16,6,13,7,0.006,0.061
11426,27,43,16,4,10,6,0.006,0.061
11427,27,43,16,4,10,6,0.006,0.061
11428,27,43,16,4,10,6,0.006,0.061
11429,27,43,16,4,10,6,0.006,0.061
11430,27,43,16,5,11,6,0.006,0.061
11432,30,46,16,6,13,7,0.006,0.061
11433,30,46,16,6,13,7,0.006,0.061
11434,28,44,16,5,12,7,0.006,0.061
11435,29,45,16,6,13,7,0.006,0.061
11436,28,44,16,6,12,6,0.006,0.061
11451,30,46,16,6,13,7,0.006,0.061
11501,26,42,16,3,9,6,0.000,0.044
11507,27,43,16,4,10,6,0.000,0.044
11509,21,37,16,2,5,3,0.000,0.044
11510,20,36,16,2,6,4,0.000,0.044
11514,25,41,16,3,8,5,0.000,0.044
11516,20,36,16,1,5,4,0.000,0.044
11518,21,37,16,2,5,3,0.000,0.044
11520,19,34,15,2,5,3,0.000,0.044
11530,26,42,16,4,9,5,0.000,0.044
11542,24,39,15,4,9,5,0.000,0.044
11545,24,40,16,4,9,5,0.000,0.044
11547,25,40,15,4,10,6,0.000,0.044
11548,26,42,16,4,11,7,0.000,0.044
11549,23,40,17,3,7,4,0.000,0.044
11550,23,40,17,3,7,4,0.000,0.044
11552,26,43,17,4,10,6,0.000,0.044
11553,22,38,16,2,7,5,0.000,0.044
11554,21,37,16,2,6,4,0.000,0.044
11556,22,38,16,2,7,5,0.000,0.044
11557,21,37,16,1,5,4,0.000,0.044
11558,21,37,16,2,5,3,0.000,0.044
11559,21,37,16,1,5,4,0.000,0.044
11560,24,39,15,4,9,5,0.000,0.044
11561,21,37,16,1,5,4,0.000,0.044
11563,25,41,16,3,9,6,0.000,0.044
11565,26,42,16,4,9,5,0.000,0.044
11566,19,34,15,2,5,3,0.000,0.044
11568,26,42,16,4,10,6,0.000,0.044
11569,18,34,16,1,4,3,0.000,0.044
11570,23,39,16,3,7,4,0.000,0.044
11572,19,35,16,1,5,4,0.000,0.044
11575,20,36,16,2,6,4,0.000,0.044
11576,27,43,16,5,11,6,0.000,0.044
11577,27,43,16,5,11,6,0.000,0.044
11579,25,40,15,4,10,6,0.000,0.044
11580,26,42,16,4,9,5,0.000,0.044
11581,24,40,16,3,8,5,0.000,0.044
11590,24,40,16,3,8,5,0.000,0.044
11596,26,43,17,4,9,5,0.000,0.044
11598,21,37,16,1,5,4,0.000,0.044
11691,22,38,16,2,6,4,0.006,0.061
11692,24,40,16,3,7,4,0.006,0.061
11693,24,41,17,3,7,4,0.006,0.061
11694,25,41,16,3,8,5,0.006,0.061
11697,26,42,16,3,8,5,0.006,0.061
11701,19,34,15,2,5,3,0.006,0.100
11702,18,32,14,1,5,4,0.006,0.100
11703,18,33,15,1,5,4,0.006,0.100
11704,18,33,15,1,5,4,0.006,0.100
11705,16,31,15,1,3,2,0.006,0.100
11706,17,31,14,1,4,3,0.006,0.100
11709,25,41,16,5,11,6,0.000,0.044
11710,19,34,15,2,6,4,0.000,0.044
11713,15,30,15,0,2,2,0.006,0.100
11714,20,35,15,2,6,4,0.000,0.044
11715,16,32,16,1,3,2,0.006,0.100
11716,16,30,14,1,3,2,0.006,0.100
11717,19,34,15,2,6,4,0.006,0.100
11718,17,31,14,1,4,3,0.006,0.100
11719,14,29,15,0,2,2,0.006,0.100
11720,18,33,15,1,4,3,0.006,0.100
11721,24,39,15,5,11,6,0.006,0.100
11722,19,34,15,2,6,4,0.006,0.100
11724,24,39,15,4,10,6,0.006,0.100
11725,23,39,16,4,10,6,0.006,0.100
11726,19,33,14,2,5,3,0.006,0.100
11727,17,32,15,1,4,3,0.006,0.100
11729,19,34,15,2,6,4,0.006,0.100
11730,17,31,14,1,4,3,0.006,0.100
11731,24,40,16,5,11,6,0.006,0.100
11732,24,39,15,4,9,5,0.000,0.044
11733,19,35,16,2,6,4,0.006,0.100
11735,19,34,15,2,5,3,0.000,0.044
11738,18,33,15,1,4,3,0.006,0.100
11739,17,31,14,1,4,3,0.006,0.100
11740,24,39,15,5,11,6,0.006,0.100
11741,18,33,15,1,4,3,0.006,0.100
11742,19,34,15,1,5,4,0.006,0.100
11743,24,40,16,4,10,6,0.006,0.100
11746,24,40,16,5,11,6,0.006,0.100
11747,24,39,15,4,10,6,0.006,0.100
11749,20,34,14,2,7,5,0.006,0.100
11751,17,31,14,1,4,3,0.006,0.100
11752,17,31,14,1,4,3,0.006,0.100
11753,26,42,16,5,11,6,0.000,0.044
11754,21,36,15,3,8,5,0.006,0.100
11755,17,31,14,1,4,3,0.006,0.100
11756,20,36,16,2,6,4,0.000,0.044
11757,18,33,15,1,5,4,0.006,0.100
11758,18,33,15,2,5,3,0.000,0.044
11762,18,33,15,2,5,3,0.000,0.044
11763,16,32,16,1,3,2,0.006,0.100
11764,16,31,15,1,4,3,0.006,0.100
11765,24,39,15,4,9,5,0.000,0.044
11766,17,32,15,1,5,4,0.006,0.100
11767,18,33,15,2,5,3,0.006,0.100
11768,25,41,16,5,11,6,0.006,0.100
11769,15,30,15,1,3,2,0.006,0.100
11770,14,28,14,0,2,2,0.006,0.100
11771,24,39,15,4,10,6,0.000,0.044
11772,16,31,15,1,3,2,0.006,0.100
11776,19,34,15,2,6,4,0.006,0.100
11777,19,34,15,2,6,4,0.006,0.100
11778,16,30,14,1,3,2,0.006,0.100
11779,17,32,15,1,4,3,0.006,0.100
11780,20,35,15,2,7,5,0.006,0.100
11782,15,30,15,0,3,3,0.006,0.100
11783,17,32,15,1,5,4,0.000,0.044
11784,19,34,15,1,5,4,0.006,0.100
11786,16,31,15,1,3,2,0.006,0.100
11787,20,34,14,2,7,5,0.006,0.100
11788,20,34,14,2,7,5,0.006,0.100
11789,15,30,15,1,3,2,0.006,0.100
11790,18,33,15,2,5,3,0.006,0.100
11791,24,40,16,4,10,6,0.000,0.044
11792,16,33,17,1,3,2,0.006,0.100
11793,18,33,15,2,5,3,0.000,0.044
11794,19,34,15,2,6,4,0.006,0.100
11795,18,32,14,1,5,4,0.006,0.100
11796,15,30,15,0,3,3,0.006,0.100
11797,24,40,16,4,10,6,0.000,0.044
11798,19,34,15,2,5,3,0.006,0.100
11801,23,39,16,3,8,5,0.000,0.044
11803,23,39,16,4,9,5,0.000,0.044
11804,20,35,15,2,6,4,0.000,0.044
11901,12,28,16,0,2,2,0.006,0.100
11930,5,16,11,0,0,0,0.006,0.100
11931,11,26,15,0,1,1,0.006,0.100
11932,7,20,13,0,1,1,0.006,0.100
11933,16,33,17,0,3,3,0.006,0.100
11934,10,24,14,0,1,1,0.006,0.100
11935,9,22,13,0,1,1,0.006,0.100
11937,7,18,11,0,1,1,0.006,0.100
11939,7,19,12,0,1,1,0.006,0.100
11940,9,23,14,0,1,1,0.006,0.100
11941,9,23,14,0,1,1,0.006,0.100
11942,7,19,12,0,1,1,0.006,0.100
11944,7,19,12,0,1,1,0.006,0.100
11946,8,20,12,0,1,1,0.006,0.100
11947,11,26,15,0,1,1,0.006,0.100
11948,10,24,14,0,1,1,0.006,0.100
11949,13,28,15,0,2,2,0.006,0.100
11950,12,27,15,0,2,2,0.006,0.100
11951,11,26,15,0,1,1,0.006,0.100
11952,11,25,14,0,1,1,0.006,0.100
11953,16,32,16,1,3,2,0.006,0.100
11954,3,10,7,0,0,0,0.006,0.100
11955,11,25,14,0,1,1,0.006,0.100
11956,9,22,13,0,1,1,0.006,0.100
11957,9,22,13,0,1,1,0.006,0.100
11958,8,21,13,0,1,1,0.006,0.100
11959,7,19,12,0,1,1,0.006,0.100
11960,7,19,12,0,1,1,0.006,0.100
11961,16,32,16,1,3,2,0.006,0.100
11962,7,19,12,0,1,1,0.006,0.100
11963,8,20,12,0,1,1,0.006,0.100
11964,8,20,12,0,1,1,0.006,0.100
11965,7,19,12,0,1,1,0.006,0.100
11967,13,28,15,0,2,2,0.006,0.100
11968,7,19,12,0,1,1,0.006,0.100
11970,10,25,15,0,1,1,0.006,0.100
11971,8,20,12,0,1,1,0.006,0.100
11972,8,21,13,0,1,1,0.006,0.100
11973,16,32,16,1,3,2,0.006,0.100
11975,7,19,12,0,1,1,0.006,0.100
11976,7,19,12,0,1,1,0.006,0.100
11977,7,19,12,0,1,1,0.006,0.100
11978,7,19,12,0,1,1,0.006,0.100
11980,16,31,15,1,3,2,0.006,0.100
12007,15,27,12,1,4,3,0.006,0.028
12008,21,35,14,3,8,5,0.006,0.028
12009,19,32,13,2,7,5,0.006,0.028
12010,19,32,13,2,6,4,0.006,0.022
12015,34,50,16,6,14,8,0.033,0.061
12017,9,18,9,0,2,2,0.033,0.061
12018,13,25,12,1,4,3,0.006,0.028
12019,23,37,14,3,9,6,0.011,0.033
12020,25,40,15,4,10,6,0.011,0.033
12022,7,16,9,0,1,1,0.006,0.028
12023,9,19,10,1,2,1,0.006,0.028
12024,13,25,12,1,3,2,0.033,0.061
12025,14,26,12,1,4,3,0.006,0.022
12027,22,36,14,3,8,5,0.011,0.033
12028,17,30,13,2,5,3,0.006,0.028
12029,10,21,11,1,2,1,0.033,0.061
12031,12,23,11,1,3,2,0.006,0.011
12032,6,14,8,0,1,1,0.006,0.022
12033,24,39,15,3,9,6,0.006,0.028
12035,17,30,13,2,5,3,0.006,0.011
12036,5,13,8,0,1,1,0.006,0.011
12037,16,29,13,2,5,3,0.033,0.061
12040,6,14,8,0,1,1,0.006,0.028
12041,19,33,14,2,6,4,0.006,0.028
12042,21,35,14,3,7,4,0.033,0.061
12043,10,20,10,1,2,1,0.006,0.011
12045,28,44,16,5,11,6,0.006,0.028
12046,16,29,13,1,5,4,0.006,0.028
12047,27,42,15,4,11,7,0.006,0.028
12051,32,49,17,6,13,7,0.033,0.061
12052,9,19,10,1,2,1,0.006,0.028
12053,13,25,12,1,4,3,0.006,0.028
12054,26,42,16,4,10,6,0.006,0.028
12056,17,30,13,2,5,3,0.006,0.028
12057,15,27,12,1,4,3,0.011,0.028
12058,23,38,15,3,8,5,0.033,0.061
12059,9,19,10,1,2,1,0.006,0.028
12060,12,23,11,1,3,2,0.033,0.061
12061,21,36,15,3,8,5,0.006,0.028
12062,14,26,12,1,4,3,0.006,0.028
12063,19,33,14,2,6,4,0.006,0.028
12064,3,9,6,0,0,0,0.006,0.006
12065,23,38,15,3,9,6,0.011,0.033
12066,15,27,12,1,4,3,0.006,0.011
12067,20,34,14,2,7,5,0.006,0.028
12068,22,36,14,3,8,5,0.006,0.022
12069,22,37,15,3,8,5,0.006,0.022
12070,21,35,14,2,7,5,0.006,0.022
12071,11,21,10,1,2,1,0.006,0.011
12072,18,31,13,2,6,4,0.006,0.022
12074,15,27,12,2,5,3,0.011,0.033
12075,22,36,14,3,7,4,0.033,0.061
12076,4,11,7,0,1,1,0.006,0.011
12077,28,44,16,5,11,6,0.006,0.028
12078,14,26,12,1,4,3,0.006,0.022
12083,17,30,13,2,5,3,0.033,0.061
12084,25,40,15,4,10,6,0.006,0.028
12085,23,38,15,3,9,6,0.006,0.028
12086,17,30,13,2,5,3,0.006,0.022
12087,20,34,14,2,7,5,0.033,0.061
12089,14,26,12,1,4,3,0.006,0.028
12090,14,26,12,1,4,3,0.006,0.028
12092,14,26,12,1,4,3,0.006,0.011
12093,5,13,8,0,1,1,0.006,0.011
12094,16,29,13,2,5,3,0.006,0.028
12095,16,29,13,2,5,3,0.006,0.022
12106,25,41,16,4,10,6,0.033,0.061
12108,3,9,6,0,1,1,0.000,0.000
12110,25,40,15,4,9,5,0.006,0.028
12115,18,32,14,2,6,4,0.033,0.061
12116,10,19,9,1,3,2,0.006,0.006
12117,15,27,12,1,4,3,0.006,0.022
12118,25,41,16,4,10,6,0.011,0.033
12120,15,27,12,1,4,3,0.006,0.028
12121,19,33,14,2,6,4,0.006,0.028
12122,7,15,8,0,1,1,0.006,0.011
12123,19,33,14,2,6,4,0.006,0.028
12124,28,45,17,5,11,6,0.033,0.061
12125,10,20,10,1,2,1,0.033,0.061
12130,23,38,15,3,8,5,0.033,0.061
12131,9,19,10,0,2,2,0.006,0.011
12132,22,37,15,3,8,5,0.033,0.061
12134,11,21,10,1,3,2,0.006,0.022
12136,16,28,12,1,5,4,0.033,0.061
12137,13,24,11,1,4,3,0.006,0.028
12138,9,18,9,1,2,1,0.006,0.028
12139,4,9,5,0,1,1,0.000,0.000
12140,15,28,13,1,5,4,0.006,0.028
12143,24,39,15,3,9,6,0.006,0.028
12144,25,40,15,4,9,5,0.006,0.028
12147,8,17,9,0,2,2,0.006,0.028
12148,22,37,15,3,8,5,0.011,0.033
12149,6,13,7,0,1,1,0.006,0.011
12150,20,34,14,3,7,4,0.006,0.028
12151,24,39,15,3,9,6,0.011,0.033
12153,8,18,10,1,2,1,0.006,0.028
12154,21,35,14,2,7,5,0.006,0.028
12155,7,15,8,0,2,2,0.006,0.006
12156,26,42,16,4,10,6,0.006,0.028
12157,13,24,11,1,3,2,0.006,0.011
12158,27,43,16,4,11,7,0.006,0.028
12159,26,41,15,4,10,6,0.006,0.028
12160,16,29,13,2,5,3,0.006,0.011
12161,26,42,16,4,10,6,0.006,0.028
12164,4,10,6,0,1,1,0.000,0.000
12165,10,20,10,1,2,1,0.033,0.061
12166,15,27,12,1,4,3,0.006,0.022
12167,4,9,5,0,1,1,0.000,0.000
12168,10,20,10,1,2,1,0.006,0.028
12169,9,19,10,1,2,1,0.006,0.028
12170,25,40,15,4,10,6,0.011,0.033
12172,31,47,16,5,12,7,0.033,0.061
12173,30,47,17,5,12,7,0.033,0.061
12174,30,47,17,5,12,7,0.033,0.061
12175,4,10,6,0,1,1,0.006,0.011
12176,20,33,13,2,6,4,0.033,0.061
12177,23,37,14,3,8,5,0.006,0.022
12180,22,36,14,3,8,5,0.006,0.028
12182,21,35,14,2,7,5,0.006,0.028
12183,28,44,16,5,11,6,0.006,0.028
12184,24,39,15,3,9,6,0.033,0.061
12185,18,31,13,2,6,4,0.006,0.028
12186,22,36,14,3,8,5,0.006,0.028
12187,6,14,8,0,1,1,0.006,0.011
12188,25,41,16,4,10,6,0.011,0.033
12189,26,42,16,4,10,6,0.006,0.028
12190,7,15,8,0,1,1,0.000,0.000
12192,29,45,16,5,12,7,0.033,0.061
12193,12,23,11,1,3,2,0.006,0.028
12194,9,19,10,0,2,2,0.006,0.011
12195,13,24,11,1,3,2,0.033,0.061
12196,17,30,13,2,5,3,0.006,0.028
12197,5,13,8,0,1,1,0.006,0.006
12198,19,33,14,2,7,5,0.006,0.028
12202,27,43,16,4,11,7,0.006,0.028
12203,26,42,16,4,10,6,0.006,0.028
12204,27,43,16,5,11,6,0.006,0.028
12205,24,39,15,3,9,6,0.006,0.028
12206,27,43,16,5,11,6,0.006,0.028
12207,27,43,16,5,11,6,0.006,0.028
12208,27,43,16,4,11,7,0.006,0.028
12209,29,45,16,5,12,7,0.006,0.028
12210,28,44,16,5,11,6,0.006,0.028
12211,26,41,15,4,10,6,0.006,0.028
12222,26,42,16,4,10,6,0.006,0.028
12302,22,36,14,3,8,5,0.006,0.028
12303,23,37,14,3,8,5,0.006,0.028
12304,22,36,14,3,8,5,0.006,0.028
12305,22,36,14,3,8,5,0.006,0.028
12306,22,36,14,3,8,5,0.006,0.028
12307,21,36,15,3,8,5,0.006,0.028
12308,21,35,14,3,8,5,0.006,0.028
12309,22,36,14,3,8,5,0.006,0.028
12401,33,49,16,6,13,7,0.033,0.061
12404,29,45,16,5,11,6,0.033,0.061
12405,15,27,12,1,5,4,0.033,0.061
12406,1,4,3,0,0,0,0.000,0.000
12407,4,10,6,0,0,0,0.033,0.061
12409,17,30,13,2,5,3,0.033,0.061
12410,2,6,4,0,0,0,0.033,0.061
12411,31,47,16,5,12,7,0.033,0.061
12412,16,29,13,2,5,3,0.033,0.061
12413,23,38,15,3,8,5,0.033,0.061
12414,33,49,16,6,13,7,0.033,0.061
12416,7,16,9,0,1,1,0.033,0.061
12417,34,50,16,6,13,7,0.033,0.061
12418,10,20,10,1,3,2,0.033,0.061
12419,34,51,17,6,14,8,0.033,0.061
12420,18,31,13,2,5,3,0.033,0.061
12421,2,7,5,0,0,0,0.000,0.000
12422,9,17,8,1,2,1,0.033,0.061
12423,18,31,13,2,6,4,0.033,0.061
12424,2,6,4,0,0,0,0.033,0.061
12427,3,8,5,0,1,1,0.033,0.061
12428,17,29,12,2,5,3,0.033,0.061
12429,32,48,16,6,12,6,0.033,0.061
12430,2,6,4,0,0,0,0.000,0.000
12431,21,36,15,3,7,4,0.033,0.061
12432,36,52,16,7,15,8,0.033,0.061
12433,21,36,15,3,7,4,0.033,0.061
12434,6,13,7,0,1,1,0.000,0.000
12435,15,28,13,1,5,4,0.033,0.061
12436,3,9,6,0,0,0,0.033,0.061
12438,6,13,7,0,1,1,0.000,0.000
12439,3,7,4,0,0,0,0.033,0.061
12440,32,48,16,6,13,7,0.033,0.061
12441,2,5,3,0,0,0,0.033,0.061
12442,2,7,5,0,0,0,0.033,0.061
12443,31,47,16,5,12,7,0.033,0.061
12444,4,10,6,0,1,1,0.033,0.061
12446,22,36,14,3,7,4,0.033,0.061
12448,11,21,10,1,3,2,0.033,0.061
12449,33,50,17,6,13,7,0.033,0.061
12450,3,8,5,0,0,0,0.033,0.061
12451,28,44,16,4,11,7,0.033,0.061
12452,4,9,5,0,0,0,0.033,0.061
12453,35,52,17,7,15,8,0.033,0.061
12454,1,4,3,0,0,0,0.033,0.061
12455,4,10,6,0,1,1,0.000,0.000
12456,32,49,17,6,13,7,0.033,0.061
12457,13,24,11,1,3,2,0.033,0.061
12458,18,31,13,2,6,4,0.033,0.061
12459,3,9,6,0,0,0,0.000,0.000
12460,17,30,13,2,5,3,0.033,0.061
12461,20,35,15,2,7,5,0.033,0.061
12463,26,41,15,4,9,5,0.033,0.061
12464,9,18,9,1,2,1,0.033,0.061
12465,2,6,4,0,0,0,0.033,0.061
12466,34,50,16,6,13,7,0.033,0.061
12468,4,11,7,0,1,1,0.033,0.061
12469,9,19,10,1,2,1,0.006,0.028
12470,18,31,13,2,6,4,0.033,0.061
12471,28,44,16,4,11,7,0.033,0.061
12472,34,50,16,6,14,8,0.033,0.061
12473,15,27,12,1,4,3,0.033,0.061
12474,3,9,6,0,0,0,0.000,0.000
12475,32,48,16,6,13,7,0.033,0.061
12477,32,48,16,6,13,7,0.033,0.061
12480,5,12,7,0,1,1,0.033,0.061
12481,22,36,14,3,7,4,0.033,0.061
12482,27,43,16,4,10,6,0.033,0.061
12483,18,31,13,2,6,4,0.033,0.061
12484,31,47,16,5,12,7,0.033,0.061
12485,2,7,5,0,0,0,0.033,0.061
12486,34,51,17,6,14,8,0.033,0.061
12487,32,48,16,5,12,7,0.033,0.061
12489,16,29,13,2,5,3,0.033,0.061
12490,33,50,17,6,14,8,0.033,0.061
12491,23,38,15,3,8,5,0.033,0.061
12492,1,5,4,0,0,0,0.033,0.061
12493,32,48,16,5,12,7,0.033,0.061
12494,14,26,12,1,4,3,0.033,0.061
12495,10,19,9,1,2,1,0.033,0.061
12496,3,8,5,0,0,0,0.033,0.061
12498,22,37,15,3,7,4,0.033,0.061
12501,21,36,15,3,7,4,0.033,0.061
12502,21,35,14,2,7,5,0.033,0.061
12503,19,33,14,2,6,4,0.033,0.061
12504,32,48,16,5,12,7,0.033,0.061
12507,31,48,17,5,12,7,0.033,0.061
12508,31,47,16,6,13,7,0.033,0.061
12512,36,53,17,7,15,8,0.033,0.061
12513,25,41,16,4,9,5,0.033,0.061
12514,26,42,16,4,10,6,0.033,0.061
12515,23,38,15,3,8,5,0.033,0.061
12516,18,31,13,2,6,4,0.033,0.061
12517,12,23,11,1,3,2,0.033,0.061
12518,25,41,16,4,10,6,0.006,0.050
12520,33,49,16,6,14,8,0.006,0.050
12521,19,33,14,2,6,4,0.033,0.061
12522,23,38,15,3,8,5,0.033,0.061
12523,23,37,14,3,8,5,0.033,0.061
12524,32,49,17,6,13,7,0.033,0.061
12525,30,46,16,5,11,6,0.033,0.061
12526,32,48,16,5,13,8,0.033,0.061
12527,29,44,15,5,12,7,0.033,0.061
12528,28,45,17,5,11,6,0.033,0.061
12529,15,27,12,1,4,3,0.033,0.061
12530,21,36,15,2,7,5,0.033,0.061
12531,22,37,15,3,8,5,0.033,0.061
12533,29,46,17,5,12,7,0.033,0.061
12534,29,46,17,5,11,6,0.033,0.061
12538,30,47,17,5,12,7,0.033,0.061
12540,26,42,16,4,10,6,0.033,0.061
12542,33,49,16,6,13,7,0.033,0.061
12543,28,44,16,4,10,6,0.006,0.050
12545,21,36,15,3,7,4,0.033,0.061
12546,17,29,12,2,5,3,0.033,0.061
12547,31,47,16,6,13,7,0.033,0.061
12548,24,39,15,3,9,6,0.033,0.061
12549,29,46,17,5,12,7,0.006,0.050
12550,33,50,17,6,14,8,0.006,0.050
12553,33,50,17,6,14,8,0.006,0.050
12561,30,46,16,5,11,6,0.033,0.061
12563,24,39,15,4,9,5,0.000,0.044
12564,23,38,15,3,8,5,0.033,0.061
12565,21,35,14,2,7,5,0.033,0.061
12566,30,46,16,5,12,7,0.033,0.061
12567,22,36,14,3,7,4,0.033,0.061
12569,27,43,16,4,10,6,0.033,0.061
12570,23,38,15,3,8,5,0.033,0.061
12571,26,42,16,4,9,5,0.033,0.061
12572,28,44,16,4,10,6,0.033,0.061
12574,35,52,17,7,14,7,0.033,0.061
12575,28,44,16,4,10,6,0.006,0.050
12577,26,41,15,4,10,6,0.006,0.050
12578,28,44,16,4,10,6,0.033,0.061
12580,28,44,16,4,10,6,0.033,0.061
12581,22,37,15,3,8,5,0.033,0.061
12582,23,39,16,3,9,6,0.033,0.061
12583,31,48,17,5,12,7,0.033,0.061
12585,22,38,16,3,8,5,0.033,0.061
12586,26,42,16,4,10,6,0.006,0.050
12589,26,41,15,4,9,5,0.033,0.061
12590,33,50,17,6,14,8,0.033,0.061
12592,20,34,14,2,7,5,0.033,0.061
12594,23,38,15,3,8,5,0.033,0.061
12601,31,48,17,6,13,7,0.033,0.061
12603,31,47,16,6,13,7,0.033,0.061
12604,30,47,17,5,12,7,0.033,0.061
12701,10,20,10,1,2,1,0.006,0.006
12719,17,30,13,2,5,3,0.006,0.006
12720,10,20,10,1,2,1,0.006,0.006
12721,30,47,17,5,12,7,0.006,0.006
12722,31,48,17,5,12,7,0.006,0.006
12723,12,23,11,1,3,2,0.006,0.006
12724,7,16,9,0,1,1,0.006,0.006
12725,3,7,4,0,0,0,0.033,0.061
12726,11,22,11,1,3,2,0.006,0.006
12729,23,38,15,3,8,5,0.006,0.050
12732,13,25,12,1,3,2,0.006,0.006
12733,12,23,11,1,3,2,0.006,0.006
12734,11,21,10,1,3,2,0.006,0.006
12736,8,16,8,0,2,2,0.006,0.006
12737,16,29,13,1,5,4,0.006,0.006
12738,12,23,11,1,3,2,0.006,0.006
12740,9,19,10,1,2,1,0.006,0.006
12741,11,21,10,1,3,2,0.006,0.006
12742,10,19,9,1,2,1,0.006,0.006
12743,12,23,11,1,3,2,0.006,0.006
12745,12,22,10,1,3,2,0.006,0.006
12746,22,36,14,3,7,4,0.006,0.050
12747,10,20,10,1,2,1,0.006,0.006
12748,10,20,10,1,2,1,0.006,0.006
12749,11,21,10,1,3,2,0.006,0.006
12750,11,21,10,1,2,1,0.006,0.006
12751,11,21,10,1,3,2,0.006,0.006
12752,12,23,11,1,3,2,0.006,0.006
12754,9,18,9,0,2,2,0.006,0.006
12758,5,11,6,0,1,1,0.006,0.006
12759,10,20,10,1,2,1,0.006,0.006
12760,8,17,9,1,2,1,0.000,0.000
12762,12,22,10,1,3,2,0.006,0.006
12763,14,26,12,1,4,3,0.006,0.006
12764,13,25,12,1,3,2,0.006,0.006
12765,9,18,9,0,2,2,0.006,0.006
12766,9,19,10,1,2,1,0.006,0.006
12767,9,18,9,1,2,1,0.006,0.006
12768,6,13,7,0,1,1,0.006,0.006
12769,22,36,14,3,7,4,0.006,0.006
12770,17,30,13,2,5,3,0.006,0.006
12771,23,39,16,3,8,5,0.006,0.050
12775,12,23,11,1,3,2,0.006,0.006
12776,5,11,6,0,1,1,0.006,0.006
12777,13,25,12,1,4,3,0.006,0.006
12778,11,22,11,1,3,2,0.006,0.006
12779,12,23,11,1,3,2,0.006,0.006
12780,20,35,15,2,7,5,0.006,0.050
12781,22,37,15,3,8,5,0.006,0.006
12783,10,20,10,1,2,1,0.006,0.006
12784,12,23,11,1,3,2,0.006,0.006
12785,24,40,16,3,8,5,0.006,0.050
12786,11,22,11,1,3,2,0.006,0.006
12787,9,18,9,0,2,2,0.006,0.006
12788,12,22,10,1,3,2,0.006,0.006
12789,13,24,11,1,3,2,0.006,0.006
12790,21,36,15,3,7,4,0.006,0.006
12791,9,18,9,1,2,1,0.006,0.006
12792,16,29,13,2,5,3,0.006,0.006
12801,22,36,14,3,8,5,0.011,0.017
12803,23,37,14,3,9,6,0.011,0.033
12804,21,35,14,3,7,4,0.011,0.017
12808,11,21,10,1,3,2,0.011,0.017
12809,16,29,13,2,5,3,0.011,0.028
12810,7,14,7,0,1,1,0.011,0.017
12811,3,9,6,0,0,0,0.011,0.017
12812,2,6,4,0,0,0,0.000,0.000
12814,20,34,14,3,7,4,0.011,0.017
12815,9,18,9,1,2,1,0.011,0.017
12816,15,27,12,1,4,3,0.011,0.028
12817,10,20,10,1,2,1,0.011,0.017
12819,16,28,12,2,5,3,0.011,0.028
12821,21,36,15,3,7,4,0.011,0.028
12822,13,25,12,1,4,3,0.011,0.033
12823,17,30,13,2,5,3,0.011,0.028
12824,17,29,12,2,5,3,0.011,0.017
12827,19,32,13,2,6,4,0.011,0.028
12828,24,39,15,3,9,6,0.011,0.028
12831,25,40,15,4,9,5,0.011,0.033
12832,14,26,12,1,4,3,0.011,0.028
12833,20,34,14,2,7,5,0.011,0.033
12834,18,31,13,2,6,4,0.011,0.028
12835,10,19,9,1,2,1,0.011,0.033
12836,17,29,12,2,5,3,0.011,0.017
12837,16,29,13,1,4,3,0.011,0.028
12838,13,24,11,1,3,2,0.011,0.028
12839,23,37,14,3,9,6,0.011,0.028
12841,7,15,8,0,1,1,0.011,0.028
12842,2,6,4,0,0,0,0.000,0.000
12843,4,10,6,0,1,1,0.011,0.017
12844,9,19,10,1,2,1,0.011,0.028
12845,16,29,13,2,5,3,0.011,0.017
12846,13,24,11,1,4,3,0.011,0.017
12847,3,8,5,0,1,1,0.000,0.000
12849,17,29,12,1,5,4,0.011,0.028
12850,17,29,12,2,5,3,0.011,0.033
12851,5,11,6,0,1,1,0.017,0.011
12852,4,9,5,0,1,1,0.017,0.011
12853,7,14,7,0,1,1,0.011,0.017
12855,7,15,8,0,2,2,0.017,0.011
12856,2,6,4,0,0,0,0.011,0.017
12857,6,14,8,0,1,1,0.017,0.011
12858,9,17,8,1,2,1,0.017,0.011
12859,16,28,12,1,5,4,0.011,0.033
12860,11,21,10,1,3,2,0.011,0.017
12861,19,32,13,2,6,4,0.011,0.028
12862,9,18,9,1,2,1,0.011,0.017
12863,23,37,14,3,8,5,0.011,0.033
12864,2,6,4,0,0,0,0.000,0.000
12865,14,26,12,1,4,3,0.011,0.028
12866,27,42,15,4,11,7,0.011,0.033
12870,10,20,10,1,3,2,0.017,0.011
12871,25,41,16,4,10,6,0.011,0.033
12872,11,21,10,1,3,2,0.017,0.011
12873,13,24,11,1,3,2,0.011,0.028
12874,13,23,10,1,3,2,0.011,0.017
12878,6,14,8,0,1,1,0.011,0.017
12883,18,31,13,2,6,4,0.017,0.011
12884,25,40,15,3,9,6,0.011,0.033
12885,10,20,10,1,2,1,0.011,0.017
12886,8,17,9,0,2,2,0.011,0.017
12887,24,39,15,3,9,6,0.011,0.028
12901,15,26,11,1,4,3,0.000,0.022
12903,15,27,12,1,5,4,0.000,0.022
12910,11,20,9,1,3,2,0.000,0.022
12911,15,26,11,1,4,3,0.000,0.022
12912,11,21,10,1,3,2,0.000,0.022
12913,6,13,7,0,1,1,0.017,0.011
12914,14,26,12,2,5,3,0.000,0.011
12916,11,22,11,1,3,2,0.000,0.011
12917,9,17,8,1,2,1,0.000,0.011
12918,12,22,10,1,3,2,0.000,0.022
12919,13,23,10,1,3,2,0.000,0.022
12920,7,15,8,1,2,1,0.000,0.011
12921,15,26,11,1,4,3,0.000,0.022
12922,6,13,7,0,1,1,0.017,0.033
12923,7,15,8,1,2,1,0.000,0.022
12924,12,23,11,1,3,2,0.000,0.022
12926,12,23,11,1,4,3,0.000,0.011
12927,6,14,8,0,1,1,0.017,0.033
12928,17,29,12,2,6,4,0.017,0.011
12929,11,21,10,1,3,2,0.000,0.022
12930,8,17,9,1,2,1,0.000,0.011
12932,10,20,10,1,3,2,0.017,0.011
12933,8,17,9,1,2,1,0.000,0.022
12934,7,15,8,1,2,1,0.000,0.022
12935,8,16,8,1,2,1,0.000,0.022
12936,17,30,13,2,6,4,0.017,0.011
12937,14,25,11,2,5,3,0.000,0.011
12939,6,13,7,0,1,1,0.000,0.011
12941,11,21,10,1,3,2,0.017,0.011
12942,5,12,7,0,1,1,0.017,0.011
12943,3,8,5,0,1,1,0.017,0.011
12944,14,26,12,1,4,3,0.017,0.011
12945,5,12,7,0,1,1,0.000,0.011
12946,4,11,7,0,1,1,0.017,0.011
12950,14,26,12,1,4,3,0.017,0.011
12952,3,8,5,0,1,1,0.000,0.022
12953,7,16,9,1,2,1,0.000,0.011
12955,7,15,8,0,2,2,0.000,0.022
12956,13,24,11,1,4,3,0.017,0.011
12957,13,24,11,1,4,3,0.000,0.011
12958,12,23,11,1,4,3,0.000,0.022
12959,11,21,10,1,3,2,0.000,0.022
12960,13,24,11,1,4,3,0.017,0.011
12961,11,22,11,1,3,2,0.017,0.011
12962,14,25,11,1,4,3,0.000,0.022
12964,7,15,8,0,2,2,0.017,0.011
12965,11,21,10,1,3,2,0.017,0.033
12966,8,16,8,1,2,1,0.000,0.011
12967,14,25,11,1,4,3,0.017,0.033
12969,6,13,7,0,1,1,0.000,0.011
12970,6,13,7,0,1,1,0.000,0.011
12972,16,29,13,2,5,3,0.000,0.022
12973,5,11,6,0,1,1,0.017,0.033
12974,23,37,14,3,9,6,0.017,0.011
12975,17,30,13,2,6,4,0.017,0.011
12976,6,13,7,0,1,1,0.000,0.011
12977,4,10,6,0,1,1,0.017,0.011
12978,10,19,9,1,2,1,0.000,0.022
12979,13,23,10,1,3,2,0.000,0.022
12980,7,14,7,0,1,1,0.000,0.011
12981,10,19,9,1,2,1,0.000,0.022
12983,5,12,7,0,1,1,0.000,0.011
12985,12,22,10,1,3,2,0.000,0.022
12986,5,12,7,0,1,1,0.000,0.011
12987,9,18,9,1,2,1,0.017,0.011
12989,6,14,8,0,1,1,0.000,0.011
12992,14,25,11,1,4,3,0.000,0.022
12993,18,31,13,2,6,4,0.017,0.011
12996,17,29,12,2,6,4,0.017,0.011
12997,9,18,9,1,2,1,0.017,0.011
12998,10,19,9,1,2,1,0.017,0.011
13020,8,17,9,1,2,1,0.011,0.033
13021,19,33,14,3,7,4,0.000,0.028
13024,20,34,14,3,7,4,0.000,0.028
13026,20,34,14,3,7,4,0.000,0.028
13027,21,35,14,3,8,5,0.011,0.033
13028,16,29,13,2,5,3,0.017,0.017
13029,21,35,14,3,8,5,0.011,0.033
13030,20,34,14,3,7,4,0.006,0.022
13031,17,30,13,2,6,4,0.011,0.033
13032,16,29,13,2,5,3,0.006,0.022
13033,19,32,13,3,7,4,0.000,0.028
13034,23,37,14,3,9,6,0.000,0.028
13035,9,18,9,1,2,1,0.006,0.022
13036,18,31,13,2,6,4,0.017,0.017
13037,15,27,12,2,5,3,0.006,0.022
13039,21,35,14,3,8,5,0.011,0.033
13040,11,22,11,1,3,2,0.000,0.006
13041,21,35,14,3,8,5,0.011,0.033
13042,17,30,13,2,6,4,0.011,0.011
13044,18,31,13,2,6,4,0.017,0.017
13045,12,23,11,1,4,3,0.000,0.006
13051,10,20,10,1,3,2,0.011,0.033
13052,9,18,9,1,2,1,0.006,0.022
13053,11,21,10,1,3,2,0.000,0.017
13054,19,32,13,2,6,4,0.011,0.011
13057,21,34,13,3,7,4,0.011,0.033
13060,19,32,13,3,7,4,0.011,0.033
13061,8,17,9,1,2,1,0.006,0.022
13062,11,21,10,1,3,2,0.000,0.017
13063,8,17,9,1,2,1,0.011,0.033
13064,17,31,14,2,6,4,0.000,0.028
13066,17,29,12,2,6,4,0.011,0.033
13068,12,22,10,1,3,2,0.000,0.017
13069,18,31,13,3,7,4,0.017,0.017
13071,14,26,12,1,4,3,0.000,0.028
13072,9,18,9,1,2,1,0.006,0.022
13073,13,24,11,1,3,2,0.000,0.017
13074,17,30,13,2,6,4,0.017,0.017
13076,15,27,12,2,5,3,0.017,0.017
13077,12,23,11,1,4,3,0.000,0.006
13078,13,24,11,2,4,2,0.011,0.033
13080,21,35,14,3,8,5,0.011,0.033
13081,17,30,13,2,5,3,0.000,0.028
13082,20,33,13,3,7,4,0.006,0.022
13083,5,13,8,0,1,1,0.017,0.017
13084,9,19,10,1,3,2,0.011,0.033
13087,10,20,10,1,3,2,0.000,0.006
13088,21,35,14,3,8,5,0.011,0.033
13090,21,35,14,3,8,5,0.011,0.033
13092,12,23,11,1,3,2,0.000,0.028
13101,10,19,9,1,3,2,0.000,0.006
13102,12,22,10,1,3,2,0.000,0.017
13103,16,28,12,2,5,3,0.017,0.017
13104,14,25,11,1,4,3,0.011,0.033
13108,14,26,12,2,4,2,0.011,0.033
13110,12,23,11,1,3,2,0.011,0.033
13111,19,33,14,3,7,4,0.000,0.028
13112,21,35,14,3,8,5,0.011,0.033
13113,18,32,14,2,6,4,0.000,0.028
13114,15,27,12,1,4,3,0.017,0.017
13115,17,30,13,2,6,4,0.017,0.017
13116,20,34,14,3,7,4,0.011,0.033
13117,22,37,15,3,8,5,0.000,0.028
13118,11,21,10,1,3,2,0.000,0.028
13120,14,25,11,1,4,3,0.011,0.033
13122,8,17,9,1,2,1,0.006,0.022
13123,18,31,13,2,6,4,0.011,0.011
13124,10,20,10,1,3,2,0.000,0.006
13126,16,29,13,2,5,3,0.017,0.017
13131,13,25,12,1,4,3,0.017,0.017
13132,20,33,13,3,7,4,0.017,0.017
13134,10,20,10,1,3,2,0.006,0.022
13135,20,34,14,3,8,5,0.017,0.017
13136,11,21,10,1,3,2,0.000,0.006
13138,8,17,9,1,2,1,0.011,0.033
13140,22,36,14,3,8,5,0.000,0.028
13141,10,19,9,1,3,2,0.000,0.006
13142,11,22,11,1,3,2,0.017,0.017
13143,21,35,14,3,8,5,0.006,0.044
13144,7,16,9,0,1,1,0.017,0.017
13145,8,19,11,0,2,2,0.017,0.017
13146,21,35,14,3,7,4,0.006,0.044
13147,13,25,12,1,4,3,0.000,0.028
13148,24,39,15,4,9,5,0.006,0.044
13152,14,26,12,2,4,2,0.011,0.033
13153,17,30,13,2,6,4,0.011,0.033
13155,8,17,9,1,2,1,0.000,0.006
13156,17,31,14,2,6,4,0.000,0.028
13157,18,32,14,2,6,4,0.011,0.011
13158,9,18,9,1,2,1,0.000,0.006
13159,8,17,9,1,2,1,0.011,0.033
13160,20,34,14,3,7,4,0.000,0.028
13162,19,32,13,2,6,4,0.011,0.011
13163,17,29,12,2,5,3,0.006,0.022
13164,21,35,14,3,8,5,0.011,0.033
13165,23,37,14,3,8,5,0.006,0.044
13166,21,36,15,3,8,5,0.000,0.028
13167,17,30,13,2,6,4,0.017,0.017
13202,21,35,14,3,8,5,0.011,0.033
13203,20,33,13,3,7,4,0.011,0.033
13204,20,34,14,3,7,4,0.011,0.033
13205,18,31,13,2,6,4,0.011,0.033
13206,20,34,14,3,7,4,0.011,0.033
13207,19,33,14,3,7,4,0.011,0.033
13208,21,35,14,3,8,5,0.011,0.033
13209,20,34,14,3,7,4,0.011,0.033
13210,18,31,13,2,6,4,0.011,0.033
13211,21,35,14,3,8,5,0.011,0.033
13212,21,35,14,3,8,5,0.011,0.033
13214,20,33,13,3,7,4,0.011,0.033
13215,15,27,12,2,5,3,0.011,0.033
13219,19,32,13,2,6,4,0.011,0.033
13224,19,32,13,3,7,4,0.011,0.033
13290,21,35,14,3,8,5,0.011,0.033
13301,7,16,9,0,2,2,0.011,0.011
13302,11,22,11,1,3,2,0.017,0.017
13303,11,22,11,1,3,2,0.011,0.011
13304,13,25,12,1,4,3,0.011,0.011
13305,10,20,10,1,2,1,0.011,0.011
13308,18,31,13,2,6,4,0.011,0.011
13309,7,15,8,0,1,1,0.011,0.011
13310,12,24,12,1,4,3,0.006,0.022
13312,6,13,7,0,1,1,0.011,0.011
13313,12,24,12,1,4,3,0.011,0.011
13314,12,22,10,1,3,2,0.006,0.022
13315,10,20,10,1,3,2,0.006,0.006
13316,13,24,11,1,4,3,0.011,0.011
13317,18,31,13,2,6,4,0.006,0.022
13318,11,22,11,1,3,2,0.011,0.011
13319,14,26,12,1,4,3,0.011,0.011
13320,5,13,8,0,1,1,0.006,0.006
13321,19,33,14,2,6,4,0.011,0.011
13322,11,21,10,1,3,2,0.017,0.022
13323,15,27,12,2,5,3,0.011,0.011
13324,6,14,8,0,1,1,0.017,0.022
13325,4,10,6,0,1,1,0.011,0.011
13326,10,20,10,1,3,2,0.006,0.006
13327,7,16,9,0,2,2,0.011,0.011
13328,13,25,12,1,4,3,0.011,0.011
13329,15,27,12,1,4,3,0.017,0.022
13331,5,12,7,0,1,1,0.017,0.022
13332,14,26,12,1,4,3,0.006,0.022
13333,6,15,9,0,1,1,0.006,0.006
13334,11,21,10,1,3,2,0.006,0.022
13335,12,24,12,1,3,2,0.006,0.006
13337,10,21,11,1,3,2,0.006,0.006
13338,6,13,7,0,1,1,0.011,0.011
13339,19,32,13,2,6,4,0.006,0.022
13340,19,33,14,2,7,5,0.017,0.022
13341,17,30,13,2,5,3,0.011,0.011
13342,11,21,10,1,3,2,0.006,0.006
13343,8,17,9,0,2,2,0.011,0.011
13345,8,17,9,0,2,2,0.011,0.011
13346,13,25,12,1,4,3,0.006,0.022
13348,10,20,10,1,3,2,0.006,0.006
13350,23,37,14,3,8,5,0.017,0.022
13352,9,18,9,0,2,2,0.011,0.011
13353,2,6,4,0,0,0,0.000,0.000
13354,13,25,12,1,4,3,0.011,0.011
13355,10,21,11,1,3,2,0.006,0.022
13357,14,26,12,1,4,3,0.017,0.022
13360,4,11,7,0,1,1,0.000,0.000
13361,7,16,9,0,2,2,0.017,0.022
13362,10,20,10,1,3,2,0.011,0.011
13363,15,27,12,1,4,3,0.011,0.011
13364,10,20,10,1,3,2,0.006,0.022
13365,18,32,14,2,6,4,0.017,0.022
13367,7,15,8,0,2,2,0.011,0.011
13368,8,17,9,0,2,2,0.011,0.011
13402,11,21,10,1,3,2,0.006,0.022
13403,19,33,14,2,6,4,0.011,0.011
13404,7,16,9,0,2,2,0.011,0.011
13406,11,21,10,1,3,2,0.017,0.022
13407,13,24,11,1,4,3,0.017,0.022
13408,10,21,11,1,3,2,0.006,0.022
13409,11,22,11,1,3,2,0.006,0.022
13410,21,36,15,2,7,5,0.006,0.022
13411,13,24,11,1,4,3,0.006,0.006
13413,17,30,13,2,5,3,0.011,0.011
13415,11,23,12,1,3,2,0.006,0.006
13416,11,21,10,1,3,2,0.017,0.022
13417,20,34,14,2,7,5,0.011,0.011
13418,9,19,10,1,3,2,0.006,0.022
13420,4,9,5,0,1,1,0.017,0.022
13421,17,29,12,2,5,3,0.006,0.022
13424,20,34,14,2,7,5,0.011,0.011
13425,11,22,11,1,3,2,0.011,0.011
13428,22,36,14,3,7,4,0.006,0.022
13431,12,22,10,1,3,2,0.017,0.022
13433,8,16,8,0,2,2,0.011,0.011
13435,11,22,11,1,3,2,0.011,0.011
13436,4,11,7,0,1,1,0.000,0.000
13437,7,15,8,0,2,2,0.017,0.017
13438,8,17,9,0,2,2,0.011,0.011
13439,9,18,9,1,2,1,0.006,0.006
13440,18,31,13,2,6,4,0.011,0.011
13441,18,32,14,2,6,4,0.011,0.011
13450,6,14,8,0,1,1,0.006,0.006
13452,17,30,13,2,5,3,0.006,0.022
13454,10,21,11,1,3,2,0.017,0.022
13456,11,22,11,1,3,2,0.011,0.011
13459,10,21,11,1,3,2,0.006,0.011
13460,13,25,12,1,4,3,0.000,0.006
13461,16,29,13,2,5,3,0.011,0.011
13464,12,24,12,1,4,3,0.000,0.006
13468,8,18,10,0,2,2,0.006,0.006
13469,15,28,13,1,5,4,0.011,0.011
13470,6,14,8,0,1,1,0.006,0.022
13471,13,25,12,1,4,3,0.011,0.011
13472,3,9,6,0,1,1,0.017,0.022
13473,5,12,7,0,1,1,0.011,0.011
13475,7,15,8,0,2,2,0.017,0.022
13476,16,28,12,2,5,3,0.011,0.011
13477,12,23,11,1,3,2,0.011,0.011
13478,18,31,13,2,6,4,0.011,0.011
13480,9,19,10,1,3,2,0.011,0.011
13483,13,25,12,1,4,3,0.011,0.011
13484,10,20,10,1,3,2,0.006,0.022
13485,11,22,11,1,3,2,0.006,0.022
13486,11,21,10,1,3,2,0.011,0.011
13488,4,11,7,0,1,1,0.006,0.006
13489,5,12,7,0,1,1,0.011,0.011
13490,17,30,13,2,5,3,0.011,0.011
13491,10,20,10,1,3,2,0.017,0.022
13492,21,36,15,3,7,4,0.011,0.011
13493,13,25,12,1,4,3,0.017,0.017
13494,6,13,7,0,1,1,0.011,0.011
13495,22,37,15,3,8,5,0.011,0.011
13501,18,31,13,2,6,4,0.011,0.011
13502,20,34,14,2,7,5,0.011,0.011
13601,11,21,10,1,3,2,0.017,0.028
13602,11,21,10,1,3,2,0.017,0.028
13603,11,21,10,1,3,2,0.017,0.028
13605,6,14,8,0,1,1,0.017,0.028
13606,7,15,8,0,2,2,0.017,0.028
13607,15,27,12,2,5,3,0.017,0.028
13608,13,24,11,1,4,3,0.017,0.028
13612,8,17,9,1,2,1,0.017,0.028
13613,15,27,12,2,5,3,0.017,0.033
13614,14,24,10,2,5,3,0.017,0.033
13615,11,21,10,1,3,2,0.017,0.028
13616,12,22,10,1,3,2,0.017,0.028
13617,13,23,10,1,4,3,0.017,0.033
13618,5,12,7,0,1,1,0.017,0.028
13619,9,18,9,1,2,1,0.017,0.028
13620,10,19,9,1,2,1,0.011,0.011
13621,14,25,11,2,5,3,0.017,0.033
13622,9,19,10,1,2,1,0.017,0.028
13623,14,25,11,2,5,3,0.017,0.033
13624,13,23,10,1,4,3,0.017,0.028
13625,9,18,9,1,2,1,0.017,0.033
13626,4,10,6,0,1,1,0.011,0.011
13628,10,20,10,1,3,2,0.017,0.028
13630,13,24,11,2,4,2,0.017,0.033
13633,14,25,11,2,5,3,0.017,0.033
13634,9,19,10,1,2,1,0.017,0.028
13635,11,21,10,1,3,2,0.017,0.033
13636,7,16,9,0,1,1,0.017,0.028
13637,12,23,11,1,4,3,0.017,0.028
13638,9,18,9,1,2,1,0.017,0.028
13639,8,16,8,1,2,1,0.017,0.033
13640,16,28,12,2,5,3,0.017,0.028
13641,16,27,11,2,5,3,0.017,0.028
13642,14,25,11,2,4,2,0.017,0.033
13643,10,20,10,1,3,2,0.017,0.028
13646,15,26,11,2,5,3,0.017,0.033
13647,10,20,10,1,3,2,0.017,0.033
13648,9,19,10,1,2,1,0.011,0.011
13650,6,14,8,0,1,1,0.017,0.028
13651,5,13,8,0,1,1,0.017,0.028
13652,11,21,10,1,3,2,0.017,0.033
13654,14,25,11,2,5,3,0.017,0.033
13655,15,26,11,2,5,3,0.000,0.011
13656,13,24,11,2,4,2,0.017,0.028
13658,14,25,11,2,5,3,0.017,0.033
13659,3,9,6,0,0,0,0.017,0.028
13660,14,24,10,2,5,3,0.017,0.033
13661,6,15,9,0,1,1,0.017,0.028
13662,15,26,11,2,5,3,0.017,0.033
13664,13,24,11,2,4,2,0.017,0.033
13665,9,18,9,1,2,1,0.017,0.028
13666,7,15,8,0,2,2,0.017,0.033
13667,14,25,11,2,5,3,0.017,0.033
13668,13,24,11,2,4,2,0.017,0.033
13669,15,26,11,2,5,3,0.017,0.033
13670,7,14,7,0,1,1,0.017,0.033
13672,8,16,8,1,2,1,0.017,0.033
13673,12,22,10,1,4,3,0.017,0.028
13674,5,12,7,0,1,1,0.017,0.028
13675,14,25,11,2,4,2,0.017,0.028
13676,12,22,10,1,4,3,0.017,0.033
13677,11,21,10,1,3,2,0.017,0.033
13678,14,25,11,2,5,3,0.017,0.033
13679,15,26,11,2,5,3,0.017,0.028
13680,14,25,11,2,5,3,0.017,0.033
13681,14,25,11,2,4,2,0.017,0.033
13682,5,12,7,0,1,1,0.017,0.028
13684,9,19,10,1,2,1,0.017,0.033
13685,10,19,9,1,3,2,0.017,0.028
13687,7,15,8,0,2,2,0.017,0.033
13690,7,14,7,0,2,2,0.017,0.033
13691,13,24,11,2,4,2,0.017,0.028
13692,17,29,12,2,6,4,0.017,0.028
13693,6,14,8,0,1,1,0.017,0.028
13694,14,24,10,2,5,3,0.017,0.033
13695,6,13,7,0,1,1,0.017,0.033
13696,13,25,12,1,4,3,0.017,0.033
13697,14,26,12,2,5,3,0.017,0.033
13730,12,23,11,1,3,2,0.000,0.006
13731,4,10,6,0,1,1,0.000,0.000
13732,13,25,12,1,4,3,0.000,0.011
13733,12,24,12,1,3,2,0.000,0.006
13734,18,31,13,2,5,3,0.000,0.011
13736,12,23,11,1,3,2,0.000,0.011
13739,5,12,7,0,1,1,0.000,0.000
13740,3,8,5,0,0,0,0.000,0.000
13743,14,26,12,1,4,3,0.000,0.011
13744,13,24,11,1,3,2,0.000,0.006
13746,13,25,12,1,4,3,0.000,0.006
13748,15,27,12,1,4,3,0.000,0.006
13750,7,16,9,0,2,2,0.000,0.000
13751,9,18,9,0,2,2,0.000,0.000
13752,5,12,7,0,1,1,0.000,0.000
13753,6,14,8,0,1,1,0.000,0.000
13754,10,20,10,1,2,1,0.000,0.006
13755,6,13,7,0,1,1,0.000,0.000
13756,6,14,8,0,1,1,0.000,0.000
13757,5,13,8,0,1,1,0.000,0.000
13760,16,28,12,2,5,3,0.000,0.006
13774,6,13,7,0,1,1,0.000,0.000
13775,9,18,9,1,2,1,0.000,0.000
13776,11,22,11,1,3,2,0.006,0.006
13777,10,20,10,1,2,1,0.000,0.006
13778,13,25,12,1,4,3,0.000,0.006
13780,9,19,10,1,2,1,0.000,0.006
13782,6,14,8,0,1,1,0.000,0.000
13783,10,20,10,1,2,1,0.000,0.000
13784,9,18,9,1,2,1,0.000,0.006
13786,5,12,7,0,1,1,0.000,0.000
13787,12,23,11,1,3,2,0.000,0.006
13788,3,8,5,0,0,0,0.000,0.000
13790,14,26,12,1,4,3,0.000,0.006
13794,13,25,12,1,4,3,0.000,0.006
13795,12,23,11,1,3,2,0.000,0.006
13796,11,22,11,1,3,2,0.006,0.006
13797,12,23,11,1,3,2,0.000,0.006
13801,10,20,10,1,3,2,0.000,0.006
13802,12,23,11,1,3,2,0.000,0.006
13803,12,23,11,1,3,2,0.000,0.006
13804,8,16,8,0,2,2,0.000,0.000
13806,5,11,6,0,1,1,0.000,0.000
13807,11,21,10,1,3,2,0.006,0.006
13808,11,22,11,1,3,2,0.006,0.006
13809,12,24,12,1,3,2,0.000,0.006
13810,11,21,10,1,3,2,0.006,0.006
13811,13,24,11,1,4,3,0.000,0.011
13812,14,26,12,1,4,3,0.000,0.011
13813,10,20,10,1,2,1,0.000,0.006
13815,12,23,11,1,3,2,0.000,0.006
13820,11,22,11,1,3,2,0.006,0.006
13825,12,23,11,1,3,2,0.006,0.006
13826,13,24,11,1,3,2,0.000,0.006
13827,15,28,13,2,4,2,0.000,0.011
13830,11,22,11,1,3,2,0.000,0.006
13832,10,21,11,1,3,2,0.000,0.006
13833,11,21,10,1,3,2,0.000,0.006
13834,10,20,10,1,3,2,0.006,0.006
13835,11,21,10,1,3,2,0.000,0.011
13838,9,19,10,1,2,1,0.000,0.000
13839,8,16,8,0,2,2,0.000,0.000
13841,12,23,11,1,3,2,0.000,0.006
13842,4,11,7,0,1,1,0.000,0.000
13843,11,22,11,1,3,2,0.000,0.006
13844,9,19,10,1,2,1,0.000,0.006
13845,16,28,12,2,5,3,0.000,0.011
13846,6,14,8,0,1,1,0.000,0.000
13847,9,18,9,1,2,1,0.000,0.000
13849,12,23,11,1,3,2,0.006,0.006
13850,12,23,11,1,3,2,0.000,0.006
13856,7,16,9,0,2,2,0.000,0.000
13859,13,25,12,1,4,3,0.006,0.006
13860,9,19,10,1,2,1,0.000,0.000
13861,13,25,12,1,4,3,0.006,0.006
13862,12,23,11,1,3,2,0.000,0.006
13863,11,21,10,1,3,2,0.000,0.006
13864,13,24,11,1,4,3,0.000,0.011
13865,10,20,10,1,2,1,0.000,0.006
13901,13,25,12,1,4,3,0.000,0.006
13902,11,22,11,1,3,2,0.000,0.006
13903,11,21,10,1,3,2,0.000,0.006
13904,13,24,11,1,3,2,0.000,0.006
13905,13,24,11,1,3,2,0.000,0.006
14001,16,29,13,2,4,2,0.017,0.033
14004,11,21,10,1,2,1,0.017,0.033
14005,15,27,12,1,4,3,0.000,0.011
14006,14,27,13,1,3,2,0.017,0.033
14008,16,29,13,2,5,3,0.033,0.078
14009,6,14,8,0,1,1,0.006,0.000
14011,11,21,10,1,2,1,0.006,0.000
14012,17,30,13,2,5,3,0.033,0.078
14013,19,33,14,2,6,4,0.000,0.011
14020,19,32,13,2,5,3,0.000,0.011
14024,5,12,7,0,1,1,0.006,0.000
14025,6,13,7,0,1,1,0.017,0.033
14026,14,25,11,1,3,2,0.017,0.033
14028,16,28,12,2,5,3,0.033,0.078
14030,8,18,10,0,1,1,0.017,0.033
14031,14,26,12,1,3,2,0.017,0.033
14032,15,28,13,1,4,3,0.017,0.033
14033,5,12,7,0,1,1,0.017,0.033
14034,13,25,12,1,3,2,0.017,0.033
14035,11,22,11,1,2,1,0.017,0.033
14036,17,30,13,2,5,3,0.000,0.011
14037,8,17,9,0,1,1,0.006,0.000
14039,9,19,10,1,2,1,0.006,0.000
14040,12,24,12,1,3,2,0.000,0.011
14041,9,18,9,1,2,1,0.000,0.006
14042,6,14,8,0,1,1,0.000,0.006
14043,13,25,12,1,3,2,0.017,0.033
14047,14,26,12,1,3,2,0.017,0.033
14048,17,30,13,2,5,3,0.011,0.039
14051,15,27,12,1,4,3,0.017,0.033
14052,7,16,9,0,1,1,0.017,0.033
14054,14,26,12,1,3,2,0.000,0.011
14055,7,16,9,0,1,1,0.017,0.033
14057,10,20,10,1,2,1,0.017,0.033
14058,21,35,14,3,7,4,0.000,0.011
14059,10,21,11,1,2,1,0.017,0.033
14060,5,12,7,0,1,1,0.000,0.006
14061,17,30,13,2,4,2,0.017,0.033
14062,9,19,10,1,2,1,0.011,0.039
14063,13,25,12,1,3,2,0.011,0.039
14065,5,12,7,0,1,1,0.000,0.006
14066,7,15,8,0,1,1,0.006,0.000
14067,17,29,12,2,5,3,0.033,0.078
14068,15,27,12,1,4,3,0.017,0.033
14069,6,13,7,0,1,1,0.017,0.033
14070,13,25,12,1,3,2,0.000,0.006
14072,14,26,12,1,4,3,0.017,0.033
14075,10,21,11,1,2,1,0.017,0.033
14080,7,16,9,0,1,1,0.017,0.033
14081,16,29,13,1,4,3,0.017,0.033
14082,6,14,8,0,1,1,0.006,0.000
14085,13,25,12,1,3,2,0.017,0.033
14086,13,24,11,1,3,2,0.017,0.033
14091,11,22,11,1,2,1,0.017,0.033
14092,15,26,11,2,5,3,0.033,0.078
14094,18,30,12,2,5,3,0.033,0.078
14098,20,34,14,3,7,4,0.022,0.072
14101,5,12,7,0,1,1,0.000,0.006
14102,8,18,10,0,2,2,0.017,0.033
14103,18,31,13,2,6,4,0.022,0.072
14105,17,30,13,2,5,3,0.033,0.078
14108,18,30,12,2,6,4,0.033,0.078
14109,16,27,11,2,5,3,0.033,0.078
14111,13,24,11,1,3,2,0.017,0.033
14112,14,26,12,1,3,2,0.017,0.033
14113,5,12,7,0,1,1,0.006,0.000
14120,17,29,12,2,5,3,0.033,0.078
14125,20,34,14,2,6,4,0.000,0.011
14126,16,28,12,2,5,3,0.033,0.078
14127,9,19,10,0,2,2,0.017,0.033
14129,12,24,12,1,3,2,0.000,0.006
14130,8,17,9,0,2,2,0.006,0.000
14131,18,31,13,3,6,3,0.033,0.078
14132,17,30,13,2,5,3,0.033,0.078
14134,8,18,10,0,1,1,0.017,0.033
14135,14,27,13,1,4,3,0.011,0.039
14136,15,28,13,1,4,3,0.011,0.039
14138,8,18,10,0,2,2,0.000,0.006
14139,7,15,8,0,1,1,0.017,0.033
14141,8,17,9,0,1,1,0.017,0.033
14143,17,30,13,2,5,3,0.000,0.011
14145,8,17,9,0,1,1,0.006,0.000
14150,14,26,12,1,4,3,0.017,0.033
14167,6,14,8,0,1,1,0.006,0.000
14168,17,31,14,2,5,3,0.000,0.006
14169,7,15,8,0,1,1,0.017,0.033
14170,5,12,7,0,1,1,0.017,0.033
14171,6,13,7,0,1,1,0.000,0.006
14172,17,29,12,2,6,4,0.033,0.078
14173,8,17,9,0,1,1,0.000,0.006
14174,16,28,12,2,6,4,0.033,0.078
14201,11,21,10,1,2,1,0.017,0.033
14202,11,21,10,1,2,1,0.017,0.033
14203,11,21,10,1,2,1,0.017,0.033
14204,11,21,10,1,2,1,0.017,0.033
14206,13,25,12,1,3,2,0.017,0.033
14207,12,23,11,1,3,2,0.017,0.033
14208,12,23,11,1,3,2,0.017,0.033
14209,11,22,11,1,2,1,0.017,0.033
14210,13,24,11,1,3,2,0.017,0.033
14211,13,25,12,1,3,2,0.017,0.033
14212,13,25,12,1,3,2,0.017,0.033
14213,11,21,10,1,2,1,0.017,0.033
14214,13,25,12,1,3,2,0.017,0.033
14215,13,25,12,1,3,2,0.017,0.033
14216,13,24,11,1,3,2,0.017,0.033
14217,13,24,11,1,3,2,0.017,0.033
14218,12,24,12,1,3,2,0.017,0.033
14219,12,23,11,1,3,2,0.017,0.033
14220,13,24,11,1,3,2,0.017,0.033
14221,14,26,12,1,3,2,0.017,0.033
14222,11,22,11,1,2,1,0.017,0.033
14223,13,25,12,1,3,2,0.017,0.033
14224,12,24,12,1,3,2,0.017,0.033
14225,14,26,12,1,3,2,0.017,0.033
14226,13,25,12,1,3,2,0.017,0.033
14227,13,25,12,1,3,2,0.017,0.033
14228,15,27,12,1,4,3,0.017,0.033
14261,14,26,12,1,4,3,,
14301,15,27,12,2,5,3,0.033,0.078
14302,15,27,12,2,5,3,0.033,0.078
14303,15,27,12,2,5,3,0.033,0.078
14304,17,29,12,2,5,3,0.033,0.078
14305,16,27,11,2,5,3,0.033,0.078
14411,21,34,13,3,7,4,0.022,0.072
14414,18,31,13,2,5,3,0.006,0.011
14415,20,34,14,3,6,3,0.000,0.017
14416,20,33,13,3,6,3,0.000,0.011
14418,12,23,11,1,3,2,0.000,0.017
14420,19,32,13,3,6,3,0.011,0.022
14422,21,34,13,3,7,4,0.000,0.011
14423,20,33,13,2,6,4,0.006,0.011
14424,18,31,13,2,6,4,0.006,0.044
14425,21,35,14,3,7,4,0.006,0.044
14427,12,24,12,1,3,2,0.006,0.000
14428,20,33,13,2,6,4,0.011,0.022
14432,19,33,14,3,6,3,0.006,0.044
14433,20,34,14,3,7,4,0.006,0.044
14435,11,21,10,1,3,2,0.006,0.011
14437,14,26,12,1,4,3,0.006,0.011
14441,22,37,15,3,8,5,0.000,0.017
14445,21,35,14,3,7,4,0.011,0.022
14450,20,33,13,3,6,3,0.011,0.022
14454,16,28,12,2,4,2,0.006,0.011
14456,21,35,14,3,7,4,0.006,0.044
14462,18,31,13,2,5,3,0.006,0.011
14464,20,33,13,3,7,4,0.011,0.022
14466,13,24,11,1,3,2,0.006,0.044
14467,19,32,13,2,6,4,0.011,0.022
14468,19,32,13,2,6,4,0.011,0.022
14469,15,27,12,1,4,3,0.006,0.044
14470,20,32,12,3,6,3,0.022,0.072
14471,11,21,10,1,3,2,0.006,0.044
14472,19,33,14,3,6,3,0.011,0.022
14475,16,29,13,2,5,3,0.006,0.044
14476,23,36,13,4,9,5,0.022,0.072
14477,24,39,15,5,10,5,0.022,0.072
14478,16,29,13,2,4,2,0.000,0.017
14479,20,33,13,3,6,3,0.022,0.072
14480,16,29,13,2,5,3,0.006,0.011
14481,21,36,15,3,7,4,0.006,0.011
14482,17,30,13,2,5,3,0.000,0.011
14485,17,31,14,2,5,3,0.006,0.011
14486,18,31,13,2,5,3,0.006,0.011
14487,14,26,12,1,4,3,0.006,0.011
14489,20,34,14,3,7,4,0.006,0.044
14502,20,34,14,3,7,4,0.006,0.044
14504,21,35,14,3,7,4,0.006,0.044
14505,20,34,14,3,7,4,0.006,0.044
14506,20,34,14,3,7,4,0.011,0.022
14507,11,22,11,1,3,2,0.000,0.017
14510,21,35,14,3,7,4,0.006,0.011
14511,20,34,14,3,6,3,0.011,0.022
14512,10,20,10,1,2,1,0.006,0.044
14513,20,34,14,3,7,4,0.006,0.044
14514,19,32,13,2,6,4,0.011,0.022
14516,23,37,14,4,9,5,0.006,0.044
14517,12,24,12,1,3,2,0.006,0.011
14519,19,32,13,2,6,4,0.006,0.044
14521,18,32,14,2,6,4,0.006,0.044
14522,21,35,14,3,7,4,0.006,0.044
14525,15,28,13,2,4,2,0.000,0.011
14526,20,33,13,3,7,4,0.011,0.022
14527,17,30,13,2,5,3,0.000,0.017
14529,8,17,9,0,2,2,0.006,0.017
14530,13,25,12,1,3,2,0.006,0.000
14532,20,34,14,3,7,4,0.006,0.044
14533,21,35,14,3,7,4,0.006,0.011
14534,20,33,13,3,7,4,0.011,0.022
14536,11,21,10,1,2,1,0.006,0.000
14537,21,35,14,3,7,4,0.006,0.044
14539,22,37,15,3,7,4,0.006,0.011
14541,22,36,14,3,8,5,0.006,0.044
14542,22,36,14,3,8,5,0.006,0.044
14543,20,34,14,3,6,3,0.011,0.022
14544,14,25,11,1,4,3,0.000,0.017
14545,9,19,10,1,2,1,0.006,0.011
14546,20,34,14,3,6,3,0.011,0.022
14548,21,35,14,3,7,4,0.006,0.044
14549,11,21,10,1,2,1,0.006,0.000
14550,10,20,10,1,2,1,0.006,0.000
14551,22,36,14,3,8,5,0.006,0.044
14555,24,39,15,4,10,6,0.006,0.044
14559,19,32,13,2,6,4,0.011,0.022
14560,8,17,9,1,2,1,0.006,0.011
14561,15,27,12,2,4,2,0.006,0.044
14564,20,34,14,3,7,4,0.006,0.044
14568,20,34,14,3,7,4,0.006,0.044
14569,8,18,10,1,2,1,0.006,0.000
14571,24,38,14,5,9,4,0.022,0.072
14572,7,16,9,0,1,1,0.006,0.017
14580,19,32,13,2,6,4,0.011,0.022
14585,17,29,12,2,5,3,0.006,0.044
14586,19,32,13,2,6,4,0.011,0.022
14588,19,32,13,2,6,4,0.006,0.044
14589,20,34,14,2,6,4,0.006,0.044
14590,22,36,14,3,8,5,0.006,0.044
14591,13,24,11,1,3,2,0.006,0.000
14592,20,34,14,2,6,4,0.006,0.011
14604,19,32,13,2,6,4,0.011,0.022
14605,19,33,14,3,6,3,0.011,0.022
14606,19,32,13,3,6,3,0.011,0.022
14607,20,33,13,3,7,4,0.011,0.022
14608,19,33,14,3,6,3,0.011,0.022
14609,20,33,13,3,7,4,0.011,0.022
14610,21,34,13,3,7,4,0.011,0.022
14611,20,33,13,3,7,4,0.011,0.022
14612,20,33,13,3,7,4,0.011,0.022
14613,19,32,13,3,6,3,0.011,0.022
14614,19,32,13,2,6,4,0.011,0.022
14615,20,33,13,3,7,4,0.011,0.022
14616,20,33,13,3,7,4,0.011,0.022
14617,20,33,13,3,7,4,0.011,0.022
14618,20,34,14,3,7,4,0.011,0.022
14619,20,33,13,3,7,4,0.011,0.022
14620,20,33,13,3,7,4,0.011,0.022
14621,19,32,13,2,6,4,0.011,0.022
14622,20,33,13,3,7,4,0.011,0.022
14623,19,33,14,3,6,3,0.011,0.022
14624,20,33,13,3,6,3,0.011,0.022
14625,20,33,13,3,7,4,0.011,0.022
14626,20,33,13,3,7,4,0.011,0.022
14627,20,33,13,3,7,4,0.011,0.022
14701,10,19,9,1,2,1,0.011,0.039
14706,7,16,9,0,1,1,0.000,0.006
14707,4,11,7,0,1,1,0.006,0.000
14708,5,12,7,0,1,1,0.006,0.000
14709,7,15,8,0,1,1,0.006,0.000
14710,9,18,9,1,2,1,0.011,0.039
14711,9,18,9,0,2,2,0.006,0.000
14712,8,18,10,1,2,1,0.011,0.039
14714,6,14,8,0,1,1,0.006,0.000
14715,5,12,7,0,1,1,0.006,0.000
14716,12,23,11,1,3,2,0.011,0.039
14717,8,17,9,0,1,1,0.006,0.000
14718,7,16,9,0,1,1,0.011,0.039
14719,6,14,8,0,1,1,0.000,0.006
14720,9,18,9,1,2,1,0.011,0.039
14721,7,16,9,0,1,1,0.006,0.000
14722,9,19,10,1,2,1,0.011,0.039
14723,8,16,8,0,1,1,0.011,0.039
14724,8,18,10,0,1,1,0.011,0.039
14726,8,18,10,0,1,1,0.000,0.006
14727,6,14,8,0,1,1,0.006,0.000
14728,7,16,9,0,1,1,0.011,0.039
14729,6,14,8,0,1,1,0.000,0.006
14731,5,13,8,0,1,1,0.000,0.006
14732,7,16,9,0,1,1,0.011,0.039
14733,11,22,11,1,2,1,0.011,0.039
14735,9,18,9,0,2,2,0.006,0.000
14736,8,17,9,0,1,1,0.011,0.039
14737,5,12,7,0,1,1,0.000,0.006
14738,7,16,9,0,1,1,0.011,0.039
14739,6,13,7,0,1,1,0.006,0.000
14740,7,15,8,0,1,1,0.011,0.039
14741,6,14,8,0,1,1,0.000,0.006
14742,10,19,9,1,2,1,0.011,0.039
14743,6,14,8,0,1,1,0.000,0.006
14744,9,19,10,1,2,1,0.006,0.000
14747,8,17,9,0,2,2,0.011,0.039
14748,6,14,8,0,1,1,0.000,0.006
14750,7,16,9,0,1,1,0.011,0.039
14752,8,17,9,0,2,2,0.011,0.039
14753,6,15,9,0,1,1,0.000,0.006
14754,6,14,8,0,1,1,0.006,0.000
14755,5,12,7,0,1,1,0.000,0.006
14756,7,16,9,0,1,1,,
14757,8,17,9,1,2,1,0.011,0.039
14760,8,17,9,0,1,1,0.000,0.006
14767,8,17,9,0,1,1,0.011,0.039
14769,12,23,11,1,3,2,0.011,0.039
14770,7,15,8,0,1,1,0.000,0.006
14772,7,16,9,0,1,1,0.000,0.006
14774,5,12,7,0,1,1,0.006,0.000
14775,7,16,9,0,2,2,0.011,0.039
14777,7,15,8,0,1,1,0.006,0.000
14778,8,17,9,0,1,1,0.000,0.006
14779,7,16,9,0,1,1,0.000,0.006
14781,6,14,8,0,1,1,0.011,0.039
14782,6,14,8,0,1,1,0.011,0.039
14783,8,17,9,0,1,1,0.000,0.006
14784,8,17,9,0,2,2,0.011,0.039
14787,12,23,11,1,3,2,0.011,0.039
14788,8,17,9,0,1,1,0.000,0.006
14801,14,27,13,1,4,3,0.006,0.017
14802,7,16,9,0,1,1,0.006,0.000
14803,6,15,9,0,1,1,0.006,0.000
14804,7,16,9,0,1,1,0.006,0.000
14805,11,21,10,1,3,2,0.000,0.017
14806,6,13,7,0,1,1,0.006,0.000
14807,9,19,10,1,2,1,0.006,0.017
14808,7,15,8,0,1,1,0.006,0.017
14809,10,20,10,1,2,1,0.006,0.017
14810,13,24,11,1,3,2,0.006,0.017
14812,12,23,11,1,3,2,0.000,0.017
14813,7,16,9,0,1,1,0.006,0.000
14814,18,32,14,2,5,3,0.006,0.017
14815,12,23,11,1,3,2,0.000,0.017
14816,14,27,13,1,4,3,0.006,0.017
14817,10,20,10,1,3,2,0.000,0.017
14818,14,26,12,1,4,3,0.000,0.017
14819,10,20,10,1,2,1,0.006,0.017
14820,12,23,11,1,3,2,0.006,0.017
14821,14,26,12,1,3,2,0.006,0.017
14822,8,17,9,0,1,1,0.006,0.000
14823,9,20,11,1,2,1,0.006,0.017
14824,12,23,11,1,3,2,0.000,0.017
14825,18,32,14,2,5,3,0.006,0.017
14826,8,17,9,0,2,2,0.006,0.017
14827,17,30,13,2,5,3,0.006,0.017
14830,17,30,13,2,5,3,0.006,0.017
14836,7,15,8,0,1,1,0.006,0.011
14837,15,27,12,2,4,2,0.000,0.017
14838,13,24,11,1,3,2,0.006,0.017
14839,6,14,8,0,1,1,0.006,0.017
14840,14,26,12,1,4,3,0.006,0.017
14841,13,25,12,1,4,3,0.000,0.017
14842,21,36,15,3,7,4,0.000,0.017
14843,11,22,11,1,2,1,0.006,0.017
14845,19,33,14,2,6,4,0.006,0.017
14846,7,16,9,0,1,1,0.006,0.011
14847,18,32,14,2,6,4,0.006,0.044
14850,15,27,12,1,4,3,0.000,0.017
14853,17,31,14,2,5,3,0.000,0.017
14854,13,24,11,1,3,2,0.000,0.017
14855,9,19,10,1,2,1,0.006,0.017
14856,14,26,12,1,4,3,0.006,0.017
14858,16,29,13,2,4,2,0.006,0.017
14859,14,26,12,1,4,3,0.000,0.011
14860,14,26,12,1,4,3,0.006,0.044
14861,17,30,13,2,5,3,0.006,0.017
14864,17,30,13,2,5,3,0.006,0.017
14865,17,30,13,2,5,3,0.000,0.017
14867,13,24,11,1,3,2,0.000,0.017
14869,13,25,12,1,3,2,0.000,0.017
14870,16,29,13,2,5,3,0.006,0.017
14871,15,27,12,2,4,2,0.006,0.017
14872,20,34,14,3,6,3,0.006,0.017
14873,9,18,9,1,2,1,0.006,0.017
14874,16,29,13,2,4,2,0.006,0.017
14877,5,13,8,0,1,1,0.006,0.017
14878,18,32,14,2,6,4,0.000,0.017
14879,13,25,12,1,3,2,0.006,0.017
14880,6,14,8,0,1,1,0.006,0.000
14881,9,18,9,1,2,1,0.000,0.017
14882,18,31,13,2,6,4,0.000,0.017
14883,14,25,11,1,4,3,0.000,0.011
14884,7,16,9,0,1,1,0.006,0.000
14885,8,18,10,0,2,2,0.006,0.017
14886,15,28,13,2,4,2,0.000,0.017
14889,14,25,11,1,4,3,0.006,0.017
14891,19,33,14,2,6,4,0.000,0.017
14892,22,37,15,3,7,4,0.000,0.011
14893,13,24,11,1,3,2,0.000,0.017
14894,16,28,12,2,4,2,0.006,0.017
14895,6,14,8,0,1,1,0.006,0.000
14897,5,13,8,0,1,1,0.006,0.000
14898,11,22,11,1,2,1,0.006,0.017
14901,22,37,15,3,7,4,0.006,0.017
14903,21,35,14,3,7,4,0.006,0.017
14904,21,35,14,3,7,4,0.006,0.017
14905,23,38,15,3,8,5,0.006,0.017
15001,28,47,19,3,10,7,0.017,0.056
15003,30,49,19,4,11,7,0.017,0.056
15004,23,40,17,2,7,5,0.028,0.044
15005,29,48,19,4,10,6,0.017,0.056
15006,30,49,19,4,11,7,0.028,0.089
15007,29,48,19,4,10,6,0.028,0.089
15009,28,47,19,4,10,6,0.017,0.056
15010,28,46,18,4,10,6,0.017,0.056
15012,35,55,20,5,13,8,0.022,0.056
15014,33,52,19,4,12,8,0.028,0.089
15015,27,45,18,3,9,6,0.028,0.089
15017,30,49,19,4,11,7,0.028,0.089
15018,36,56,20,5,13,8,0.028,0.089
15019,25,42,17,3,8,5,0.028,0.044
15020,34,53,19,4,12,8,0.028,0.089
15021,25,43,18,3,8,5,0.028,0.044
15022,35,55,20,5,13,8,0.028,0.044
15024,32,51,19,4,11,7,0.028,0.089
15025,32,51,19,4,11,7,0.028,0.089
15026,26,43,17,3,9,6,0.017,0.056
15027,31,50,19,4,11,7,0.017,0.056
15028,32,51,19,4,11,7,0.028,0.089
15030,35,55,20,5,14,9,0.028,0.089
15031,29,48,19,3,10,7,0.028,0.089
15033,37,57,20,5,14,9,0.028,0.044
15034,32,51,19,4,11,7,0.028,0.089
15035,29,48,19,3,10,7,0.028,0.089
15037,32,51,19,4,11,7,0.028,0.089
15038,31,50,19,4,10,6,0.028,0.089
15042,28,47,19,3,10,7,0.017,0.056
15043,26,44,18,3,9,6,0.017,0.056
15044,30,48,18,4,10,6,0.028,0.089
15045,32,51,19,4,11,7,0.028,0.089
15046,28,46,18,3,10,7,0.028,0.089
15047,32,51,19,4,11,7,0.028,0.089
15049,30,49,19,4,11,7,0.028,0.089
15050,25,43,18,3,8,5,0.017,0.056
15051,33,53,20,5,13,8,0.028,0.089
15052,27,46,19,3,9,6,0.017,0.056
15053,25,42,17,3,8,5,0.028,0.044
15054,25,43,18,3,8,5,0.028,0.044
15055,28,47,19,3,10,7,0.028,0.044
15056,31,49,18,4,11,7,0.028,0.089
15057,27,45,18,3,9,6,0.028,0.044
15059,27,45,18,3,9,6,0.017,0.056
15060,25,43,18,3,8,5,0.028,0.044
15061,28,47,19,3,10,7,0.017,0.056
15062,38,58,20,6,14,8,0.022,0.056
15063,36,56,20,5,13,8,0.028,0.044
15064,29,48,19,4,10,6,0.028,0.089
15065,31,50,19,4,11,7,0.028,0.089
15066,28,47,19,4,10,6,0.017,0.056
15067,37,56,19,5,14,9,0.028,0.044
15068,30,48,18,4,10,6,0.022,0.056
15071,29,48,19,4,11,7,0.028,0.089
15072,38,59,21,6,15,9,0.022,0.056
15074,29,48,19,4,11,7,0.017,0.056
15075,31,51,20,4,11,7,0.028,0.089
15076,30,49,19,4,11,7,0.028,0.089
15077,25,43,18,3,8,5,0.017,0.056
15078,24,41,17,3,8,5,0.028,0.044
15081,31,51,20,4,11,7,0.017,0.056
15082,27,46,19,3,10,7,0.028,0.089
15083,37,57,20,5,14,9,0.022,0.056
15084,32,51,19,4,11,7,0.028,0.089
15085,29,47,18,3,10,7,0.022,0.056
15086,27,45,18,3,9,6,0.028,0.089
15087,34,53,19,4,12,8,0.022,0.056
15088,31,49,18,4,10,6,0.028,0.089
15089,33,53,20,4,11,7,0.022,0.056
15090,28,46,18,3,9,6,0.028,0.089
15101,30,49,19,4,11,7,0.028,0.089
15102,27,45,18,3,9,6,0.028,0.089
15104,32,51,19,4,11,7,0.028,0.089
15106,31,50,19,4,11,7,0.028,0.089
15108,29,48,19,4,10,6,0.028,0.089
15110,31,50,19,4,11,7,0.028,0.089
15112,30,49,19,4,10,6,0.028,0.089
15116,32,51,19,4,12,8,0.028,0.089
15120,30,49,19,4,10,6,0.028,0.089
15122,32,51,19,4,11,7,0.028,0.089
15126,27,45,18,3,9,6,0.028,0.089
15129,29,48,19,3,10,7,0.028,0.089
15131,32,51,19,4,11,7,0.028,0.089
15132,32,51,19,4,11,7,0.028,0.089
15133,32,51,19,4,11,7,0.028,0.089
15135,33,52,19,4,12,8,0.028,0.089
15136,34,54,20,5,13,8,0.028,0.089
15137,29,48,19,3,10,7,0.028,0.089
15139,29,48,19,3,10,7,0.028,0.089
15140,31,50,19,4,11,7,0.028,0.089
15142,33,53,20,5,13,8,0.028,0.089
15143,30,49,19,4,11,7,0.028,0.089
15144,30,49,19,4,11,7,0.028,0.089
15145,31,50,19,4,11,7,0.028,0.089
15146,30,48,18,3,10,7,0.028,0.089
15147,29,47,18,3,10,7,0.028,0.089
15148,29,48,19,3,10,7,0.028,0.089
15201,32,51,19,4,12,8,0.028,0.089
15202,35,54,19,5,14,9,0.028,0.089
15203,30,48,18,4,10,6,0.028,0.089
15204,35,55,20,5,14,9,0.028,0.089
15205,32,51,19,4,12,8,0.028,0.089
15206,32,51,19,4,11,7,0.028,0.089
15207,31,50,19,4,11,7,0.028,0.089
15208,31,49,18,4,11,7,0.028,0.089
15209,34,53,19,5,13,8,0.028,0.089
15210,28,47,19,3,10,7,0.028,0.089
15211,29,47,18,3,10,7,0.028,0.089
15212,34,54,20,5,13,8,0.028,0.089
15213,32,51,19,4,12,8,0.028,0.089
15214,33,53,20,5,13,8,0.028,0.089
15215,34,53,19,5,13,8,0.028,0.089
15216,28,47,19,3,10,7,0.028,0.089
15217,32,51,19,4,11,7,0.028,0.089
15218,32,51,19,4,11,7,0.028,0.089
15219,32,50,18,4,11,7,0.028,0.089
15220,31,50,19,4,11,7,0.028,0.089
15221,30,49,19,4,11,7,0.028,0.089
15222,32,51,19,4,12,8,0.028,0.089
15223,34,54,20,5,13,8,0.028,0.089
15224,32,51,19,4,11,7,0.028,0.089
15225,32,51,19,4,12,8,0.028,0.089
15226,27,46,19,3,9,6,0.028,0.089
15227,26,44,18,3,9,6,0.028,0.089
15228,27,46,19,3,9,6,0.028,0.089
15229,31,50,19,4,11,7,0.028,0.089
15232,32,51,19,4,11,7,0.028,0.089
15233,36,55,19,6,14,8,0.028,0.089
15234,27,45,18,3,9,6,0.028,0.089
15235,29,48,19,3,10,7,0.028,0.089
15236,27,45,18,3,9,6,0.028,0.089
15237,30,49,19,4,11,7,0.028,0.089
15238,33,52,19,4,12,8,0.028,0.089
15239,29,47,18,3,10,7,0.028,0.089
15241,27,45,18,3,9,6,0.028,0.089
15243,28,46,18,3,10,7,0.028,0.089
15260,32,51,19,4,12,8,0.028,0.089
15290,36,56,20,6,14,8,0.028,0.089
15301,25,42,17,3,8,5,0.028,0.044
15310,30,49,19,3,10,7,0.022,0.072
15311,28,45,17,3,9,6,0.028,0.044
15312,25,43,18,3,8,5,0.028,0.044
15313,31,50,19,4,11,7,0.028,0.044
15314,30,49,19,4,10,6,0.028,0.044
15315,37,57,20,5,14,9,0.022,0.072
15316,28,47,19,3,9,6,0.022,0.072
15317,27,45,18,3,9,6,0.028,0.044
15320,37,56,19,5,14,9,0.022,0.072
15321,27,46,19,3,9,6,0.028,0.044
15322,34,53,19,5,12,7,0.022,0.072
15323,23,40,17,2,7,5,0.028,0.044
15324,27,45,18,3,9,6,0.028,0.044
15325,35,54,19,5,13,8,0.022,0.072
15327,38,58,20,6,15,9,0.022,0.072
15329,25,43,18,3,8,5,0.028,0.044
15330,27,46,19,3,9,6,0.028,0.044
15331,29,48,19,3,10,7,0.028,0.044
15332,32,51,19,4,11,7,0.028,0.044
15333,34,53,19,5,12,7,0.028,0.044
15334,40,60,20,6,16,10,0.022,0.072
15337,24,42,18,2,7,5,0.022,0.072
15338,40,60,20,6,16,10,0.022,0.072
15340,25,42,17,3,8,5,0.028,0.044
15341,28,47,19,3,9,6,0.022,0.072
15342,25,43,18,3,8,5,0.028,0.044
15344,30,48,18,3,10,7,0.022,0.072
15345,33,51,18,4,12,8,0.028,0.044
15346,28,47,19,3,9,6,0.022,0.072
15347,25,43,18,3,8,5,0.028,0.044
15348,34,53,19,4,12,8,0.028,0.044
15349,33,52,19,4,12,8,0.022,0.072
15350,28,47,19,3,10,7,0.028,0.044
15351,37,57,20,5,14,9,0.022,0.072
15352,31,50,19,3,10,7,0.022,0.072
15353,26,43,17,2,8,6,0.022,0.072
15357,35,55,20,5,13,8,0.022,0.072
15358,35,54,19,5,13,8,0.028,0.044
15359,26,44,18,2,8,6,0.022,0.072
15360,29,47,18,3,10,7,0.028,0.044
15361,26,44,18,3,9,6,0.028,0.044
15362,29,48,19,3,10,7,0.022,0.072
15363,25,43,18,3,8,5,0.028,0.044
15364,25,43,18,2,8,6,0.022,0.072
15366,32,51,19,4,11,7,0.028,0.044
15367,27,46,19,3,9,6,0.028,0.044
15368,34,53,19,4,12,8,0.028,0.044
15370,27,45,18,3,9,6,0.022,0.072
15376,24,41,17,2,8,6,0.028,0.044
15377,25,42,17,2,7,5,0.028,0.044
15378,26,44,18,3,9,6,0.028,0.044
15379,24,41,17,2,8,6,0.028,0.044
15380,26,45,19,3,8,5,0.022,0.072
15401,26,43,17,3,8,5,0.022,0.072
15410,34,53,19,4,12,8,0.022,0.072
15411,14,28,14,1,4,3,0.000,0.050
15412,36,55,19,5,13,8,0.028,0.044
15413,32,52,20,4,11,7,0.022,0.072
15417,34,53,19,4,12,8,0.022,0.072
15419,36,56,20,5,13,8,0.028,0.044
15420,33,52,19,4,11,7,0.022,0.072
15421,9,21,12,0,2,2,0.022,0.072
15422,30,49,19,3,10,7,0.022,0.072
15423,36,56,20,5,14,9,0.028,0.044
15424,18,34,16,1,5,4,0.000,0.050
15425,19,35,16,2,6,4,0.022,0.072
15427,34,53,19,5,12,7,0.028,0.044
15428,32,51,19,4,11,7,0.022,0.072
15429,34,53,19,4,12,8,0.028,0.044
15430,32,52,20,4,11,7,0.022,0.072
15431,19,34,15,2,5,3,0.022,0.072
15432,38,59,21,6,15,9,0.028,0.044
15433,34,54,20,5,12,7,0.022,0.072
15434,36,56,20,5,14,9,0.028,0.044
15435,31,50,19,4,11,7,0.022,0.072
15436,13,27,14,1,3,2,0.022,0.072
15437,9,21,12,0,2,2,0.022,0.072
15438,34,54,20,4,12,8,0.022,0.072
15440,11,24,13,1,3,2,0.022,0.072
15442,32,51,19,4,11,7,0.022,0.072
15443,32,51,19,4,11,7,0.022,0.072
15444,35,54,19,5,13,8,0.022,0.072
15445,10,22,12,1,2,1,0.022,0.072
15446,10,22,12,1,2,1,0.022,0.072
15447,35,54,19,5,13,8,0.022,0.072
15448,33,52,19,4,11,7,0.022,0.056
15449,29,48,19,3,10,7,0.022,0.072
15450,34,53,19,4,12,8,0.022,0.072
15451,32,51,19,4,12,8,0.022,0.072
15454,33,53,20,4,12,8,0.022,0.072
15455,29,48,19,3,9,6,0.022,0.072
15456,11,24,13,1,3,2,0.022,0.072
15458,32,51,19,4,11,7,0.022,0.072
15459,12,25,13,1,3,2,0.022,0.072
15460,39,60,21,6,16,10,0.022,0.072
15461,38,58,20,6,15,9,0.022,0.072
15462,8,19,11,0,2,2,0.022,0.072
15463,32,52,20,4,11,7,0.022,0.072
15464,10,21,11,1,2,1,0.022,0.072
15466,38,58,20,6,15,9,0.022,0.072
15467,39,60,21,6,16,10,0.022,0.072
15468,30,49,19,3,10,7,0.022,0.072
15469,11,23,12,1,3,2,0.022,0.072
15470,10,22,12,1,2,1,0.022,0.072
15472,29,47,18,3,9,6,0.022,0.072
15473,29,48,19,3,9,6,0.022,0.072
15474,38,59,21,6,15,9,0.022,0.072
15475,33,52,19,4,11,7,0.022,0.072
15476,37,57,20,5,14,9,0.022,0.072
15477,36,56,20,5,14,9,0.028,0.044
15478,27,45,18,3,10,7,0.022,0.072
15479,30,49,19,3,10,7,0.022,0.056
15480,32,51,19,4,11,7,0.022,0.072
15482,25,43,18,2,7,5,0.022,0.072
15483,35,55,20,5,13,8,0.028,0.044
15484,31,50,19,4,11,7,0.022,0.072
15486,29,48,19,3,9,6,0.022,0.072
15489,31,51,20,4,11,7,0.022,0.072
15490,9,21,12,1,2,1,0.022,0.072
15492,34,54,20,4,12,8,0.022,0.072
15501,6,15,9,0,1,1,0.000,0.050
15502,6,15,9,0,1,1,0.000,0.050
15510,4,12,8,0,1,1,0.000,0.050
15520,6,15,9,0,1,1,0.000,0.050
15521,22,38,16,2,6,4,0.011,0.067
15522,23,40,17,2,7,5,0.011,0.067
15530,6,15,9,0,1,1,0.000,0.050
15531,7,17,10,0,2,2,0.000,0.050
15532,5,14,9,0,1,1,0.000,0.050
15533,19,35,16,2,5,3,0.011,0.067
15534,17,31,14,1,4,3,0.011,0.067
15535,26,44,18,3,8,5,0.011,0.067
15536,18,32,14,1,5,4,0.028,0.078
15537,23,39,16,2,7,5,0.011,0.067
15538,10,21,11,1,2,1,0.000,0.050
15539,26,44,18,3,8,5,0.011,0.067
15540,5,14,9,0,1,1,0.000,0.050
15541,5,13,8,0,1,1,0.000,0.050
15542,7,17,10,0,1,1,0.000,0.050
15544,6,15,9,0,1,1,0.000,0.050
15545,25,42,17,3,8,5,0.011,0.067
15546,6,15,9,0,1,1,0.000,0.050
15547,8,18,10,0,2,2,0.000,0.050
15550,20,36,16,2,5,3,0.011,0.067
15551,10,22,12,1,2,1,0.000,0.050
15552,6,14,8,0,1,1,0.000,0.050
15554,24,41,17,3,7,4,0.011,0.067
15555,5,14,9,0,1,1,0.000,0.050
15557,8,19,11,0,2,2,0.000,0.050
15558,5,14,9,0,1,1,0.000,0.050
15559,26,43,17,3,8,5,0.011,0.067
15560,6,15,9,0,1,1,0.000,0.050
15561,5,14,9,0,1,1,0.000,0.050
15562,6,16,10,0,1,1,0.000,0.050
15563,5,14,9,0,1,1,0.000,0.050
15564,29,47,18,3,9,6,0.000,0.050
15601,26,44,18,3,8,5,0.022,0.056
15610,10,22,12,1,2,1,0.022,0.056
15611,26,44,18,3,8,5,0.022,0.056
15612,28,47,19,3,9,6,0.022,0.056
15613,27,46,19,3,9,6,0.022,0.056
15615,29,48,19,3,10,7,0.022,0.056
15616,26,44,18,3,8,5,0.022,0.056
15617,28,46,18,3,9,6,0.022,0.056
15618,30,49,19,4,10,6,0.022,0.056
15620,20,36,16,2,6,4,0.022,0.056
15621,25,43,18,3,8,5,0.022,0.056
15622,6,16,10,0,1,1,0.022,0.072
15623,25,43,18,2,8,6,0.022,0.056
15624,29,48,19,3,9,6,0.022,0.056
15625,28,47,19,3,9,6,0.022,0.056
15626,25,43,18,2,8,6,0.022,0.056
15627,14,28,14,1,4,3,0.022,0.056
15628,12,25,13,1,3,2,0.022,0.056
15629,30,49,19,4,10,6,0.022,0.056
15631,29,48,19,3,10,7,0.022,0.072
15632,27,45,18,3,9,6,0.022,0.056
15633,27,46,19,3,9,6,0.022,0.056
15634,25,42,17,2,7,5,0.022,0.056
15635,25,43,18,2,7,5,0.022,0.056
15636,29,47,18,3,10,7,0.022,0.056
15637,29,48,19,3,10,7,0.022,0.056
15638,18,34,16,1,5,4,0.022,0.056
15639,25,44,19,3,8,5,0.022,0.056
15640,31,50,19,4,10,6,0.022,0.056
15641,32,51,19,4,11,7,0.022,0.056
15642,29,48,19,3,10,7,0.022,0.056
15644,25,43,18,2,8,6,0.022,0.056
15646,7,16,9,0,1,1,0.022,0.056
15647,28,47,19,3,9,6,0.022,0.056
15650,22,39,17,2,7,5,0.022,0.056
15655,9,20,11,1,2,1,0.022,0.056
15656,30,48,18,4,10,6,0.022,0.056
15658,16,30,14,1,4,3,0.022,0.056
15660,37,57,20,5,14,9,0.022,0.056
15661,28,46,18,3,9,6,0.022,0.056
15662,25,43,18,2,7,5,0.022,0.056
15663,28,46,18,3,9,6,0.022,0.056
15665,27,46,19,3,9,6,0.022,0.056
15666,23,40,17,2,7,5,0.022,0.056
15668,28,47,19,3,9,6,0.022,0.056
15670,29,48,19,3,10,7,0.022,0.056
15671,19,35,16,2,5,3,0.022,0.056
15672,27,45,18,3,8,5,0.022,0.056
15673,27,45,18,3,9,6,0.017,0.044
15675,25,44,19,3,8,5,0.022,0.056
15676,26,44,18,3,8,5,0.022,0.056
15677,9,20,11,1,2,1,0.022,0.056
15678,31,50,19,4,11,7,0.022,0.056
15679,25,43,18,2,7,5,0.022,0.056
15680,33,52,19,4,12,8,0.022,0.056
15681,32,51,19,4,11,7,0.006,0.044
15683,29,48,19,3,9,6,0.022,0.056
15684,28,47,19,3,9,6,0.022,0.056
15686,24,42,18,2,8,6,0.017,0.044
15687,11,24,13,1,3,2,0.022,0.056
15688,24,42,18,2,7,5,0.022,0.056
15689,25,43,18,3,8,5,0.022,0.056
15690,29,48,19,3,10,7,0.022,0.056
15691,29,48,19,3,10,7,0.022,0.056
15692,28,46,18,3,9,6,0.022,0.056
15693,18,34,16,1,5,4,0.022,0.056
15695,29,47,18,3,9,6,0.022,0.056
15696,20,36,16,2,6,4,0.022,0.056
15697,28,46,18,3,9,6,0.022,0.056
15698,28,47,19,3,9,6,0.022,0.056
15701,22,39,17,2,7,5,0.006,0.044
15710,9,20,11,0,2,2,0.006,0.044
15711,14,27,13,1,3,2,0.000,0.022
15712,14,27,13,1,3,2,0.006,0.044
15713,23,41,18,2,7,5,0.006,0.044
15714,11,24,13,1,3,2,0.000,0.017
15715,11,24,13,1,3,2,0.000,0.022
15716,13,26,13,1,3,2,0.006,0.044
15717,20,37,17,2,6,4,0.006,0.044
15721,16,30,14,1,4,3,0.017,0.011
15722,7,16,9,0,1,1,0.000,0.017
15723,23,40,17,2,7,5,0.006,0.044
15724,13,25,12,1,3,2,0.006,0.044
15725,28,46,18,3,9,6,0.006,0.044
15727,26,44,18,3,8,5,0.006,0.044
15728,16,31,15,1,5,4,0.006,0.044
15729,15,29,14,1,4,3,0.006,0.044
15730,13,25,12,1,3,2,0.000,0.022
15731,16,31,15,1,4,3,0.006,0.044
15732,23,40,17,2,7,5,0.006,0.044
15733,15,28,13,1,3,2,0.000,0.022
15734,16,31,15,1,4,3,0.006,0.044
15736,25,43,18,3,8,5,0.017,0.044
15737,6,16,10,0,1,1,0.000,0.017
15738,12,24,12,1,3,2,0.000,0.017
15739,21,38,17,2,7,5,0.006,0.044
15741,13,26,13,1,3,2,0.006,0.044
15742,14,28,14,1,3,2,0.006,0.044
15744,17,31,14,1,4,3,0.000,0.022
15745,9,20,11,1,2,1,0.006,0.044
15746,14,28,14,1,3,2,0.006,0.044
15747,21,38,17,2,6,4,0.006,0.044
15748,18,33,15,2,5,3,0.006,0.044
15750,20,36,16,2,6,4,0.006,0.044
15752,26,44,18,3,8,5,0.006,0.044
15753,13,25,12,1,3,2,0.017,0.011
15754,19,35,16,2,5,3,0.006,0.044
15756,24,41,17,2,7,5,0.006,0.044
15757,14,28,14,1,3,2,0.017,0.011
15759,16,31,15,1,5,4,0.006,0.044
15760,11,23,12,1,2,1,0.000,0.017
15761,9,20,11,0,2,2,0.006,0.044
15762,10,21,11,1,2,1,0.000,0.017
15764,13,26,13,1,3,2,0.000,0.022
15765,14,27,13,1,4,3,0.006,0.044
15767,14,28,14,1,4,3,0.000,0.022
15770,14,27,13,1,3,2,0.000,0.022
15771,14,27,13,1,4,3,0.006,0.044
15772,11,23,12,1,3,2,0.006,0.044
15773,7,16,9,0,1,1,0.000,0.017
15774,25,43,18,3,8,5,0.006,0.044
15775,9,20,11,0,2,2,0.000,0.017
15776,14,27,13,1,3,2,0.000,0.022
15777,16,30,14,1,4,3,0.006,0.044
15778,14,27,13,1,3,2,0.000,0.022
15779,12,25,13,1,3,2,0.022,0.056
15780,16,29,13,1,4,3,0.000,0.022
15781,16,31,15,1,4,3,0.000,0.022
15783,26,44,18,3,8,5,0.006,0.044
15784,14,27,13,1,3,2,0.000,0.022
15801,11,23,12,1,2,1,0.017,0.011
15821,10,20,10,1,2,1,0.000,0.000
15823,7,17,10,0,1,1,0.000,0.000
15824,9,20,11,0,2,2,0.000,0.022
15825,11,24,13,1,2,1,0.000,0.022
15827,12,24,12,1,3,2,0.000,0.000
15828,10,21,11,1,2,1,0.000,0.022
15829,12,25,13,1,3,2,0.000,0.022
15832,13,25,12,1,3,2,0.000,0.000
15834,10,21,11,1,2,1,0.000,0.000
15840,11,23,12,1,2,1,0.000,0.022
15841,10,21,11,1,2,1,0.000,0.000
15845,6,15,9,0,1,1,0.000,0.000
15846,6,14,8,0,1,1,0.000,0.000
15847,10,22,12,1,2,1,0.000,0.022
15848,9,20,11,0,2,2,0.017,0.011
15849,10,21,11,1,2,1,0.017,0.011
15851,11,23,12,1,3,2,0.000,0.022
15853,6,15,9,0,1,1,0.000,0.000
15856,8,18,10,0,2,2,0.017,0.011
15857,6,15,9,0,1,1,0.000,0.000
15860,9,20,11,0,2,2,0.000,0.022
15861,10,21,11,1,2,1,0.000,0.000
15863,12,24,12,1,3,2,0.000,0.022
15864,15,28,13,1,4,3,0.000,0.022
15865,13,26,13,1,3,2,0.000,0.022
15866,10,21,11,1,2,1,0.017,0.011
15868,10,22,12,1,2,1,0.000,0.000
15870,6,14,8,0,1,1,0.000,0.000
15901,19,36,17,2,5,3,0.000,0.017
15902,16,30,14,1,4,3,0.000,0.017
15904,10,22,12,1,2,1,0.000,0.017
15905,20,36,16,2,5,3,0.000,0.017
15906,22,38,16,2,6,4,0.000,0.017
15909,13,26,13,1,3,2,0.000,0.017
15920,17,32,15,1,4,3,0.006,0.044
15921,5,13,8,0,1,1,0.000,0.017
15922,11,23,12,1,2,1,0.000,0.017
15923,19,35,16,2,5,3,0.022,0.056
15924,5,14,9,0,1,1,0.000,0.050
15925,7,16,9,0,1,1,0.000,0.017
15926,4,12,8,0,1,1,0.000,0.050
15927,6,14,8,0,1,1,0.000,0.017
15928,13,26,13,1,3,2,0.000,0.050
15929,16,31,15,1,4,3,0.006,0.044
15930,4,12,8,0,1,1,0.000,0.017
15931,9,20,11,0,2,2,0.000,0.017
15934,7,16,9,0,1,1,0.000,0.017
15935,10,22,12,1,2,1,0.000,0.050
15936,6,15,9,0,1,1,0.000,0.050
15937,10,21,11,1,2,1,0.000,0.050
15938,6,15,9,0,1,1,0.000,0.017
15940,8,18,10,0,1,1,0.000,0.017
15942,12,24,12,1,3,2,0.000,0.017
15943,10,21,11,0,2,2,0.000,0.017
15944,16,31,15,1,4,3,0.022,0.056
15945,13,27,14,1,3,2,0.000,0.017
15946,7,17,10,0,1,1,0.000,0.017
15948,8,18,10,0,1,1,0.000,0.017
15949,19,36,17,2,5,3,0.006,0.044
15951,10,22,12,1,2,1,0.000,0.017
15952,5,14,9,0,1,1,0.000,0.017
15953,9,20,11,0,2,2,0.000,0.050
15954,19,34,15,2,5,3,0.006,0.044
15955,7,16,9,0,1,1,0.000,0.017
15956,13,26,13,1,3,2,0.000,0.017
15957,13,26,13,1,3,2,0.006,0.044
15958,11,24,13,1,2,1,0.000,0.017
15960,11,23,12,1,2,1,0.000,0.017
15961,10,21,11,1,2,1,0.006,0.044
15962,9,20,11,0,2,2,0.000,0.017
15963,8,18,10,0,2,2,0.000,0.050
16001,21,37,16,2,6,4,0.022,0.044
16002,22,38,16,2,6,4,0.022,0.044
16020,17,32,15,1,4,3,0.022,0.044
16022,22,39,17,2,7,5,0.022,0.044
16023,24,41,17,3,8,5,0.022,0.044
16024,27,45,18,3,9,6,0.022,0.044
16025,22,39,17,2,7,5,0.022,0.044
16027,22,39,17,2,7,5,0.022,0.044
16028,28,46,18,3,9,6,0.017,0.044
16029,21,37,16,2,6,4,0.022,0.044
16030,16,30,14,1,4,3,0.022,0.044
16033,25,42,17,3,8,5,0.022,0.044
16034,23,39,16,2,7,5,0.022,0.044
16035,21,37,16,2,6,4,0.022,0.044
16036,23,40,17,2,7,5,0.011,0.017
16037,25,43,18,3,8,5,0.022,0.044
16038,17,32,15,2,5,3,0.022,0.044
16040,16,30,14,1,4,3,0.022,0.044
16041,24,41,17,3,7,4,0.022,0.044
16045,21,36,15,2,6,4,0.022,0.044
16046,27,45,18,3,9,6,0.022,0.044
16048,18,33,15,2,5,3,0.022,0.044
16049,23,40,17,2,7,5,0.011,0.017
16050,21,37,16,2,6,4,0.022,0.044
16051,22,38,16,2,7,5,0.022,0.044
16052,21,36,15,2,6,4,0.022,0.044
16053,22,39,17,2,7,5,0.022,0.044
16054,22,39,17,2,6,4,0.011,0.017
16055,28,46,18,3,9,6,0.022,0.044
16056,25,43,18,3,8,5,0.022,0.044
16057,21,37,16,2,7,5,0.022,0.044
16059,28,46,18,3,9,6,0.022,0.044
16061,20,35,15,2,6,4,0.022,0.044
16063,26,44,18,3,9,6,0.022,0.044
16066,28,46,18,3,9,6,0.022,0.044
16101,26,44,18,3,9,6,0.011,0.050
16102,27,45,18,3,9,6,0.011,0.050
16105,27,44,17,3,9,6,0.011,0.050
16110,22,38,16,2,7,5,0.011,0.011
16111,16,30,14,1,4,3,0.011,0.011
16112,25,43,18,3,9,6,0.011,0.050
16113,27,44,17,3,9,6,0.011,0.056
16114,17,32,15,1,5,4,0.011,0.056
16115,26,44,18,3,9,6,0.017,0.056
16116,29,47,18,4,10,6,0.011,0.050
16117,28,46,18,4,10,6,0.011,0.050
16120,26,44,18,3,9,6,0.011,0.050
16121,30,49,19,4,11,7,0.011,0.056
16123,27,45,18,3,9,6,0.017,0.056
16124,19,34,15,2,5,3,0.011,0.056
16125,22,39,17,2,7,5,0.011,0.056
16127,20,35,15,2,6,4,0.011,0.056
16130,18,33,15,2,5,3,0.011,0.056
16131,19,33,14,2,5,3,0.011,0.011
16132,26,43,17,3,9,6,0.011,0.050
16133,16,31,15,1,4,3,0.011,0.056
16134,20,35,15,2,6,4,0.011,0.011
16136,28,46,18,4,10,6,0.017,0.056
16137,19,35,16,2,6,4,0.011,0.056
16140,25,43,18,3,9,6,0.011,0.050
16141,26,44,18,3,9,6,0.011,0.050
16142,24,41,17,3,8,5,0.011,0.050
16143,26,43,17,3,9,6,0.011,0.050
16145,14,28,14,1,4,3,0.011,0.056
16146,29,47,18,4,10,6,0.011,0.056
16148,25,42,17,3,8,5,0.011,0.056
16150,26,43,17,3,9,6,0.011,0.056
16151,17,32,15,1,5,4,0.011,0.056
16153,15,28,13,1,4,3,0.011,0.056
16154,25,43,18,3,8,5,0.011,0.056
16155,27,44,17,3,9,6,0.011,0.050
16156,21,37,16,2,7,5,0.011,0.050
16157,29,47,18,4,10,6,0.011,0.050
16159,27,44,17,3,9,6,0.011,0.056
16160,31,50,19,4,12,8,0.011,0.050
16161,31,49,18,4,11,7,0.011,0.056
16201,26,44,18,3,9,6,0.017,0.044
16210,27,45,18,3,9,6,0.017,0.044
16211,20,36,16,2,6,4,0.006,0.044
16212,31,50,19,4,11,7,0.017,0.044
16213,22,38,16,2,6,4,0.011,0.017
16214,14,28,14,1,3,2,0.011,0.017
16217,11,22,11,1,2,1,0.000,0.000
16218,25,42,17,3,8,5,0.017,0.044
16222,19,34,15,2,5,3,0.017,0.044
16223,22,39,17,2,7,5,0.011,0.017
16224,17,31,14,1,4,3,0.011,0.017
16226,29,47,18,4,10,6,0.017,0.044
16228,31,50,19,4,11,7,0.017,0.044
16229,29,48,19,4,10,6,0.017,0.044
16230,17,31,14,1,4,3,0.011,0.017
16232,17,31,14,1,4,3,0.011,0.017
16233,11,22,11,1,2,1,0.011,0.017
16235,12,25,13,1,3,2,0.011,0.017
16236,30,49,19,4,11,7,0.017,0.044
16238,30,49,19,4,11,7,0.017,0.044
16239,8,18,10,0,2,2,0.000,0.000
16240,16,29,13,1,4,3,0.011,0.017
16242,19,34,15,2,5,3,0.011,0.017
16244,23,40,17,2,7,5,0.017,0.044
16245,17,31,14,1,4,3,0.017,0.044
16246,21,37,16,2,6,4,0.006,0.044
16248,23,39,16,2,7,5,0.011,0.017
16249,23,40,17,2,7,5,0.017,0.044
16250,22,38,16,2,7,5,0.017,0.044
16253,21,37,16,2,6,4,0.017,0.044
16254,16,30,14,1,4,3,0.011,0.017
16255,18,33,15,2,5,3,0.011,0.017
16256,18,32,14,2,5,3,0.006,0.044
16258,12,25,13,1,3,2,0.011,0.017
16259,23,40,17,2,7,5,0.017,0.044
16260,10,21,11,0,2,2,0.011,0.017
16262,25,43,18,3,8,5,0.017,0.044
16263,22,39,17,2,7,5,0.017,0.044
16301,14,27,13,1,3,2,0.011,0.011
16311,15,28,13,1,4,3,0.011,0.056
16312,8,16,8,0,1,1,0.000,0.006
16313,7,16,9,0,1,1,0.000,0.006
16314,14,28,14,1,4,3,0.011,0.011
16316,15,29,14,1,4,3,0.011,0.011
16317,13,26,13,1,3,2,0.011,0.011
16319,15,28,13,1,4,3,0.011,0.011
16321,11,23,12,1,2,1,0.000,0.000
16322,10,20,10,1,2,1,0.000,0.000
16323,16,30,14,1,4,3,0.011,0.011
16326,11,23,12,1,2,1,0.011,0.017
16327,11,23,12,1,2,1,0.011,0.011
16328,11,22,11,1,2,1,0.011,0.011
16329,9,19,10,0,2,2,0.000,0.006
16331,14,28,14,1,3,2,0.011,0.017
16332,11,23,12,1,2,1,0.011,0.017
16333,6,14,8,0,1,1,0.000,0.006
16334,15,28,13,1,4,3,0.011,0.017
16335,13,26,13,1,3,2,0.011,0.011
16340,8,17,9,0,1,1,0.000,0.006
16341,9,20,11,0,2,2,0.011,0.011
16342,15,29,14,1,4,3,0.011,0.011
16343,15,29,14,1,3,2,0.011,0.011
16344,15,28,13,1,3,2,0.011,0.011
16345,7,15,8,0,1,1,0.000,0.006
16346,13,26,13,1,3,2,0.011,0.011
16347,8,17,9,0,1,1,0.000,0.006
16350,7,15,8,0,1,1,0.000,0.006
16351,10,20,10,0,2,2,0.000,0.006
16352,8,17,9,0,1,1,0.000,0.006
16353,11,23,12,1,2,1,0.000,0.000
16354,10,22,12,1,2,1,0.011,0.011
16360,9,20,11,0,2,2,0.011,0.011
16361,11,22,11,1,2,1,0.011,0.017
16362,14,28,14,1,3,2,0.011,0.011
16364,12,24,12,1,3,2,0.011,0.011
16365,10,21,11,1,2,1,0.000,0.006
16370,12,23,11,1,2,1,0.000,0.000
16371,9,18,9,0,1,1,0.000,0.006
16372,15,29,14,1,4,3,0.011,0.011
16373,19,34,15,2,5,3,0.011,0.011
16374,16,31,15,1,4,3,0.011,0.011
16401,13,26,13,1,3,2,0.000,0.000
16402,8,18,10,0,1,1,0.000,0.006
16403,11,23,12,1,2,1,0.011,0.011
16404,10,21,11,1,2,1,0.011,0.011
16405,9,19,10,0,1,1,0.000,0.006
16406,15,28,13,1,4,3,0.011,0.011
16407,9,19,10,0,1,1,0.000,0.000
16410,10,21,11,0,2,2,0.000,0.000
16411,13,26,13,1,3,2,0.000,0.000
16412,9,19,10,0,1,1,0.000,0.000
16415,8,18,10,0,2,2,0.000,0.000
16416,8,17,9,0,1,1,0.000,0.006
16417,10,22,12,0,2,2,0.000,0.000
16420,8,18,10,0,1,1,0.000,0.006
16421,6,15,9,0,1,1,0.000,0.000
16422,16,29,13,1,4,3,0.011,0.011
16423,10,21,11,0,2,2,0.000,0.000
16424,18,32,14,2,5,3,0.011,0.011
16426,6,15,9,0,1,1,0.000,0.000
16427,9,19,10,0,1,1,0.000,0.000
16428,7,16,9,0,1,1,0.000,0.000
16433,14,26,12,1,3,2,0.011,0.011
16434,8,18,10,0,1,1,0.011,0.011
16435,14,27,13,1,3,2,0.011,0.011
16436,8,18,10,0,1,1,0.000,0.006
16438,10,21,11,1,2,1,0.000,0.000
16440,12,25,13,1,3,2,0.011,0.011
16441,8,18,10,0,1,1,0.000,0.000
16442,8,17,9,0,1,1,0.000,0.000
16443,14,28,14,1,3,2,0.000,0.000
16444,10,21,11,0,2,2,0.000,0.000
16501,8,18,10,0,2,2,0.000,0.000
16502,8,18,10,0,2,2,0.000,0.000
16503,8,18,10,0,2,2,0.000,0.000
16504,7,16,9,0,1,1,0.000,0.000
16505,8,18,10,0,2,2,0.000,0.000
16506,7,17,10,0,2,2,0.000,0.000
16507,8,18,10,0,2,2,0.000,0.000
16508,6,16,10,0,1,1,0.000,0.000
16509,6,14,8,0,1,1,0.000,0.000
16510,6,15,9,0,1,1,0.000,0.000
16511,8,18,10,0,2,2,0.000,0.000
16546,5,13,8,0,1,1,0.000,0.000
16563,6,15,9,0,1,1,0.000,0.000
16601,18,32,14,2,5,3,0.011,0.039
16602,15,28,13,1,4,3,0.011,0.039
16611,28,46,18,4,9,5,0.017,0.067
16613,7,16,9,0,1,1,0.000,0.017
16616,14,27,13,1,3,2,0.017,0.011
16617,12,23,11,1,2,1,0.011,0.039
16619,5,13,8,0,1,1,0.000,0.017
16620,12,24,12,1,3,2,0.017,0.011
16621,14,26,12,1,3,2,0.017,0.067
16622,22,39,17,2,6,4,0.017,0.067
16623,22,38,16,2,6,4,0.017,0.067
16624,8,18,10,0,1,1,0.000,0.017
16625,17,32,15,1,4,3,0.011,0.039
16627,15,28,13,1,3,2,0.017,0.011
16630,6,15,9,0,1,1,0.000,0.017
16631,16,31,15,1,4,3,0.011,0.039
16633,20,35,15,2,5,3,0.011,0.067
16634,9,20,11,0,2,2,0.017,0.067
16635,21,37,16,2,6,4,0.011,0.039
16636,8,18,10,0,2,2,0.000,0.017
16637,19,35,16,2,5,3,0.011,0.039
16638,29,47,18,4,9,5,0.017,0.067
16639,8,17,9,0,1,1,0.000,0.017
16640,17,31,14,1,4,3,0.000,0.017
16641,7,17,10,0,1,1,0.000,0.017
16645,15,29,14,1,4,3,0.017,0.011
16646,7,16,9,0,1,1,0.000,0.017
16647,27,44,17,3,8,5,0.017,0.067
16648,21,38,17,2,6,4,0.011,0.039
16650,21,36,15,2,6,4,0.011,0.067
16651,11,23,12,1,2,1,0.017,0.011
16652,28,46,18,4,9,5,0.017,0.067
16655,18,33,15,2,5,3,0.011,0.067
16656,15,28,13,1,3,2,0.017,0.011
16657,26,43,17,3,8,5,0.017,0.067
16659,22,39,17,2,6,4,0.011,0.067
16661,15,28,13,1,4,3,0.017,0.011
16662,19,34,15,2,5,3,0.011,0.039
16664,18,33,15,1,4,3,0.011,0.067
16665,23,40,17,2,7,5,0.011,0.039
16666,10,21,11,1,2,1,0.017,0.011
16667,19,35,16,2,5,3,0.011,0.067
16668,9,19,10,0,2,2,0.000,0.017
16669,25,42,17,3,8,5,0.017,0.067
16670,16,31,15,1,4,3,0.011,0.067
16671,12,24,12,1,3,2,0.017,0.011
16672,19,35,16,2,5,3,0.011,0.067
16673,19,34,15,2,5,3,0.011,0.039
16674,21,36,15,2,6,4,0.017,0.067
16677,6,14,8,0,1,1,0.017,0.061
16678,20,35,15,2,5,3,0.011,0.067
16679,12,24,12,1,3,2,0.011,0.067
16680,8,18,10,0,2,2,0.017,0.011
16682,15,30,15,1,4,3,0.011,0.039
16683,21,36,15,2,6,4,0.017,0.067
16685,22,38,16,2,6,4,0.017,0.067
16686,22,38,16,2,6,4,0.011,0.039
16689,28,45,17,3,9,6,0.028,0.078
16691,21,37,16,2,6,4,0.028,0.078
16692,11,23,12,1,2,1,0.017,0.011
16693,22,38,16,2,6,4,0.011,0.039
16694,14,28,14,1,3,2,0.017,0.067
16695,15,29,14,1,4,3,0.011,0.067
16699,6,15,9,0,1,1,,
16701,6,14,8,0,1,1,0.000,0.006
16720,8,18,10,0,2,2,0.000,0.000
16724,5,13,8,0,1,1,0.000,0.006
16725,6,14,8,0,1,1,0.000,0.006
16726,5,12,7,0,1,1,0.000,0.006
16727,5,13,8,0,1,1,0.000,0.006
16728,5,13,8,0,1,1,,
16729,6,15,9,0,1,1,0.000,0.006
16730,6,14,8,0,1,1,0.000,0.006
16731,7,16,9,0,1,1,0.000,0.006
16732,4,11,7,0,1,1,0.000,0.006
16733,5,12,7,0,1,1,0.000,0.006
16734,4,11,7,0,1,1,0.000,0.000
16735,5,12,7,0,1,1,0.000,0.006
16738,5,12,7,0,1,1,0.000,0.006
16740,4,12,8,0,1,1,0.000,0.006
16743,7,15,8,0,1,1,0.000,0.006
16744,5,12,7,0,1,1,0.000,0.006
16745,5,13,8,0,1,1,0.000,0.006
16746,6,15,9,0,1,1,0.000,0.000
16748,6,14,8,0,1,1,0.000,0.000
16749,6,14,8,0,1,1,0.000,0.006
16750,6,15,9,0,1,1,0.000,0.006
16801,16,29,13,1,4,3,0.017,0.061
16802,19,34,15,2,5,3,0.017,0.061
16803,18,33,15,2,5,3,0.017,0.061
16820,20,34,14,2,5,3,0.017,0.061
16821,13,26,13,1,3,2,0.017,0.011
16822,22,37,15,2,6,4,0.017,0.022
16823,18,32,14,2,5,3,0.017,0.061
16825,11,22,11,1,2,1,0.017,0.011
16826,22,38,16,3,7,4,0.017,0.061
16827,12,24,12,1,3,2,0.017,0.061
16828,15,27,12,1,3,2,0.017,0.061
16829,10,21,11,1,2,1,0.017,0.061
16830,16,30,14,1,4,3,0.017,0.011
16832,17,30,13,2,4,2,0.017,0.061
16833,16,29,13,1,4,3,0.017,0.011
16834,13,25,12,1,3,2,0.017,0.011
16835,18,32,14,2,5,3,0.017,0.061
16836,14,27,13,1,3,2,0.017,0.011
16837,15,29,14,1,4,3,0.017,0.011
16838,13,26,13,1,3,2,0.017,0.011
16839,13,25,12,1,3,2,0.017,0.011
16840,11,21,10,1,2,1,0.017,0.011
16841,19,34,15,2,5,3,0.017,0.061
16843,16,30,14,1,4,3,0.017,0.011
16844,18,32,14,2,5,3,0.017,0.061
16845,15,27,12,1,4,3,0.017,0.061
16847,12,23,11,1,3,2,0.017,0.011
16848,14,26,12,1,3,2,0.017,0.022
16849,8,17,9,0,2,2,0.017,0.011
16851,17,31,14,2,4,2,0.017,0.061
16852,17,30,13,2,4,2,0.017,0.061
16853,22,38,16,2,6,4,0.017,0.061
16854,20,35,15,2,6,4,0.017,0.061
16855,11,22,11,1,3,2,0.017,0.011
16858,12,24,12,1,3,2,0.017,0.011
16859,10,20,10,1,2,1,0.017,0.061
16860,12,23,11,1,3,2,0.017,0.011
16861,14,27,13,1,3,2,0.017,0.011
16863,14,27,13,1,3,2,0.017,0.011
16865,15,28,13,1,4,3,0.017,0.061
16866,9,19,10,1,2,1,0.017,0.061
16868,15,28,13,1,4,3,0.017,0.061
16870,16,30,14,1,4,3,0.017,0.061
16871,16,29,13,1,4,3,0.017,0.022
16872,16,29,13,2,4,2,0.017,0.061
16874,9,18,9,1,2,1,0.017,0.061
16875,15,28,13,1,4,3,0.017,0.061
16876,12,23,11,1,3,2,0.017,0.011
16877,19,34,15,2,5,3,0.017,0.067
16878,11,22,11,1,2,1,0.017,0.011
16879,11,23,12,1,3,2,0.017,0.011
16881,11,23,12,1,3,2,0.017,0.011
16882,17,30,13,2,4,2,0.017,0.061
16901,8,17,9,0,2,2,0.006,0.011
16911,8,16,8,0,2,2,0.006,0.011
16912,8,16,8,0,2,2,0.006,0.011
16914,13,24,11,1,3,2,0.006,0.006
16915,5,12,7,0,1,1,0.000,0.000
16917,8,17,9,1,2,1,0.006,0.011
16920,15,27,12,1,4,3,0.006,0.011
16921,7,16,9,0,1,1,0.006,0.011
16922,6,15,9,0,1,1,0.000,0.000
16923,5,12,7,0,1,1,0.000,0.000
16925,12,23,11,1,3,2,0.006,0.006
16926,14,26,12,1,4,3,0.006,0.006
16927,7,16,9,0,1,1,0.000,0.000
16928,11,22,11,1,2,1,0.006,0.011
16929,16,28,12,2,4,2,0.006,0.011
16930,8,16,8,0,2,2,0.006,0.011
16932,7,15,8,1,2,1,0.006,0.011
16933,12,23,11,1,3,2,0.006,0.011
16935,10,21,11,1,2,1,0.006,0.011
16936,13,24,11,1,3,2,0.006,0.011
16937,6,14,8,0,1,1,0.000,0.000
16938,9,19,10,1,2,1,0.006,0.011
16939,7,14,7,0,1,1,0.006,0.011
16940,14,26,12,1,3,2,0.006,0.011
16941,5,12,7,0,1,1,0.000,0.000
16942,13,24,11,1,3,2,0.006,0.011
16943,7,15,8,0,1,1,0.006,0.011
16946,14,25,11,1,3,2,0.006,0.011
16947,12,23,11,1,3,2,0.006,0.006
16948,5,13,8,0,1,1,0.000,0.000
16950,8,17,9,0,2,2,0.006,0.011
17002,22,38,16,2,6,4,0.017,0.067
17003,38,56,18,8,15,7,0.044,0.194
17004,26,42,16,3,8,5,0.017,0.067
17005,34,51,17,6,13,7,0.039,0.189
17006,26,42,16,3,8,5,0.022,0.117
17007,40,58,18,8,16,8,0.022,0.094
17009,33,51,18,5,12,7,0.017,0.067
17010,38,55,17,7,15,8,0.044,0.194
17011,41,59,18,8,16,8,0.022,0.094
17013,45,63,18,10,19,9,0.022,0.094
17015,42,60,18,8,17,9,0.022,0.094
17016,34,51,17,6,13,7,0.044,0.194
17017,34,51,17,6,13,7,0.056,0.194
17018,37,55,18,7,14,7,0.039,0.189
17019,41,59,18,8,17,9,0.117,0.456
17020,38,55,17,7,14,7,0.022,0.117
17021,27,44,17,3,8,5,0.022,0.128
17022,43,61,18,9,18,9,0.200,0.544
17023,27,42,15,4,9,5,0.039,0.189
17024,33,51,18,5,12,7,0.022,0.117
17025,42,60,18,9,17,8,0.022,0.094
17026,36,53,17,7,14,7,0.044,0.194
17027,41,59,18,8,16,8,0.022,0.094
17028,39,56,17,8,15,7,0.039,0.189
17029,20,34,14,2,5,3,0.017,0.067
17030,24,40,16,4,8,4,0.039,0.189
17032,32,49,17,6,12,6,0.039,0.189
17033,40,58,18,8,16,8,0.039,0.189
17034,43,61,18,10,19,9,0.039,0.189
17035,30,47,17,4,10,6,0.022,0.128
17036,40,57,17,8,16,8,0.039,0.189
17037,31,49,18,5,11,6,0.022,0.117
17038,36,54,18,7,14,7,0.044,0.194
17039,34,52,18,6,13,7,0.044,0.194
17040,33,50,17,5,12,7,0.022,0.117
17041,41,59,18,8,17,9,0.044,0.194
17042,36,53,17,7,14,7,0.044,0.194
17043,42,60,18,8,17,9,0.022,0.094
17044,27,43,16,3,8,5,0.017,0.067
17045,37,54,17,7,14,7,0.022,0.117
17046,36,54,18,7,14,7,0.044,0.194
17047,31,48,17,5,11,6,0.022,0.117
17048,23,37,14,3,7,4,0.039,0.189
17049,34,51,17,6,12,6,0.022,0.128
17050,42,60,18,9,17,8,0.022,0.094
17051,29,46,17,4,10,6,0.017,0.067
17052,19,34,15,2,5,3,0.017,0.067
17053,39,57,18,8,15,7,0.022,0.117
17055,41,59,18,8,16,8,0.022,0.094
17056,38,56,18,7,15,8,0.022,0.128
17057,43,61,18,9,19,10,0.039,0.189
17058,36,54,18,6,13,7,0.022,0.128
17059,36,54,18,6,14,8,0.022,0.128
17060,20,35,15,2,5,3,0.017,0.067
17061,35,52,17,7,13,6,0.039,0.189
17062,34,52,18,6,13,7,0.022,0.117
17063,25,42,17,3,8,5,0.017,0.067
17064,35,53,18,7,14,7,0.044,0.194
17065,38,56,18,7,14,7,0.022,0.094
17066,35,53,18,6,13,7,0.017,0.067
17067,35,53,18,7,14,7,0.044,0.194
17068,34,52,18,6,12,6,0.022,0.117
17069,38,55,17,7,15,8,0.022,0.117
17070,39,57,18,8,15,7,0.022,0.094
17071,25,42,17,3,8,5,0.022,0.117
17072,44,62,18,9,18,9,0.022,0.094
17073,28,45,17,5,10,5,0.044,0.194
17074,34,52,18,6,12,6,0.022,0.117
17075,28,45,17,4,9,5,0.017,0.067
17076,36,54,18,6,14,8,0.022,0.128
17077,37,55,18,7,15,8,0.044,0.194
17078,38,56,18,8,15,7,0.044,0.194
17080,32,49,17,6,12,6,0.039,0.189
17081,44,62,18,9,18,9,0.022,0.094
17082,30,47,17,5,10,5,0.022,0.128
17083,34,52,18,6,13,7,0.044,0.194
17084,27,45,18,3,9,6,0.017,0.067
17086,32,50,18,6,12,6,0.022,0.128
17087,34,51,17,6,12,6,0.044,0.194
17088,34,51,17,6,13,7,0.044,0.194
17090,39,57,18,7,15,8,0.022,0.117
17093,42,60,18,9,18,9,0.022,0.094
17094,32,50,18,5,11,6,0.022,0.128
17097,22,37,15,3,7,4,0.039,0.189
17098,19,32,13,2,6,4,0.039,0.189
17099,35,53,18,6,13,7,0.017,0.067
17101,42,60,18,9,17,8,0.039,0.189
17102,42,60,18,9,17,8,0.039,0.189
17103,41,59,18,8,17,9,0.039,0.189
17104,42,60,18,9,17,8,0.039,0.189
17109,40,58,18,8,16,8,0.039,0.189
17110,41,59,18,8,17,9,0.039,0.189
17111,41,59,18,8,17,9,0.039,0.189
17112,39,57,18,8,16,8,0.039,0.189
17113,41,59,18,8,16,8,0.039,0.189
17120,42,60,18,9,17,8,0.039,0.189
17201,40,59,19,7,16,9,0.028,0.094
17202,39,57,18,7,15,8,0.028,0.094
17210,21,35,14,2,6,4,0.028,0.094
17211,34,53,19,5,11,6,0.011,0.067
17212,35,54,19,5,13,8,0.028,0.078
17213,27,44,17,3,9,6,0.017,0.067
17214,31,49,18,4,10,6,0.028,0.094
17215,29,46,17,4,9,5,0.017,0.067
17217,24,40,16,3,7,4,0.028,0.094
17219,19,34,15,2,5,3,0.028,0.094
17220,27,44,17,3,9,6,0.028,0.094
17221,25,42,17,3,8,5,0.028,0.094
17222,30,48,18,4,10,6,0.028,0.094
17223,27,44,17,3,9,6,0.028,0.078
17224,35,53,18,6,13,7,0.028,0.094
17225,43,62,19,8,16,8,0.028,0.094
17228,32,49,17,4,11,7,0.028,0.078
17229,30,48,18,4,10,6,0.028,0.078
17233,28,45,17,4,9,5,0.028,0.078
17235,40,59,19,7,15,8,0.028,0.094
17236,43,62,19,8,17,9,0.028,0.094
17237,27,44,17,4,9,5,0.028,0.094
17238,38,57,19,6,14,8,0.028,0.078
17239,28,45,17,4,9,5,0.017,0.067
17240,43,61,18,9,18,9,0.022,0.094
17241,39,58,19,8,16,8,0.022,0.094
17243,27,44,17,3,9,6,0.017,0.067
17244,42,60,18,8,17,9,0.028,0.094
17246,42,60,18,8,17,9,0.028,0.094
17247,39,57,18,6,14,8,0.028,0.094
17249,34,52,18,5,12,7,0.017,0.067
17250,34,53,19,5,11,6,0.028,0.094
17251,38,56,18,7,15,8,0.028,0.094
17252,43,61,18,8,17,9,0.028,0.094
17253,32,50,18,5,11,6,0.017,0.067
17254,37,56,19,6,14,8,0.028,0.094
17255,27,44,17,3,8,5,0.017,0.067
17256,40,58,18,7,14,7,0.028,0.094
17257,37,55,18,7,14,7,0.022,0.094
17260,32,49,17,5,11,6,0.017,0.067
17261,24,41,17,3,7,4,0.028,0.094
17262,28,45,17,4,9,5,0.028,0.094
17263,45,64,19,8,17,9,0.028,0.094
17264,32,50,18,5,11,6,0.017,0.067
17265,32,50,18,5,11,6,0.028,0.094
17266,35,53,18,6,12,6,0.022,0.094
17267,37,56,19,6,13,7,0.028,0.078
17268,37,56,19,6,13,7,0.028,0.094
17270,45,64,19,9,18,9,,
17271,29,47,18,4,10,6,0.028,0.094
17272,43,62,19,8,16,8,0.028,0.094
17301,45,63,18,10,19,9,0.033,0.150
17302,38,55,17,7,15,8,0.117,0.456
17304,40,58,18,8,16,8,0.033,0.150
17306,40,58,18,8,16,8,0.033,0.150
17307,40,57,17,8,16,8,0.033,0.150
17309,36,54,18,6,13,7,0.117,0.456
17311,42,60,18,8,17,9,0.117,0.456
17313,42,61,19,8,17,9,0.117,0.456
17314,43,61,18,9,19,10,0.117,0.456
17315,48,66,18,12,22,10,0.117,0.456
17316,48,66,18,11,21,10,0.033,0.150
17317,40,58,18,8,16,8,0.117,0.456
17318,49,67,18,11,22,11,0.117,0.456
17319,42,60,18,9,18,9,0.117,0.456
17320,43,62,19,9,18,9,0.033,0.150
17321,38,56,18,7,15,8,0.117,0.456
17322,39,57,18,7,15,8,0.117,0.456
17324,35,52,17,6,13,7,0.022,0.094
17325,47,65,18,10,20,10,0.033,0.150
17327,40,59,19,8,16,8,0.117,0.456
17329,40,58,18,8,16,8,0.117,0.456
17331,44,62,18,10,19,9,0.117,0.456
17339,40,58,18,8,16,8,0.117,0.456
17340,45,63,18,10,19,9,0.033,0.150
17343,44,62,18,9,18,9,0.033,0.150
17344,46,64,18,11,20,9,0.033,0.150
17345,45,63,18,10,19,9,0.117,0.456
17347,44,62,18,9,18,9,0.117,0.456
17349,39,56,17,7,15,8,0.117,0.456
17350,47,65,18,11,21,10,0.033,0.150
17352,37,55,18,7,14,7,0.117,0.456
17353,35,53,18,6,13,7,0.033,0.150
17355,38,56,18,7,14,7,0.117,0.456
17356,40,58,18,8,16,8,0.117,0.456
17360,44,63,19,9,19,10,0.117,0.456
17361,39,57,18,7,15,8,0.117,0.456
17362,46,64,18,10,20,10,0.117,0.456
17363,39,57,18,7,15,8,0.117,0.456
17364,49,67,18,12,23,11,0.117,0.456
17365,45,63,18,10,19,9,0.117,0.456
17366,39,57,18,7,15,8,0.117,0.456
17368,42,60,18,9,17,8,0.117,0.456
17370,44,61,17,9,18,9,0.117,0.456
17371,50,69,19,12,23,11,0.117,0.456
17372,44,62,18,10,19,9,0.033,0.150
17401,50,68,18,11,22,11,0.117,0.456
17402,45,63,18,9,19,10,0.117,0.456
17403,47,65,18,10,20,10,0.117,0.456
17404,50,68,18,12,22,10,0.117,0.456
17406,45,63,18,10,19,9,0.117,0.456
17407,45,64,19,10,19,9,0.117,0.456
17408,51,69,18,13,24,11,0.117,0.456
17501,40,58,18,9,17,8,0.200,0.544
17502,46,64,18,10,20,10,0.200,0.544
17505,41,59,18,9,17,8,0.200,0.544
17507,33,49,16,6,12,6,0.200,0.544
17508,41,59,18,9,17,8,0.200,0.544
17509,38,55,17,8,15,7,0.200,0.544
17512,43,61,18,9,18,9,0.200,0.544
17516,40,58,18,8,16,8,0.200,0.544
17517,37,54,17,7,14,7,0.200,0.544
17518,42,60,18,9,18,9,0.200,0.544
17519,36,53,17,7,14,7,0.200,0.544
17520,43,61,18,9,18,9,0.200,0.544
17522,40,58,18,8,16,8,0.200,0.544
17527,36,53,17,7,14,7,0.200,0.544
17529,40,58,18,8,16,8,0.200,0.544
17532,34,51,17,6,12,6,0.200,0.544
17535,38,55,17,8,15,7,0.200,0.544
17536,48,66,18,12,23,11,0.200,0.544
17538,41,59,18,9,17,8,0.200,0.544
17540,41,59,18,9,17,8,0.200,0.544
17543,41,58,17,9,17,8,0.200,0.544
17545,42,60,18,9,18,9,0.200,0.544
17547,45,63,18,10,19,9,0.200,0.544
17550,45,63,18,10,20,10,0.200,0.544
17551,43,61,18,9,18,9,0.200,0.544
17552,44,62,18,10,19,9,0.200,0.544
17554,42,60,18,9,18,9,0.200,0.544
17555,33,50,17,6,12,6,0.200,0.544
17557,39,56,17,8,16,8,0.200,0.544
17560,34,51,17,6,13,7,0.200,0.544
17562,36,53,17,7,14,7,0.200,0.544
17563,51,70,19,14,25,11,0.200,0.544
17565,34,51,17,6,12,6,0.200,0.544
17566,38,56,18,8,16,8,0.200,0.544
17569,35,52,17,6,13,7,0.200,0.544
17570,44,62,18,10,19,9,0.200,0.544
17572,39,56,17,8,16,8,0.200,0.544
17576,42,59,17,9,17,8,0.200,0.544
17578,38,56,18,7,15,8,0.200,0.544
17579,37,54,17,7,14,7,0.200,0.544
17581,38,56,18,8,15,7,0.200,0.544
17582,43,61,18,9,18,9,0.200,0.544
17584,40,57,17,8,16,8,0.200,0.544
17601,42,60,18,9,18,9,0.200,0.544
17602,42,60,18,9,18,9,0.200,0.544
17603,42,60,18,9,18,9,0.200,0.544
17701,26,42,16,4,9,5,0.033,0.094
17702,17,29,12,2,5,3,0.033,0.094
17721,20,34,14,2,6,4,0.017,0.022
17723,12,23,11,1,3,2,0.033,0.094
17724,11,21,10,1,3,2,0.006,0.006
17727,10,20,10,1,2,1,0.033,0.094
17728,23,39,16,3,7,4,0.033,0.094
17729,9,19,10,1,2,1,0.017,0.022
17730,34,52,18,6,13,7,0.056,0.194
17731,7,16,9,0,2,2,0.000,0.000
17737,24,39,15,3,8,5,0.033,0.094
17739,12,22,10,1,2,1,0.033,0.094
17740,25,40,15,3,8,5,0.033,0.094
17742,20,34,14,2,6,4,0.033,0.094
17744,24,39,15,3,7,4,0.033,0.094
17745,21,36,15,3,6,3,0.017,0.022
17747,14,26,12,1,3,2,0.017,0.022
17748,17,30,13,2,5,3,0.017,0.022
17749,33,51,18,6,13,7,0.056,0.194
17750,11,22,11,1,3,2,0.017,0.022
17751,23,38,15,3,7,4,0.017,0.022
17752,28,44,16,4,10,6,0.033,0.094
17754,23,38,15,3,7,4,0.033,0.094
17756,26,42,16,4,9,5,0.033,0.094
17758,10,19,9,1,3,2,0.000,0.000
17760,13,26,13,1,3,2,0.017,0.022
17762,20,35,15,2,6,4,0.033,0.094
17763,10,21,11,1,2,1,0.033,0.094
17764,13,25,12,1,3,2,0.017,0.022
17765,8,17,9,1,2,1,0.006,0.011
17767,25,41,16,3,8,5,,
17768,9,17,8,1,2,1,0.000,0.000
17771,13,24,11,1,3,2,0.033,0.094
17772,31,48,17,5,11,6,0.056,0.194
17774,13,24,11,1,3,2,0.033,0.094
17776,13,24,11,1,3,2,0.033,0.094
17777,34,52,18,6,13,7,0.056,0.194
17778,13,24,11,1,3,2,0.017,0.022
17779,26,42,16,3,8,5,0.017,0.022
17801,30,46,16,5,11,6,0.056,0.194
17810,28,45,17,5,10,5,0.033,0.094
17812,31,48,17,5,11,6,0.078,0.228
17813,30,46,16,5,11,6,0.078,0.228
17814,18,32,14,2,5,3,0.033,0.072
17815,28,44,16,5,10,5,0.033,0.072
17820,19,33,14,2,6,4,0.033,0.072
17821,28,44,16,5,10,5,0.033,0.128
17822,31,48,17,5,11,6,0.033,0.128
17823,27,43,16,4,10,6,0.056,0.194
17824,21,35,14,3,7,4,0.056,0.194
17827,32,48,16,6,12,6,0.078,0.228
17829,40,58,18,9,17,8,0.067,0.239
17830,31,47,16,5,11,6,0.056,0.194
17832,16,28,12,2,5,3,0.056,0.194
17834,16,28,12,2,5,3,0.056,0.194
17835,34,51,17,6,13,7,0.067,0.239
17836,26,41,15,4,9,5,0.056,0.194
17837,36,54,18,7,15,8,0.067,0.239
17840,17,30,13,2,5,3,0.056,0.194
17841,24,39,15,3,7,4,0.017,0.067
17842,33,50,17,6,13,7,0.078,0.228
17844,37,54,17,7,15,8,0.067,0.239
17845,36,53,17,7,14,7,0.067,0.239
17846,23,38,15,3,7,4,0.033,0.072
17847,36,53,17,7,14,7,0.056,0.194
17850,36,54,18,8,15,7,0.056,0.194
17851,16,28,12,2,5,3,0.056,0.194
17853,35,52,17,7,14,7,0.078,0.228
17855,33,50,17,6,13,7,0.067,0.239
17856,35,52,17,7,14,7,0.067,0.239
17857,32,49,17,6,12,6,0.056,0.194
17859,25,40,15,4,8,4,0.033,0.072
17860,22,36,14,3,7,4,0.056,0.194
17861,23,39,16,4,8,4,0.078,0.228
17862,37,55,18,8,15,7,0.078,0.228
17864,36,53,17,7,14,7,0.078,0.228
17865,35,52,17,7,14,7,0.056,0.194
17866,19,33,14,2,6,4,0.056,0.194
17867,25,41,16,4,9,5,0.056,0.194
17868,31,48,17,5,11,6,0.056,0.194
17870,35,52,17,7,15,8,0.078,0.228
17872,19,33,14,3,6,3,0.056,0.194
17876,31,47,16,6,12,6,0.078,0.228
17878,24,40,16,3,8,5,0.033,0.072
17880,36,53,17,7,14,7,0.067,0.239
17881,19,32,13,2,6,4,0.056,0.194
17884,24,39,15,3,8,5,0.033,0.128
17885,17,29,12,2,4,2,0.067,0.239
17886,38,56,18,8,16,8,0.067,0.239
17887,35,53,18,7,14,7,0.067,0.239
17888,16,29,13,2,5,3,0.033,0.072
17889,33,50,17,6,13,7,0.067,0.239
17901,24,39,15,3,8,5,0.044,0.122
17920,15,27,12,2,4,2,0.033,0.072
17921,16,29,13,2,5,3,0.044,0.122
17922,24,39,15,3,8,5,0.044,0.122
17923,20,35,15,3,6,3,0.044,0.122
17925,18,31,13,2,5,3,0.044,0.122
17929,28,44,16,4,9,5,0.044,0.122
17930,19,32,13,2,5,3,0.044,0.122
17931,12,23,11,1,3,2,0.044,0.122
17933,27,43,16,4,9,5,0.044,0.122
17934,12,23,11,1,3,2,0.044,0.122
17935,13,24,11,1,4,3,0.044,0.122
17936,13,23,10,1,4,3,0.044,0.122
17938,19,33,14,3,6,3,0.044,0.122
17941,26,42,16,4,9,5,0.044,0.122
17943,16,29,13,2,5,3,0.044,0.122
17944,19,33,14,2,6,4,0.044,0.122
17945,18,32,14,2,6,4,0.044,0.122
17946,13,23,10,1,3,2,0.044,0.122
17948,12,23,11,1,3,2,0.044,0.122
17949,12,23,11,1,3,2,0.044,0.122
17951,21,35,14,3,6,3,0.044,0.122
17952,17,30,13,2,5,3,0.044,0.122
17953,20,34,14,2,6,4,0.044,0.122
17954,22,36,14,3,7,4,0.044,0.122
17957,21,35,14,3,7,4,0.044,0.122
17959,19,32,13,2,5,3,0.044,0.122
17960,23,38,15,3,7,4,0.044,0.122
17961,28,44,16,4,9,5,0.044,0.122
17963,28,44,16,5,10,5,0.044,0.122
17964,20,34,14,3,7,4,0.044,0.122
17965,20,34,14,3,6,3,0.044,0.122
17967,14,26,12,2,4,2,0.044,0.122
17968,18,31,13,2,6,4,0.044,0.122
17970,24,39,15,3,8,5,0.044,0.122
17972,27,43,16,4,9,5,0.044,0.122
17974,23,38,15,3,7,4,0.044,0.122
17976,13,24,11,1,3,2,0.044,0.122
17978,19,32,13,3,6,3,0.039,0.189
17979,20,34,14,3,6,3,0.044,0.122
17980,21,36,15,3,7,4,0.044,0.122
17981,21,35,14,3,7,4,0.044,0.122
17982,17,30,13,2,5,3,0.044,0.122
17983,18,30,12,2,6,4,0.044,0.122
17985,14,26,12,1,4,3,0.044,0.122
18011,32,49,17,5,11,6,0.039,0.139
18013,25,41,16,4,8,4,0.022,0.044
18014,30,46,16,5,11,6,0.022,0.044
18015,36,54,18,7,14,7,0.022,0.044
18016,35,52,17,6,13,7,0.022,0.044
18017,36,54,18,7,14,7,0.022,0.044
18018,36,53,17,7,14,7,0.039,0.139
18020,37,55,18,7,15,8,0.022,0.044
18030,26,42,16,4,8,4,0.011,0.022
18031,37,55,18,7,15,8,0.039,0.139
18032,35,52,17,7,14,7,0.039,0.139
18034,35,53,18,7,14,7,0.039,0.139
18035,32,49,17,6,12,6,0.022,0.044
18036,36,53,17,7,15,8,0.039,0.139
18037,35,52,17,7,14,7,0.039,0.139
18038,26,41,15,4,8,4,0.022,0.044
18040,37,55,18,7,15,8,0.022,0.044
18041,46,64,18,12,22,10,0.067,0.217
18042,38,56,18,8,16,8,0.022,0.044
18045,37,54,17,7,14,7,0.022,0.044
18046,38,56,18,8,15,7,0.039,0.139
18049,34,51,17,6,13,7,0.039,0.139
18051,34,52,18,6,13,7,0.039,0.139
18052,35,53,18,7,14,7,0.039,0.139
18053,29,46,17,5,10,5,0.039,0.139
18054,44,61,17,10,19,9,0.067,0.217
18055,34,52,18,6,13,7,0.022,0.044
18056,43,61,18,10,19,9,0.044,0.156
18058,20,34,14,2,6,4,0.000,0.033
18059,34,51,17,6,13,7,0.039,0.139
18062,35,53,18,7,14,7,0.039,0.139
18063,32,49,17,6,12,6,0.022,0.044
18064,34,50,16,6,13,7,0.022,0.044
18066,30,46,16,5,10,5,0.039,0.139
18067,34,51,17,6,13,7,0.022,0.044
18068,33,50,17,6,12,6,0.039,0.139
18069,35,53,18,7,13,6,0.039,0.139
18070,48,66,18,12,22,10,0.067,0.217
18071,27,42,15,4,9,5,0.011,0.022
18072,24,39,15,3,8,5,0.022,0.044
18073,46,64,18,12,22,10,0.067,0.217
18074,45,63,18,11,20,9,0.067,0.217
18076,48,66,18,13,23,10,0.067,0.217
18077,37,54,17,7,15,8,0.078,0.228
18078,32,50,18,6,12,6,0.039,0.139
18079,30,46,16,5,10,5,0.039,0.139
18080,30,46,16,5,10,5,0.039,0.139
18081,35,52,17,7,14,7,0.078,0.228
18083,36,53,17,7,14,7,0.022,0.044
18085,35,53,18,7,14,7,0.022,0.044
18086,32,49,17,6,12,6,0.022,0.044
18087,38,56,18,8,15,7,0.039,0.139
18088,31,48,17,5,11,6,0.022,0.044
18091,26,42,16,4,9,5,0.022,0.044
18092,40,57,17,8,17,9,0.039,0.139
18101,33,50,17,6,12,6,0.039,0.139
18102,35,53,18,7,14,7,0.039,0.139
18103,34,51,17,6,13,7,0.039,0.139
18104,36,54,18,7,14,7,0.039,0.139
18105,35,53,18,7,14,7,0.039,0.139
18106,38,55,17,7,15,8,0.039,0.139
18109,35,52,17,6,13,7,0.039,0.139
18195,37,54,17,7,14,7,0.039,0.139
18201,9,19,10,1,2,1,0.033,0.050
18202,10,21,11,1,3,2,0.033,0.050
18210,11,21,10,1,3,2,0.011,0.022
18211,25,40,15,3,8,5,0.044,0.122
18212,25,41,16,3,8,5,0.011,0.022
18214,15,27,12,1,4,3,0.044,0.122
18216,12,23,11,1,3,2,0.011,0.022
18218,16,28,12,2,4,2,0.044,0.122
18219,16,28,12,2,4,2,0.033,0.050
18220,14,25,11,1,4,3,0.044,0.122
18221,9,19,10,1,2,1,0.033,0.050
18222,12,24,12,1,3,2,0.033,0.050
18223,9,19,10,1,2,1,0.033,0.050
18224,9,19,10,1,2,1,0.033,0.050
18225,9,19,10,1,2,1,0.033,0.050
18229,16,29,13,2,5,3,0.011,0.022
18230,11,22,11,1,3,2,0.011,0.022
18231,10,20,10,1,3,2,0.044,0.122
18232,16,29,13,2,4,2,0.011,0.022
18234,9,19,10,1,2,1,0.033,0.050
18235,25,41,16,4,8,4,0.011,0.022
18237,11,21,10,1,3,2,0.044,0.122
18239,10,20,10,1,3,2,0.033,0.050
18240,17,30,13,2,5,3,0.011,0.022
18241,14,26,12,1,4,3,0.044,0.122
18242,12,23,11,1,3,2,0.044,0.122
18244,21,35,14,3,6,3,0.011,0.022
18245,15,28,13,2,4,2,0.044,0.122
18246,17,30,13,2,5,3,0.033,0.050
18248,12,22,10,1,3,2,0.044,0.122
18249,16,28,12,2,5,3,0.033,0.050
18250,17,30,13,2,5,3,0.011,0.022
18251,17,31,14,2,5,3,0.033,0.050
18252,19,32,13,2,5,3,0.044,0.122
18254,11,22,11,1,3,2,0.011,0.022
18255,12,23,11,1,3,2,0.011,0.022
18256,13,25,12,1,4,3,0.033,0.050
18301,29,45,16,5,10,5,0.000,0.033
18302,21,35,14,3,7,4,0.000,0.033
18321,24,39,15,3,8,5,0.000,0.033
18322,18,32,14,2,5,3,0.000,0.033
18323,9,18,9,0,2,2,0.000,0.033
18324,22,36,14,3,7,4,0.000,0.011
18325,8,16,8,0,2,2,0.000,0.033
18326,11,22,11,1,3,2,0.000,0.033
18327,26,41,15,4,9,5,0.000,0.033
18328,18,31,13,2,6,4,0.000,0.011
18330,16,29,13,2,4,2,0.000,0.033
18331,20,34,14,2,6,4,0.000,0.033
18332,16,29,13,2,5,3,0.000,0.033
18333,22,36,14,3,7,4,0.000,0.033
18334,7,16,9,0,2,2,0.000,0.033
18335,25,39,14,3,8,5,0.000,0.033
18336,25,40,15,4,9,5,0.000,0.011
18337,16,29,13,2,5,3,0.000,0.011
18340,22,37,15,3,7,4,0.000,0.011
18342,9,19,10,0,2,2,0.000,0.033
18343,28,43,16,4,10,6,0.022,0.044
18344,8,17,9,0,2,2,0.000,0.033
18346,7,14,7,0,1,1,0.000,0.033
18347,6,13,7,0,1,1,0.000,0.033
18349,9,19,10,1,2,1,0.000,0.033
18350,6,13,7,0,1,1,0.000,0.033
18351,27,43,16,4,10,6,0.022,0.044
18352,17,30,13,2,5,3,0.000,0.033
18353,20,33,13,2,6,4,0.000,0.033
18354,22,37,15,3,7,4,0.000,0.033
18355,10,20,10,1,2,1,0.000,0.033
18356,23,37,14,3,7,4,0.000,0.033
18357,8,16,8,0,1,1,0.000,0.033
18360,26,41,15,4,9,5,0.000,0.033
18370,12,23,11,1,3,2,0.000,0.033
18371,14,26,12,1,4,3,0.000,0.011
18372,16,28,12,1,4,3,0.000,0.033
18403,13,24,11,1,3,2,0.006,0.000
18405,13,25,12,1,3,2,0.000,0.000
18407,8,16,8,0,2,2,0.006,0.000
18411,13,24,11,1,3,2,0.006,0.000
18413,8,17,9,0,2,2,0.000,0.000
18414,13,25,12,1,3,2,0.006,0.000
18415,12,23,11,1,3,2,0.000,0.000
18417,9,18,9,0,2,2,0.000,0.000
18419,15,27,12,1,4,3,0.000,0.000
18420,13,25,12,1,3,2,0.006,0.000
18421,5,11,6,0,1,1,0.000,0.000
18424,5,11,6,0,1,1,0.006,0.000
18425,12,23,11,1,3,2,0.000,0.011
18426,6,14,8,0,1,1,0.000,0.011
18427,8,16,8,0,1,1,0.000,0.000
18428,11,21,10,1,3,2,0.000,0.011
18430,3,9,6,0,0,0,0.000,0.000
18431,10,20,10,1,2,1,0.000,0.000
18433,11,21,10,1,3,2,0.006,0.000
18434,11,21,10,1,3,2,0.006,0.000
18435,16,29,13,1,4,3,0.000,0.011
18436,8,16,8,0,2,2,0.000,0.000
18437,8,16,8,0,2,2,0.000,0.000
18438,9,18,9,0,2,2,0.000,0.000
18439,6,14,8,0,1,1,0.000,0.000
18441,11,21,10,1,3,2,0.000,0.000
18443,14,25,11,1,3,2,0.000,0.000
18444,6,14,8,0,1,1,0.006,0.000
18445,5,12,7,0,1,1,0.000,0.000
18446,14,26,12,1,4,3,0.000,0.000
18447,14,26,12,1,4,3,0.006,0.000
18451,7,15,8,0,1,1,0.000,0.011
18452,13,25,12,1,4,3,0.006,0.000
18453,6,13,7,0,1,1,0.000,0.000
18454,4,10,6,0,1,1,0.000,0.000
18455,7,14,7,0,1,1,0.000,0.000
18456,9,18,9,0,2,2,0.000,0.000
18457,11,22,11,1,3,2,0.000,0.011
18458,12,23,11,1,3,2,0.000,0.011
18459,9,19,10,0,2,2,0.000,0.000
18460,5,12,7,0,1,1,0.000,0.000
18461,10,19,9,1,2,1,0.000,0.000
18462,5,12,7,0,1,1,0.000,0.000
18463,6,14,8,0,1,1,0.000,0.000
18464,7,15,8,0,1,1,0.000,0.011
18465,4,9,5,0,1,1,0.000,0.000
18466,6,13,7,0,1,1,0.000,0.033
18469,12,22,10,1,3,2,0.000,0.000
18470,5,12,7,0,1,1,0.000,0.000
18471,11,22,11,1,3,2,0.006,0.000
18472,8,17,9,0,2,2,0.000,0.000
18473,11,21,10,1,3,2,0.000,0.000
18503,18,32,14,2,5,3,0.006,0.000
18504,20,35,15,2,6,4,0.006,0.000
18505,13,24,11,1,3,2,0.006,0.000
18507,17,30,13,2,5,3,0.006,0.000
18508,19,33,14,2,6,4,0.006,0.000
18509,16,29,13,2,5,3,0.006,0.000
18510,16,29,13,2,5,3,0.006,0.000
18512,13,25,12,1,4,3,0.006,0.000
18517,19,33,14,2,6,4,0.006,0.000
18518,23,38,15,3,7,4,0.006,0.000
18519,17,31,14,2,5,3,0.006,0.000
18602,8,17,9,0,2,2,0.033,0.050
18603,30,47,17,5,11,6,0.033,0.072
18610,9,17,8,1,2,1,0.000,0.033
18612,15,27,12,1,4,3,0.033,0.050
18614,8,16,8,0,2,2,0.000,0.000
18615,20,34,14,2,6,4,0.000,0.000
18616,10,20,10,1,2,1,0.000,0.000
18617,19,33,14,2,6,4,0.033,0.050
18618,12,23,11,1,3,2,0.033,0.050
18619,11,21,10,1,3,2,0.000,0.000
18621,20,34,14,2,6,4,0.033,0.050
18622,24,39,15,3,8,5,0.033,0.050
18623,16,28,12,2,4,2,0.000,0.000
18624,7,15,8,0,1,1,0.011,0.022
18625,17,31,14,2,5,3,0.000,0.000
18626,7,16,9,0,2,2,0.000,0.000
18628,6,14,8,0,1,1,0.000,0.000
18629,13,24,11,1,3,2,0.000,0.000
18630,16,29,13,2,5,3,0.000,0.000
18631,32,48,16,6,12,6,0.033,0.072
18632,7,15,8,0,2,2,0.000,0.000
18634,24,39,15,3,8,5,0.033,0.050
18635,24,39,15,3,8,5,0.033,0.050
18636,13,25,12,1,3,2,0.000,0.000
18640,19,33,14,2,6,4,0.033,0.050
18641,17,31,14,2,5,3,0.033,0.050
18642,19,33,14,2,6,4,0.033,0.050
18643,24,39,15,3,8,5,0.033,0.050
18644,24,39,15,3,8,5,0.033,0.050
18651,29,45,16,5,10,5,0.033,0.050
18653,21,35,14,3,7,4,0.006,0.000
18655,24,39,15,3,8,5,0.033,0.050
18656,15,28,13,1,4,3,0.033,0.050
18657,18,32,14,2,5,3,0.000,0.000
18660,20,34,14,2,6,4,0.033,0.050
18661,10,20,10,1,2,1,0.033,0.050
18701,23,38,15,3,7,4,0.033,0.050
18702,18,32,14,2,6,4,0.033,0.050
18704,28,44,16,4,10,6,0.033,0.050
18705,19,33,14,2,6,4,0.033,0.050
18706,17,30,13,2,5,3,0.033,0.050
18707,12,23,11,1,3,2,0.033,0.050
18708,20,33,13,2,6,4,0.033,0.050
18709,29,45,16,4,10,6,0.033,0.050
18801,10,19,9,1,2,1,0.000,0.000
18810,19,32,13,2,6,4,0.006,0.006
18812,9,17,8,1,2,1,0.000,0.000
18814,17,30,13,2,5,3,0.006,0.006
18816,11,21,10,1,3,2,0.000,0.000
18817,14,25,11,1,3,2,0.006,0.006
18818,10,20,10,1,3,2,0.000,0.000
18821,12,24,12,1,3,2,0.000,0.000
18822,11,21,10,1,3,2,0.000,0.000
18823,11,21,10,1,3,2,0.000,0.000
18824,13,25,12,1,3,2,0.000,0.000
18825,7,15,8,0,1,1,0.000,0.000
18826,12,23,11,1,3,2,0.000,0.000
18828,14,26,12,1,4,3,0.000,0.000
18829,13,24,11,1,3,2,0.006,0.006
18830,11,21,10,1,3,2,0.000,0.000
18831,16,29,13,2,5,3,0.006,0.006
18832,13,24,11,1,3,2,0.006,0.006
18833,10,20,10,1,3,2,0.006,0.006
18834,9,18,9,1,2,1,0.000,0.000
18837,13,24,11,1,4,3,0.006,0.006
18840,21,35,14,3,7,4,0.006,0.006
18842,8,17,9,0,2,2,0.000,0.000
18843,9,18,9,1,2,1,0.000,0.000
18844,13,25,12,1,4,3,0.000,0.000
18845,14,26,12,1,4,3,0.006,0.006
18846,15,27,12,1,4,3,0.006,0.006
18847,9,19,10,1,2,1,0.000,0.000
18848,17,31,14,2,5,3,0.006,0.006
18850,16,29,13,2,5,3,0.006,0.006
18851,10,20,10,1,3,2,0.006,0.006
18853,16,30,14,2,5,3,0.006,0.006
18854,17,30,13,2,5,3,0.006,0.006
18901,39,57,18,8,16,8,0.078,0.228
18902,37,55,18,7,15,8,0.078,0.228
18912,39,57,18,8,16,8,0.078,0.228
18913,38,56,18,8,15,7,0.078,0.228
18914,40,57,17,8,16,8,0.078,0.228
18915,38,55,17,7,15,8,0.067,0.217
18917,34,51,17,6,12,6,0.078,0.228
18920,38,56,18,8,16,8,0.078,0.228
18923,35,52,17,6,13,7,0.078,0.228
18925,40,58,18,8,16,8,0.078,0.228
18929,40,58,18,9,17,8,0.078,0.228
18930,35,52,17,7,14,7,0.078,0.228
18932,39,57,18,8,16,8,0.078,0.228
18935,42,60,18,9,18,9,0.078,0.228
18936,40,57,17,8,16,8,0.067,0.217
18938,41,59,18,9,17,8,0.078,0.228
18940,42,60,18,10,18,8,0.078,0.228
18942,36,54,18,7,14,7,0.078,0.228
18944,37,54,17,7,14,7,0.078,0.228
18947,36,53,17,7,14,7,0.078,0.228
18950,38,55,17,7,15,8,0.078,0.228
18951,38,55,17,8,16,8,0.078,0.228
18954,44,62,18,10,19,9,0.078,0.228
18955,37,55,18,7,15,8,0.078,0.228
18960,38,55,17,7,15,8,0.078,0.228
18962,36,53,17,6,13,7,0.078,0.228
18964,40,57,17,8,16,8,0.067,0.217
18966,44,62,18,11,20,9,0.078,0.228
18969,39,57,18,8,16,8,0.067,0.217
18970,38,56,18,8,16,8,0.078,0.228
18972,35,53,18,7,14,7,0.078,0.228
18974,41,58,17,9,17,8,0.078,0.228
18976,40,58,18,8,17,9,0.078,0.228
18977,41,59,18,9,18,9,0.078,0.228
18980,40,58,18,9,17,8,0.078,0.228
19001,43,61,18,10,19,9,0.067,0.217
19002,42,59,17,9,18,9,0.067,0.217
19003,48,66,18,12,23,11,0.067,0.217
19004,50,67,17,13,24,11,0.067,0.217
19006,45,63,18,11,20,9,0.067,0.217
19007,50,67,17,14,24,10,0.078,0.228
19008,47,65,18,12,22,10,0.078,0.233
19009,45,63,18,11,20,9,0.067,0.217
19010,45,63,18,11,20,9,0.078,0.233
19012,51,68,17,14,24,10,0.067,0.217
19013,52,69,17,15,26,11,0.078,0.233
19014,50,68,18,14,24,10,0.078,0.233
19015,51,69,18,14,25,11,0.078,0.233
19017,49,67,18,13,23,10,0.078,0.233
19018,51,68,17,14,24,10,0.078,0.233
19020,50,68,18,14,25,11,0.078,0.228
19021,51,69,18,14,25,11,0.078,0.228
19022,51,69,18,14,25,11,0.078,0.233
19023,51,69,18,14,25,11,0.078,0.233
19025,42,59,17,9,18,9,0.067,0.217
19026,50,68,18,13,24,11,0.078,0.233
19027,48,65,17,12,22,10,0.067,0.217
19029,51,69,18,14,25,11,0.078,0.233
19030,47,65,18,12,22,10,0.078,0.228
19031,43,61,18,10,19,9,0.067,0.217
19032,51,68,17,14,25,11,0.078,0.233
19033,51,69,18,14,25,11,0.078,0.233
19034,43,61,18,10,19,9,0.067,0.217
19035,46,63,17,11,21,10,0.067,0.217
19036,51,69,18,14,25,11,0.078,0.233
19038,43,61,18,10,19,9,0.067,0.217
19040,42,59,17,9,18,9,0.067,0.217
19041,47,65,18,12,22,10,0.067,0.217
19043,51,68,17,14,25,11,0.078,0.233
19044,41,58,17,9,17,8,0.067,0.217
19046,47,64,17,12,22,10,0.067,0.217
19047,47,64,17,12,22,10,0.078,0.228
19050,51,68,17,14,25,11,0.078,0.233
19053,47,65,18,12,22,10,0.078,0.228
19054,47,65,18,12,22,10,0.078,0.228
19055,47,65,18,12,23,11,0.078,0.228
19056,48,66,18,13,23,10,0.078,0.228
19057,48,66,18,13,23,10,0.078,0.228
19060,46,64,18,11,21,10,0.078,0.233
19061,51,69,18,15,26,11,0.078,0.233
19063,49,67,18,13,23,10,0.078,0.233
19064,49,67,18,13,24,11,0.078,0.233
19066,50,68,18,14,24,10,0.067,0.217
19067,44,62,18,11,20,9,0.078,0.228
19070,50,68,18,13,24,11,0.078,0.233
19072,49,67,18,13,24,11,0.067,0.217
19073,45,62,17,11,20,9,0.078,0.233
19074,51,69,18,14,25,11,0.078,0.233
19075,43,61,18,10,19,9,0.067,0.217
19076,51,69,18,14,25,11,0.078,0.233
19078,51,69,18,14,25,11,0.078,0.233
19079,51,69,18,14,25,11,0.078,0.233
19081,51,69,18,14,25,11,0.078,0.233
19082,51,69,18,14,25,11,0.078,0.233
19083,48,66,18,13,23,10,0.078,0.233
19085,43,60,17,10,18,8,0.067,0.217
19086,51,69,18,14,25,11,0.078,0.233
19087,42,59,17,9,17,8,0.194,0.544
19090,43,60,17,10,18,8,0.067,0.217
19094,51,69,18,14,25,11,0.078,0.233
19095,46,63,17,11,21,10,0.067,0.217
19096,49,67,18,13,23,10,0.067,0.217
19102,54,71,17,15,27,12,0.100,0.294
19103,54,71,17,15,27,12,0.100,0.294
19104,53,70,17,15,26,11,0.100,0.294
19106,54,71,17,15,27,12,0.100,0.294
19107,54,71,17,15,27,12,0.100,0.294
19109,54,71,17,15,27,12,0.100,0.294
19111,50,68,18,14,24,10,0.100,0.294
19112,51,68,17,14,25,11,0.100,0.294
19113,51,68,17,14,25,11,0.078,0.233
19114,51,68,17,14,24,10,0.100,0.294
19115,47,65,18,12,22,10,0.100,0.294
19116,47,64,17,12,21,9,0.100,0.294
19118,44,61,17,10,19,9,0.100,0.294
19119,49,67,18,13,23,10,0.100,0.294
19120,51,69,18,14,25,11,0.100,0.294
19121,53,71,18,15,26,11,0.100,0.294
19122,53,71,18,15,27,12,0.100,0.294
19123,53,71,18,15,27,12,0.100,0.294
19124,53,70,17,15,26,11,0.100,0.294
19125,53,71,18,15,27,12,0.100,0.294
19126,50,68,18,14,24,10,0.100,0.294
19127,49,67,18,13,23,10,0.100,0.294
19128,49,66,17,13,23,10,0.100,0.294
19129,52,70,18,15,26,11,0.100,0.294
19130,53,71,18,15,27,12,0.100,0.294
19131,51,69,18,14,25,11,0.100,0.294
19132,53,70,17,15,26,11,0.100,0.294
19133,53,70,17,15,26,11,0.100,0.294
19134,53,71,18,15,26,11,0.100,0.294
19135,52,70,18,15,25,10,0.100,0.294
19136,51,69,18,14,25,11,0.100,0.294
19137,53,71,18,15,26,11,0.100,0.294
19138,49,67,18,13,23,10,0.100,0.294
19139,52,70,18,14,26,12,0.100,0.294
19140,53,70,17,15,26,11,0.100,0.294
19141,50,68,18,14,24,10,0.100,0.294
19142,51,69,18,14,25,11,0.100,0.294
19143,52,69,17,14,25,11,0.100,0.294
19144,50,68,18,14,24,10,0.100,0.294
19145,52,69,17,14,25,11,0.100,0.294
19146,52,70,18,14,26,12,0.100,0.294
19147,52,70,18,14,26,12,0.100,0.294
19148,52,70,18,14,26,12,0.100,0.294
19149,51,68,17,14,25,11,0.100,0.294
19150,46,63,17,11,21,10,0.100,0.294
19151,51,69,18,14,25,11,0.100,0.294
19152,50,68,18,14,24,10,0.100,0.294
19153,51,68,17,14,25,11,0.100,0.294
19154,50,68,18,14,24,10,0.100,0.294
19301,38,56,18,7,15,8,0.194,0.544
19310,36,53,17,7,14,7,0.194,0.544
19311,41,59,18,9,18,9,0.194,0.544
19312,40,58,18,8,17,9,0.194,0.544
19316,35,52,17,6,13,7,0.194,0.544
19317,42,59,17,9,18,9,0.078,0.233
19319,44,62,18,10,19,9,0.078,0.233
19320,38,55,17,8,15,7,0.194,0.544
19330,38,55,17,8,16,8,0.194,0.544
19333,41,58,17,9,17,8,0.194,0.544
19335,40,57,17,8,16,8,0.194,0.544
19341,39,57,18,8,15,7,0.194,0.544
19342,44,62,18,10,20,10,0.078,0.233
19343,36,53,17,7,14,7,0.194,0.544
19344,32,49,17,6,11,5,0.194,0.544
19345,37,53,16,7,13,6,0.194,0.544
19348,40,58,18,9,17,8,0.194,0.544
19350,45,63,18,10,20,10,0.194,0.544
19352,46,64,18,11,21,10,0.194,0.544
19355,38,56,18,7,15,8,0.194,0.544
19358,40,57,17,8,16,8,0.194,0.544
19362,51,69,18,13,25,12,0.194,0.544
19363,46,65,19,11,22,11,0.194,0.544
19365,36,52,16,7,14,7,0.194,0.544
19367,37,54,17,7,15,8,0.194,0.544
19372,39,56,17,8,15,7,0.194,0.544
19373,42,60,18,9,18,9,0.078,0.233
19374,40,58,18,9,17,8,0.194,0.544
19375,39,57,18,8,16,8,0.194,0.544
19380,40,58,18,8,16,8,0.194,0.544
19382,42,60,18,9,18,9,0.194,0.544
19383,41,59,18,9,17,8,0.194,0.544
19390,42,59,17,9,18,9,0.194,0.544
19401,47,65,18,11,21,10,0.067,0.217
19403,45,63,18,10,20,10,0.067,0.217
19405,45,63,18,11,20,9,0.067,0.217
19406,44,61,17,10,19,9,0.067,0.217
19422,43,61,18,10,19,9,0.067,0.217
19425,38,55,17,7,15,8,0.194,0.544
19426,43,61,18,9,18,9,0.067,0.217
19428,46,64,18,11,21,10,0.067,0.217
19435,48,66,18,12,22,10,0.067,0.217
19436,40,58,18,8,16,8,0.067,0.217
19437,43,61,18,10,18,8,0.067,0.217
19438,41,59,18,9,18,9,0.067,0.217
19440,39,57,18,8,16,8,0.067,0.217
19442,42,60,18,9,18,9,0.194,0.544
19444,45,63,18,11,20,9,0.067,0.217
19446,39,56,17,8,16,8,0.067,0.217
19453,45,63,18,10,20,10,0.067,0.217
19454,40,57,17,8,16,8,0.067,0.217
19456,47,65,18,11,21,10,0.067,0.217
19457,43,61,18,9,18,9,0.194,0.544
19460,44,62,18,10,19,9,0.194,0.544
19462,45,63,18,11,20,9,0.067,0.217
19464,43,61,18,10,19,9,0.067,0.217
19465,40,57,17,8,16,8,0.194,0.544
19468,43,61,18,9,18,9,0.067,0.217
19472,48,66,18,12,22,10,0.067,0.217
19473,42,60,18,9,18,9,0.067,0.217
19474,42,60,18,9,18,9,0.067,0.217
19475,43,61,18,9,18,9,0.194,0.544
19477,43,61,18,10,19,9,0.067,0.217
19492,43,61,18,10,19,9,0.067,0.217
19501,33,50,17,6,12,6,0.200,0.544
19503,44,62,18,10,20,10,0.044,0.156
19504,43,61,18,10,19,9,0.044,0.156
19505,43,61,18,10,19,9,0.044,0.156
19506,34,51,17,6,12,6,0.044,0.156
19507,33,50,17,6,12,6,0.044,0.156
19508,36,53,17,7,14,7,0.044,0.156
19510,33,50,17,5,12,7,0.044,0.156
19511,32,49,17,5,11,6,0.044,0.156
19512,41,59,18,9,17,8,0.044,0.156
19518,40,58,18,8,16,8,0.044,0.156
19519,39,57,18,8,16,8,0.044,0.156
19520,32,49,17,6,11,5,0.194,0.544
19522,31,48,17,5,11,6,0.044,0.156
19523,31,47,16,5,11,6,0.044,0.156
19525,44,62,18,10,19,9,0.067,0.217
19526,34,51,17,6,12,6,0.044,0.156
19529,29,46,17,4,10,6,0.044,0.156
19530,34,51,17,6,12,6,0.044,0.156
19533,37,54,17,7,14,7,0.044,0.156
19534,31,48,17,5,11,6,0.044,0.156
19535,40,58,18,8,17,9,0.044,0.156
19536,26,42,16,4,8,4,0.044,0.156
19538,35,53,18,6,13,7,0.044,0.156
19539,29,46,17,4,10,6,0.044,0.156
19540,32,48,16,5,11,6,0.044,0.156
19541,35,52,17,6,13,7,0.044,0.156
19542,35,52,17,6,13,7,,
19543,31,48,17,5,11,6,0.044,0.156
19544,34,51,17,6,13,7,0.044,0.156
19545,46,64,18,11,21,10,0.044,0.156
19547,37,54,17,7,14,7,0.044,0.156
19549,30,46,16,5,10,5,0.044,0.122
19550,33,51,18,6,12,6,0.044,0.156
19551,30,47,17,5,11,6,0.044,0.156
19554,33,50,17,6,12,6,0.044,0.156
19555,35,52,17,6,13,7,0.044,0.156
19559,32,49,17,5,12,7,0.044,0.156
19560,32,49,17,5,11,6,0.044,0.156
19562,29,45,16,4,9,5,0.044,0.156
19564,35,53,18,6,13,7,0.044,0.156
19565,34,51,17,6,13,7,0.044,0.156
19567,33,51,18,6,12,6,0.044,0.156
19601,38,55,17,7,15,8,0.044,0.156
19602,37,54,17,7,14,7,0.044,0.156
19604,36,54,18,7,14,7,0.044,0.156
19605,35,53,18,7,14,7,0.044,0.156
19606,37,55,18,7,15,8,0.044,0.156
19607,34,51,17,6,13,7,0.044,0.156
19608,33,50,17,6,12,6,0.044,0.156
19609,36,53,17,7,14,7,0.044,0.156
19610,37,55,18,7,14,7,0.044,0.156
19611,38,56,18,7,15,8,0.044,0.156
19701,51,70,19,13,25,12,0.106,0.333
19702,52,70,18,13,25,12,0.106,0.333
19703,52,70,18,15,26,11,0.106,0.333
19706,49,68,19,12,23,11,0.106,0.333
19707,43,61,18,10,19,9,0.106,0.333
19709,51,70,19,12,23,11,0.106,0.333
19710,42,60,18,10,19,9,0.106,0.333
19711,50,69,19,13,25,12,0.106,0.333
19713,53,71,18,14,26,12,0.106,0.333
19716,54,72,18,15,27,12,0.106,0.333
19717,54,72,18,15,27,12,0.106,0.333
19720,47,65,18,11,22,11,0.106,0.333
19730,51,70,19,12,24,12,0.106,0.333
19731,50,69,19,11,22,11,0.106,0.333
19732,42,60,18,10,19,9,0.106,0.333
19733,51,70,19,13,25,12,0.106,0.333
19734,51,70,19,12,24,12,0.106,0.333
19736,43,61,18,10,19,9,0.106,0.333
19801,48,66,18,13,23,10,0.106,0.333
19802,48,66,18,13,24,11,0.106,0.333
19803,46,64,18,11,21,10,0.106,0.333
19804,46,64,18,11,22,11,0.106,0.333
19805,46,64,18,12,22,10,0.106,0.333
19806,47,65,18,12,22,10,0.106,0.333
19807,44,62,18,10,20,10,0.106,0.333
19808,46,64,18,11,22,11,0.106,0.333
19809,50,68,18,14,25,11,0.106,0.333
19810,46,64,18,12,21,9,0.106,0.333
19901,46,64,18,10,20,10,0.089,0.361
19904,48,66,18,11,21,10,0.089,0.361
19930,47,67,20,7,18,11,0.144,0.617
19931,57,76,19,17,30,13,0.144,0.617
19933,54,73,19,15,28,13,0.144,0.617
19934,48,67,19,12,23,11,0.089,0.361
19936,50,69,19,11,22,11,0.089,0.361
19938,51,70,19,12,24,12,0.089,0.361
19939,52,72,20,10,22,12,0.144,0.617
19940,60,78,18,19,33,14,0.144,0.617
19941,52,72,20,13,26,13,0.144,0.617
19943,51,69,18,12,24,12,0.089,0.361
19944,46,66,20,8,18,10,0.144,0.617
19945,52,71,19,10,22,12,0.144,0.617
19946,48,67,19,10,21,11,0.089,0.361
19947,53,72,19,13,27,14,0.144,0.617
19950,52,70,18,13,25,12,0.144,0.617
19951,54,73,19,12,25,13,0.144,0.617
19952,51,70,19,13,25,12,0.089,0.361
19953,51,70,19,13,25,12,0.089,0.361
19954,51,70,19,12,24,12,0.089,0.361
19955,51,69,18,12,24,12,0.089,0.361
19956,57,76,19,17,31,14,0.144,0.617
19958,52,72,20,10,22,12,0.144,0.617
19960,52,72,20,12,25,13,0.144,0.617
19962,47,66,19,10,21,11,0.089,0.361
19963,51,71,20,12,24,12,0.144,0.617
19964,53,71,18,15,27,12,0.089,0.361
19966,54,73,19,12,25,13,0.144,0.617
19967,49,68,19,7,18,11,0.144,0.617
19968,53,72,19,11,24,13,0.144,0.617
19970,48,68,20,7,18,11,0.144,0.617
19971,50,69,19,8,19,11,0.144,0.617
19973,55,74,19,16,29,13,0.144,0.617
19975,49,69,20,9,21,12,0.144,0.617
19977,51,70,19,11,23,12,0.089,0.361
19979,51,69,18,13,25,12,0.089,0.361
20001,61,80,19,18,32,14,0.111,0.383
20002,60,78,18,17,31,14,0.111,0.383
20003,58,77,19,17,30,13,0.111,0.383
20004,60,79,19,17,31,14,0.111,0.383
20005,61,80,19,18,32,14,0.111,0.383
20006,60,79,19,18,31,13,0.111,0.383
20007,62,81,19,19,33,14,0.111,0.383
20008,61,80,19,18,32,14,0.111,0.383
20009,61,80,19,18,32,14,0.111,0.383
20010,61,80,19,18,32,14,0.111,0.383
20011,60,79,19,18,31,13,0.111,0.383
20012,59,78,19,17,30,13,0.111,0.383
20015,60,79,19,18,31,13,0.111,0.383
20016,61,80,19,18,32,14,0.111,0.383
20017,61,80,19,18,32,14,0.111,0.383
20018,61,79,18,18,32,14,0.111,0.383
20019,56,75,19,16,28,12,0.111,0.383
20020,57,75,18,16,29,13,0.111,0.383
20024,59,78,19,17,30,13,0.111,0.383
20032,57,75,18,16,29,13,0.111,0.383
20036,61,80,19,18,32,14,0.111,0.383
20037,61,80,19,18,32,14,0.111,0.383
20045,60,79,19,17,31,14,0.111,0.383
20052,61,80,19,18,32,14,0.111,0.383
20053,58,77,19,17,30,13,0.111,0.383
20057,62,81,19,19,33,14,0.111,0.383
20064,61,80,19,18,32,14,0.111,0.383
20105,55,75,20,14,27,13,0.083,0.233
20106,64,83,19,20,35,15,0.150,0.467
20109,62,81,19,19,33,14,0.072,0.200
20110,60,80,20,17,31,14,0.050,0.200
20111,60,80,20,17,31,14,0.072,0.200
20112,58,77,19,16,29,13,0.072,0.200
20115,56,76,20,15,28,13,0.139,0.411
20117,56,76,20,15,27,12,0.083,0.233
20118,55,75,20,14,27,13,,
20119,60,80,20,17,31,14,0.139,0.411
20120,59,78,19,17,30,13,0.067,0.278
20121,59,79,20,17,31,14,0.067,0.278
20124,58,77,19,16,29,13,0.067,0.278
20129,60,79,19,17,30,13,0.083,0.233
20130,45,64,19,9,19,10,0.083,0.244
20132,59,79,20,16,30,14,0.083,0.233
20135,44,64,20,9,19,10,0.083,0.244
20136,62,81,19,18,33,15,0.072,0.200
20137,56,76,20,15,28,13,0.139,0.411
20139,60,79,19,17,31,14,0.139,0.411
20141,59,78,19,16,29,13,0.083,0.233
20143,59,78,19,16,30,14,0.072,0.200
20144,54,74,20,13,25,12,0.139,0.411
20147,56,75,19,15,27,12,0.083,0.233
20148,56,75,19,14,27,13,0.083,0.233
20151,55,74,19,14,26,12,0.067,0.278
20152,56,76,20,15,27,12,0.083,0.233
20155,60,80,20,17,31,14,0.072,0.200
20158,59,79,20,16,30,14,0.083,0.233
20164,53,72,19,13,24,11,0.083,0.233
20165,54,73,19,14,26,12,0.083,0.233
20166,53,73,20,13,25,12,0.083,0.233
20169,58,77,19,16,29,13,0.072,0.200
20170,51,71,20,12,23,11,0.067,0.278
20171,52,71,19,13,24,11,0.067,0.278
20175,59,78,19,16,30,14,0.083,0.233
20176,59,78,19,16,30,14,0.083,0.233
20180,57,77,20,15,28,13,0.083,0.233
20181,60,80,20,17,31,14,0.072,0.200
20184,55,75,20,14,26,12,0.139,0.411
20186,57,77,20,16,29,13,0.139,0.411
20187,56,76,20,15,28,13,0.139,0.411
20190,51,70,19,13,24,11,0.067,0.278
20191,51,70,19,13,24,11,0.067,0.278
20194,51,70,19,12,24,12,0.067,0.278
20197,58,77,19,16,29,13,0.083,0.233
20198,53,72,19,13,25,12,0.139,0.411
20202,60,79,19,17,31,14,0.111,0.383
20204,58,77,19,17,30,13,0.111,0.383
20228,60,79,19,17,31,14,0.111,0.383
20230,60,79,19,17,31,14,0.111,0.383
20240,60,79,19,17,31,14,0.111,0.383
20245,60,79,19,17,31,14,0.111,0.383
20260,60,79,19,17,31,14,0.111,0.383
20307,60,78,18,17,31,14,,
20317,61,80,19,18,32,14,,
20319,60,79,19,17,31,14,0.111,0.383
20373,57,76,19,16,29,13,0.111,0.383
20390,58,77,19,17,30,13,0.111,0.383
20405,60,79,19,17,31,14,0.111,0.383
20418,60,79,19,17,31,14,0.111,0.383
20427,61,80,19,18,32,14,0.111,0.383
20506,60,79,19,17,31,14,0.111,0.383
20510,58,77,19,17,30,13,0.111,0.383
20520,60,79,19,17,31,14,0.111,0.383
20535,60,79,19,17,31,14,0.111,0.383
20540,58,77,19,17,30,13,0.111,0.383
20551,60,79,19,17,31,14,0.111,0.383
20553,60,79,19,17,31,14,0.111,0.383
20565,60,79,19,17,31,14,0.111,0.383
20566,60,79,19,17,31,14,0.111,0.383
20593,58,77,19,17,30,13,0.111,0.383
20601,57,76,19,15,27,12,0.167,0.700
20602,57,76,19,15,27,12,0.167,0.700
20603,55,75,20,14,26,12,0.167,0.700
20606,62,80,18,15,28,13,0.111,0.578
20607,56,75,19,14,26,12,0.128,0.389
20608,55,74,19,15,28,13,0.128,0.389
20609,63,82,19,17,31,14,0.111,0.578
20611,57,76,19,15,28,13,0.167,0.700
20612,52,72,20,13,26,13,0.167,0.700
20613,56,75,19,14,26,12,0.128,0.389
20615,54,74,20,13,26,13,0.061,0.339
20616,56,75,19,14,26,12,0.167,0.700
20617,54,74,20,14,26,12,0.167,0.700
20618,65,84,19,20,35,15,0.111,0.578
20619,53,72,19,10,22,12,0.111,0.578
20620,53,73,20,10,22,12,0.111,0.578
20621,64,83,19,20,35,15,0.111,0.578
20622,54,74,20,15,27,12,0.167,0.700
20623,56,75,19,14,27,13,0.128,0.389
20624,59,78,19,15,28,13,0.111,0.578
20625,68,86,18,21,37,16,0.167,0.700
20626,62,81,19,15,29,14,0.111,0.578
20628,55,75,20,11,24,13,0.111,0.578
20629,52,71,19,10,22,12,0.061,0.339
20630,54,74,20,10,23,13,0.111,0.578
20632,61,80,19,18,32,14,0.167,0.700
20634,51,71,20,9,21,12,0.111,0.578
20636,54,73,19,11,23,12,0.111,0.578
20637,53,72,19,13,26,13,0.167,0.700
20639,54,73,19,12,25,13,0.061,0.339
20640,56,76,20,14,27,13,0.167,0.700
20645,72,91,19,26,42,16,0.167,0.700
20646,54,74,20,13,26,13,0.167,0.700
20650,58,77,19,13,26,13,0.111,0.578
20653,51,71,20,9,21,12,0.111,0.578
20657,51,71,20,10,22,12,0.061,0.339
20658,56,76,20,14,27,13,0.167,0.700
20659,54,74,20,14,27,13,0.111,0.578
20660,55,74,19,12,25,13,0.111,0.578
20662,61,81,20,18,32,14,0.167,0.700
20664,67,86,19,23,38,15,0.167,0.700
20667,52,72,20,10,22,12,0.111,0.578
20670,51,71,20,10,21,11,0.111,0.578
20674,57,76,19,11,24,13,0.111,0.578
20675,52,72,20,12,24,12,0.167,0.700
20676,53,73,20,12,24,12,0.061,0.339
20677,55,75,20,14,26,12,0.167,0.700
20678,52,72,20,12,24,12,0.061,0.339
20680,56,76,20,11,24,13,0.111,0.578
20684,55,75,20,11,23,12,0.111,0.578
20685,53,72,19,11,24,13,0.061,0.339
20686,54,74,20,10,23,13,0.111,0.578
20687,57,77,20,11,25,14,0.111,0.578
20688,52,71,19,10,22,12,0.061,0.339
20689,53,72,19,12,24,12,0.061,0.339
20690,57,76,19,11,24,13,0.111,0.578
20692,54,74,20,10,23,13,0.111,0.578
20693,60,79,19,17,30,13,0.167,0.700
20695,54,74,20,13,25,12,0.167,0.700
20701,56,75,19,16,28,12,0.089,0.272
20705,56,75,19,16,28,12,0.128,0.389
20706,57,76,19,16,28,12,0.128,0.389
20707,57,76,19,16,29,13,0.128,0.389
20708,57,76,19,16,29,13,0.128,0.389
20710,59,78,19,17,31,14,0.128,0.389
20711,53,73,20,13,25,12,0.144,0.372
20712,61,79,18,18,32,14,0.128,0.389
20714,56,76,20,14,27,13,0.061,0.339
20715,55,74,19,14,25,11,0.128,0.389
20716,54,73,19,13,25,12,0.128,0.389
20720,56,75,19,15,28,13,0.128,0.389
20721,55,74,19,14,26,12,0.128,0.389
20722,61,79,18,18,32,14,0.128,0.389
20723,57,76,19,16,29,13,0.089,0.272
20724,57,76,19,16,29,13,0.144,0.372
20732,55,75,20,14,26,12,0.061,0.339
20733,56,75,19,15,28,13,0.144,0.372
20735,57,76,19,15,28,13,0.128,0.389
20736,53,72,19,13,24,11,0.061,0.339
20737,59,78,19,17,31,14,0.128,0.389
20740,58,77,19,17,30,13,0.128,0.389
20742,59,78,19,17,30,13,0.128,0.389
20743,55,74,19,15,27,12,0.128,0.389
20744,57,76,19,15,28,13,0.128,0.389
20745,57,76,19,16,29,13,0.128,0.389
20746,54,73,19,14,27,13,0.128,0.389
20747,53,72,19,13,25,12,0.128,0.389
20748,56,74,18,15,28,13,0.128,0.389
20751,56,75,19,15,28,13,0.144,0.372
20754,53,73,20,13,25,12,0.061,0.339
20755,54,73,19,14,26,12,0.144,0.372
20758,53,73,20,13,25,12,0.144,0.372
20759,55,75,20,16,28,12,0.089,0.272
20762,54,73,19,14,26,12,0.128,0.389
20763,57,76,19,16,28,12,0.089,0.272
20764,57,76,19,15,28,13,0.144,0.372
20765,57,76,19,16,29,13,0.144,0.372
20769,57,76,19,16,28,12,0.128,0.389
20770,57,76,19,16,28,12,0.128,0.389
20772,55,74,19,14,26,12,0.128,0.389
20774,54,73,19,13,25,12,0.128,0.389
20776,54,73,19,14,26,12,0.144,0.372
20777,53,72,19,14,26,12,0.089,0.272
20778,57,76,19,16,28,12,0.144,0.372
20779,55,74,19,14,26,12,0.144,0.372
20781,60,79,19,18,31,13,0.128,0.389
20782,61,80,19,18,32,14,0.128,0.389
20783,59,78,19,17,31,14,0.128,0.389
20784,58,77,19,16,29,13,0.128,0.389
20785,56,75,19,15,28,13,0.128,0.389
20794,55,74,19,15,27,12,0.089,0.272
20812,63,82,19,19,33,14,0.128,0.383
20814,58,77,19,16,29,13,0.128,0.383
20815,59,78,19,17,31,14,0.128,0.383
20816,62,81,19,19,33,14,0.128,0.383
20817,58,77,19,17,30,13,0.128,0.383
20818,63,82,19,19,33,14,0.128,0.383
20832,48,66,18,11,21,10,0.128,0.383
20833,48,67,19,11,22,11,0.128,0.383
20837,56,75,19,14,27,13,0.128,0.383
20838,51,71,20,12,24,12,0.128,0.383
20839,54,73,19,14,25,11,0.128,0.383
20841,51,70,19,12,24,12,0.128,0.383
20842,53,72,19,13,25,12,0.128,0.383
20850,50,69,19,12,23,11,0.128,0.383
20851,50,68,18,12,23,11,0.128,0.383
20852,52,71,19,13,25,12,0.128,0.383
20853,49,68,19,12,22,10,0.128,0.383
20854,53,72,19,13,25,12,0.128,0.383
20855,49,68,19,12,22,10,0.128,0.383
20860,48,67,19,11,22,11,0.128,0.383
20861,50,68,18,12,23,11,0.128,0.383
20862,49,67,18,12,22,10,0.128,0.383
20866,54,73,19,15,27,12,0.128,0.383
20868,51,70,19,13,24,11,0.128,0.383
20871,47,66,19,11,21,10,0.128,0.383
20872,45,64,19,10,20,10,0.128,0.383
20874,52,71,19,13,24,11,0.128,0.383
20876,50,69,19,12,23,11,0.128,0.383
20877,49,68,19,12,22,10,0.128,0.383
20878,51,70,19,12,24,12,0.128,0.383
20879,49,68,19,12,23,11,0.128,0.383
20880,49,68,19,12,22,10,0.128,0.383
20882,47,66,19,11,21,10,0.128,0.383
20886,49,68,19,12,22,10,0.128,0.383
20895,54,73,19,14,26,12,0.128,0.383
20896,52,71,19,13,25,12,0.128,0.383
20899,50,68,18,12,22,10,0.128,0.383
20901,56,75,19,15,28,13,0.128,0.383
20902,53,72,19,14,25,11,0.128,0.383
20903,57,76,19,16,29,13,0.128,0.383
20904,52,71,19,13,25,12,0.128,0.383
20905,50,69,19,13,23,10,0.128,0.383
20906,50,69,19,12,23,11,0.128,0.383
20910,57,76,19,16,29,13,0.128,0.383
20912,60,79,19,17,31,14,0.128,0.383
21001,56,74,18,16,28,12,0.167,0.572
21005,56,74,18,16,28,12,0.167,0.572
21009,57,76,19,17,29,12,0.167,0.572
21012,57,76,19,16,29,13,0.144,0.372
21013,60,78,18,18,32,14,0.078,0.322
21014,60,79,19,19,32,13,0.167,0.572
21015,58,77,19,17,30,13,0.167,0.572
21017,56,75,19,16,28,12,0.167,0.572
21028,56,74,18,16,29,13,0.167,0.572
21029,54,74,20,15,27,12,0.089,0.272
21030,57,76,19,17,29,12,0.078,0.322
21031,57,76,19,16,29,13,0.078,0.322
21032,58,77,19,16,29,13,0.144,0.372
21034,57,75,18,17,30,13,0.167,0.572
21035,56,75,19,15,27,12,0.144,0.372
21036,51,70,19,13,24,11,0.089,0.272
21037,59,78,19,17,30,13,0.144,0.372
21040,57,76,19,16,29,13,0.167,0.572
21042,55,74,19,15,27,12,0.089,0.272
21043,53,73,20,14,26,12,0.089,0.272
21044,56,75,19,16,28,12,0.089,0.272
21045,55,74,19,15,27,12,0.089,0.272
21046,56,75,19,16,28,12,0.089,0.272
21047,61,79,18,19,32,13,0.167,0.572
21048,52,71,19,14,25,11,0.044,0.244
21050,60,79,19,19,32,13,0.167,0.572
21051,59,78,19,18,32,14,0.078,0.322
21052,57,76,19,15,27,12,0.078,0.322
21053,39,57,18,7,15,8,0.078,0.322
21054,56,75,19,15,27,12,0.144,0.372
21056,58,77,19,16,29,13,0.144,0.372
21057,59,78,19,18,31,13,0.078,0.322
21060,55,74,19,14,26,12,0.144,0.372
21061,54,73,19,14,25,11,0.144,0.372
21071,53,72,19,14,26,12,0.078,0.322
21074,44,63,19,9,19,10,0.044,0.244
21075,53,72,19,14,26,12,0.089,0.272
21076,52,72,20,13,25,12,0.144,0.372
21077,52,71,19,14,25,11,0.144,0.372
21078,56,74,18,16,29,13,0.167,0.572
21082,60,79,19,18,32,14,0.078,0.322
21084,54,73,19,15,27,12,0.167,0.572
21085,58,77,19,17,30,13,0.167,0.572
21087,59,78,19,18,31,13,0.078,0.322
21090,53,72,19,14,25,11,0.144,0.372
21093,56,75,19,16,29,13,0.078,0.322
21102,41,60,19,8,17,9,0.044,0.244
21104,55,74,19,15,28,13,0.089,0.272
21105,39,57,18,7,15,8,0.078,0.322
21108,55,74,19,14,26,12,0.144,0.372
21111,50,69,19,13,24,11,0.078,0.322
21113,54,73,19,14,25,11,0.144,0.372
21114,56,75,19,15,27,12,0.144,0.372
21117,55,74,19,15,27,12,0.078,0.322
21120,40,58,18,8,16,8,0.078,0.322
21122,57,76,19,15,27,12,0.144,0.372
21128,58,77,19,17,30,13,0.078,0.322
21130,56,75,19,16,29,13,0.167,0.572
21131,58,77,19,17,30,13,0.078,0.322
21132,45,64,19,11,20,9,0.167,0.572
21133,55,74,19,15,27,12,0.078,0.322
21136,53,72,19,14,26,12,0.078,0.322
21140,60,79,19,17,30,13,0.144,0.372
21144,53,72,19,13,25,12,0.144,0.372
21146,58,78,20,16,29,13,0.144,0.372
21152,53,72,19,14,26,12,0.078,0.322
21153,55,74,19,15,28,13,0.078,0.322
21154,55,73,18,16,28,12,0.167,0.572
21155,45,64,19,10,20,10,0.078,0.322
21156,59,77,18,17,30,13,0.078,0.322
21157,48,67,19,12,22,10,0.044,0.244
21158,47,66,19,11,21,10,0.044,0.244
21160,50,68,18,13,24,11,0.167,0.572
21161,41,59,18,8,17,9,0.167,0.572
21162,58,77,19,17,29,12,0.078,0.322
21163,56,75,19,15,28,13,0.089,0.272
21201,56,75,19,15,27,12,0.044,0.228
21202,56,75,19,15,27,12,0.044,0.228
21204,55,74,19,15,28,13,0.078,0.322
21205,56,75,19,14,26,12,0.044,0.228
21206,56,75,19,15,27,12,0.044,0.228
21207,54,73,19,14,26,12,0.078,0.322
21208,54,73,19,15,27,12,0.078,0.322
21209,55,74,19,15,27,12,0.078,0.322
21210,55,74,19,14,26,12,0.044,0.228
21211,55,74,19,14,26,12,0.044,0.228
21212,55,73,18,14,26,12,0.044,0.228
21213,56,75,19,15,26,11,0.044,0.228
21214,56,75,19,15,27,12,0.044,0.228
21215,55,73,18,15,26,11,0.044,0.228
21216,56,75,19,15,27,12,0.044,0.228
21217,56,75,19,15,27,12,0.044,0.228
21218,55,74,19,14,26,12,0.044,0.228
21219,57,76,19,15,27,12,0.078,0.322
21220,58,77,19,16,29,13,0.078,0.322
21221,57,76,19,16,28,12,0.078,0.322
21222,56,75,19,14,26,12,0.078,0.322
21223,56,75,19,15,27,12,0.044,0.228
21224,56,75,19,15,26,11,0.044,0.228
21225,54,73,19,13,25,12,0.044,0.228
21226,56,75,19,14,26,12,0.144,0.372
21227,54,73,19,14,25,11,0.078,0.322
21228,53,72,19,14,25,11,0.078,0.322
21229,55,74,19,14,26,12,0.044,0.228
21230,55,74,19,14,26,12,0.044,0.228
21231,56,75,19,14,26,12,0.044,0.228
21234,57,76,19,16,29,13,0.078,0.322
21236,58,77,19,17,29,12,0.078,0.322
21237,57,76,19,15,28,13,0.078,0.322
21239,55,74,19,15,27,12,0.044,0.228
21240,53,73,20,14,26,12,0.144,0.372
21244,54,73,19,14,26,12,0.078,0.322
21250,54,73,19,14,25,11,0.078,0.322
21251,56,74,18,15,27,12,0.044,0.228
21252,54,73,19,14,26,12,0.078,0.322
21286,56,75,19,16,28,12,0.078,0.322
21401,59,78,19,17,30,13,0.144,0.372
21402,58,77,19,17,30,13,0.144,0.372
21403,58,77,19,17,30,13,0.144,0.372
21405,59,78,19,17,29,12,0.144,0.372
21409,58,77,19,17,30,13,0.144,0.372
21502,49,69,20,10,21,11,0.039,0.150
21520,4,13,9,0,1,1,0.000,0.006
21521,13,25,12,1,3,2,0.039,0.150
21522,4,13,9,0,1,1,0.000,0.006
21523,8,18,10,0,2,2,0.000,0.006
21524,37,56,19,5,13,8,0.039,0.150
21529,37,57,20,5,13,8,0.039,0.150
21530,36,55,19,5,12,7,0.039,0.150
21531,10,22,12,1,2,1,0.000,0.006
21532,10,22,12,1,2,1,0.039,0.150
21536,5,13,8,0,1,1,0.000,0.006
21538,9,20,11,0,2,2,0.000,0.006
21539,8,18,10,0,2,2,0.039,0.150
21540,18,33,15,1,4,3,0.039,0.150
21541,4,13,9,0,1,1,0.000,0.006
21542,6,16,10,0,1,1,0.039,0.150
21543,11,23,12,1,2,1,0.039,0.150
21545,24,41,17,2,7,5,0.039,0.150
21550,6,16,10,0,1,1,0.000,0.006
21555,46,66,20,9,19,10,0.039,0.150
21557,39,59,20,6,14,8,0.039,0.150
21561,6,15,9,0,1,1,0.000,0.006
21562,24,41,17,2,7,5,0.039,0.150
21601,60,79,19,16,29,13,0.117,0.367
21607,55,73,18,15,28,13,0.122,0.433
21610,57,75,18,17,29,12,0.111,0.400
21612,57,76,19,15,28,13,0.117,0.367
21613,61,80,19,16,30,14,0.111,0.522
21617,60,78,18,18,31,13,0.122,0.433
21619,58,78,20,16,29,13,0.122,0.433
21620,57,76,19,17,30,13,0.111,0.400
21622,55,75,20,12,25,13,0.111,0.522
21623,58,77,19,17,31,14,0.122,0.433
21624,57,77,20,14,27,13,0.117,0.367
21625,61,79,18,18,31,13,0.117,0.367
21626,57,77,20,13,27,14,0.111,0.522
21627,56,77,21,12,26,14,0.111,0.522
21628,55,73,18,15,28,13,0.122,0.433
21629,58,77,19,17,31,14,0.111,0.406
21631,65,83,18,19,34,15,0.111,0.522
21632,59,78,19,18,31,13,0.111,0.406
21634,53,73,20,11,24,13,0.111,0.522
21635,54,72,18,14,27,13,0.111,0.400
21636,55,74,19,16,28,12,0.111,0.406
21638,60,79,19,17,30,13,0.122,0.433
21639,57,75,18,16,29,13,0.111,0.406
21640,54,73,19,15,28,13,0.111,0.406
21641,59,78,19,18,31,13,0.111,0.406
21643,64,83,19,20,34,14,0.111,0.522
21644,55,74,19,16,28,12,0.122,0.433
21645,56,74,18,16,29,13,0.111,0.400
21647,57,77,20,15,27,12,0.117,0.367
21648,56,76,20,13,26,13,0.111,0.522
21649,53,71,18,14,26,12,0.111,0.406
21650,53,72,19,14,27,13,0.111,0.400
21651,54,72,18,15,27,12,0.111,0.400
21652,58,77,19,15,29,14,0.117,0.367
21653,58,77,19,14,27,13,0.117,0.367
21654,60,79,19,16,29,13,0.117,0.367
21655,62,81,19,18,32,14,0.111,0.406
21657,59,77,18,17,30,13,0.122,0.433
21658,60,79,19,17,30,13,0.122,0.433
21659,64,82,18,20,35,15,0.111,0.522
21660,58,76,18,17,30,13,0.111,0.406
21661,58,77,19,16,29,13,0.111,0.400
21662,58,78,20,15,28,13,0.117,0.367
21663,59,78,19,15,28,13,0.117,0.367
21664,64,82,18,19,34,15,0.111,0.522
21665,57,77,20,15,28,13,0.117,0.367
21666,58,77,19,16,28,12,0.122,0.433
21667,56,75,19,16,29,13,0.111,0.400
21668,54,73,19,15,27,12,0.122,0.433
21669,53,73,20,12,24,12,0.111,0.522
21671,58,77,19,15,29,14,0.117,0.367
21672,57,77,20,13,27,14,0.111,0.522
21673,61,80,19,17,31,14,0.117,0.367
21675,57,77,20,14,28,14,0.111,0.522
21676,58,77,19,15,28,13,0.117,0.367
21677,57,77,20,13,27,14,0.111,0.522
21678,57,75,18,16,29,13,0.111,0.400
21679,62,80,18,19,33,14,0.117,0.367
21701,61,80,19,18,32,14,0.056,0.250
21702,64,82,18,20,35,15,0.056,0.250
21703,64,82,18,19,34,15,0.056,0.250
21704,55,74,19,14,27,13,0.056,0.250
21705,66,84,18,21,36,15,0.056,0.250
21710,57,76,19,15,28,13,0.056,0.250
21711,47,66,19,9,19,10,0.033,0.150
21713,46,66,20,10,20,10,0.033,0.150
21714,62,81,19,18,33,15,0.056,0.250
21716,59,78,19,16,29,13,0.056,0.250
21717,58,78,20,16,30,14,0.056,0.250
21718,57,76,19,15,28,13,0.056,0.250
21719,28,46,18,4,9,5,0.033,0.150
21722,50,69,19,11,21,10,0.033,0.150
21723,50,69,19,12,23,11,0.089,0.272
21727,48,66,18,11,21,10,0.056,0.250
21733,53,72,19,12,24,12,0.033,0.150
21734,51,70,19,11,22,11,0.033,0.150
21737,51,70,19,13,24,11,0.089,0.272
21738,50,69,19,12,23,11,0.089,0.272
21740,50,69,19,11,21,10,0.033,0.150
21742,47,66,19,10,19,9,0.033,0.150
21746,53,72,19,12,24,12,0.033,0.150
21750,43,63,20,8,17,9,0.033,0.150
21754,50,69,19,12,23,11,0.056,0.250
21755,58,77,19,16,29,13,0.056,0.250
21756,49,68,19,11,21,10,0.033,0.150
21757,51,70,19,12,23,11,0.056,0.250
21758,57,76,19,15,28,13,0.056,0.250
21762,51,70,19,13,24,11,0.056,0.250
21766,39,59,20,6,15,9,0.039,0.150
21767,43,62,19,8,16,8,0.033,0.150
21769,55,74,19,14,26,12,0.056,0.250
21770,47,66,19,11,21,10,0.056,0.250
21771,45,64,19,10,20,10,0.044,0.244
21773,43,62,19,8,18,10,0.056,0.250
21774,51,70,19,13,24,11,0.056,0.250
21776,48,67,19,11,22,11,0.044,0.244
21777,61,80,19,17,31,14,0.056,0.250
21778,52,71,19,13,24,11,0.056,0.250
21779,49,68,19,11,21,10,0.033,0.150
21780,31,48,17,4,10,6,0.056,0.250
21781,52,71,19,12,23,11,0.033,0.150
21782,52,71,19,12,23,11,0.033,0.150
21783,30,48,18,4,10,6,0.033,0.150
21784,51,71,20,13,25,12,0.044,0.244
21787,49,67,18,12,22,10,0.044,0.244
21788,52,71,19,13,24,11,0.056,0.250
21790,58,77,19,16,29,13,0.056,0.250
21791,50,69,19,13,23,10,0.044,0.244
21793,57,76,19,16,29,13,0.056,0.250
21794,53,72,19,14,26,12,0.089,0.272
21795,52,71,19,12,23,11,0.033,0.150
21797,48,67,19,11,22,11,0.089,0.272
21798,52,71,19,13,24,11,0.056,0.250
21801,61,80,19,18,33,15,0.144,0.617
21802,59,78,19,17,32,15,0.144,0.617
21804,59,78,19,17,32,15,0.144,0.617
21810,62,82,20,18,33,15,0.144,0.617
21811,48,68,20,11,24,13,0.083,0.544
21813,50,70,20,10,22,12,0.083,0.544
21814,60,80,20,16,31,15,0.144,0.617
21817,57,77,20,10,24,14,0.056,0.250
21821,57,77,20,12,27,15,0.056,0.250
21822,60,80,20,16,31,15,0.144,0.617
21824,59,80,21,12,27,15,0.056,0.250
21826,60,79,19,18,32,14,0.144,0.617
21829,48,69,21,8,19,11,0.083,0.544
21830,63,82,19,19,34,15,0.144,0.617
21835,66,85,19,20,36,16,0.111,0.522
21837,67,85,18,21,37,16,0.144,0.617
21838,55,75,20,11,24,13,0.056,0.250
21840,58,78,20,13,27,14,0.144,0.617
21841,51,71,20,10,23,13,0.083,0.544
21842,46,66,20,9,20,11,0.083,0.544
21849,58,77,19,17,32,15,0.144,0.617
21850,60,79,19,18,33,15,0.144,0.617
21851,56,76,20,11,25,14,0.083,0.544
21853,61,81,20,16,32,16,0.056,0.250
21856,62,82,20,17,32,15,0.144,0.617
21861,63,82,19,19,34,15,0.144,0.617
21862,52,72,20,13,26,13,0.083,0.544
21863,57,76,19,13,26,13,0.083,0.544
21864,46,66,20,7,17,10,0.083,0.544
21865,61,80,19,16,31,15,0.144,0.617
21866,60,81,21,13,28,15,0.056,0.250
21867,56,76,20,11,25,14,0.056,0.250
21869,67,86,19,21,37,16,0.111,0.522
21871,58,78,20,13,27,14,0.056,0.250
21872,58,77,19,16,30,14,0.083,0.544
21874,60,79,19,17,32,15,0.144,0.617
21875,60,79,19,19,34,15,0.144,0.617
21901,56,74,18,16,29,13,0.172,0.572
21902,57,75,18,17,29,12,0.172,0.572
21903,56,75,19,16,29,13,0.172,0.572
21904,53,72,19,15,27,12,0.172,0.572
21911,52,71,19,14,26,12,0.172,0.572
21912,54,72,18,15,27,12,0.172,0.572
21913,55,73,18,15,28,13,0.172,0.572
21914,57,75,18,17,30,13,0.172,0.572
21915,56,74,18,16,28,12,0.172,0.572
21916,56,75,19,16,29,13,0.172,0.572
21917,53,71,18,15,27,12,0.172,0.572
21918,56,74,18,16,29,13,0.172,0.572
21919,56,74,18,16,29,13,0.172,0.572
21920,54,73,19,15,27,12,0.172,0.572
21921,55,73,18,15,28,13,0.172,0.572
21930,54,73,19,15,27,12,0.172,0.572
22003,56,76,20,15,28,13,0.067,0.278
22015,56,75,19,15,27,12,0.067,0.278
22025,57,76,19,15,28,13,0.072,0.200
22026,57,76,19,15,28,13,0.072,0.200
22027,56,76,20,15,28,13,0.067,0.278
22030,54,73,19,14,26,12,0.067,0.278
22031,54,73,19,14,27,13,0.067,0.278
22032,55,74,19,14,27,13,0.067,0.278
22033,53,73,20,14,26,12,0.067,0.278
22035,55,74,19,15,27,12,0.067,0.278
22039,57,76,19,15,28,13,0.067,0.278
22041,58,77,19,16,30,14,0.067,0.278
22042,57,76,19,15,29,14,0.067,0.278
22043,57,77,20,16,29,13,0.067,0.278
22044,58,77,19,16,30,14,0.067,0.278
22046,57,76,19,16,29,13,0.044,0.183
22060,61,80,19,18,32,14,0.067,0.278
22066,53,72,19,13,25,12,0.067,0.278
22079,60,80,20,17,31,14,0.067,0.278
22101,60,79,19,18,31,13,0.067,0.278
22102,56,75,19,16,28,12,0.067,0.278
22124,52,71,19,13,25,12,0.067,0.278
22125,61,80,19,18,32,14,0.072,0.200
22134,57,77,20,16,28,12,0.072,0.200
22150,59,78,19,16,30,14,0.067,0.278
22151,57,76,19,16,29,13,0.067,0.278
22152,58,77,19,16,29,13,0.067,0.278
22153,59,78,19,16,30,14,0.067,0.278
22172,56,75,19,15,27,12,0.072,0.200
22180,53,72,19,14,26,12,0.067,0.278
22181,52,71,19,14,25,11,0.067,0.278
22182,52,72,20,14,26,12,0.067,0.278
22185,52,72,20,14,26,12,0.067,0.278
22191,59,78,19,16,30,14,0.072,0.200
22192,57,77,20,15,28,13,0.072,0.200
22193,56,76,20,15,28,13,0.072,0.200
22201,59,78,19,17,31,14,0.067,0.289
22202,60,79,19,18,31,13,0.067,0.289
22203,59,77,18,17,30,13,0.067,0.289
22204,59,78,19,17,31,14,0.067,0.289
22205,58,77,19,16,30,14,0.067,0.289
22206,59,78,19,18,31,13,0.067,0.289
22207,60,79,19,18,31,13,0.067,0.289
22209,60,78,18,17,31,14,0.067,0.289
22211,60,78,18,17,31,14,0.067,0.289
22213,58,77,19,16,30,14,0.067,0.289
22214,59,78,19,17,31,14,0.067,0.289
22301,60,79,19,18,31,13,0.061,0.256
22302,60,79,19,18,31,13,0.061,0.256
22303,59,78,19,17,31,14,0.067,0.278
22304,58,77,19,17,30,13,0.061,0.256
22305,60,79,19,18,31,13,0.061,0.256
22306,60,79,19,17,30,13,0.067,0.278
22307,59,78,19,17,30,13,0.067,0.278
22308,59,79,20,16,30,14,0.067,0.278
22309,61,80,19,17,31,14,0.067,0.278
22310,59,78,19,16,30,14,0.067,0.278
22311,59,77,18,17,30,13,0.061,0.256
22312,58,77,19,16,30,14,0.067,0.278
22314,60,78,18,17,31,14,0.061,0.256
22315,60,79,19,17,31,14,0.067,0.278
22401,67,87,20,21,37,16,0.050,0.211
22405,67,86,19,21,36,15,0.056,0.256
22406,66,85,19,21,36,15,0.056,0.256
22407,64,83,19,19,33,14,0.178,0.522
22408,64,83,19,19,33,14,0.178,0.522
22427,64,83,19,19,34,15,0.100,0.317
22432,64,83,19,15,30,15,0.061,0.228
22433,66,85,19,20,36,16,0.194,0.550
22435,66,85,19,18,33,15,0.061,0.228
22436,68,87,19,21,37,16,0.133,0.489
22437,71,90,19,25,42,17,0.133,0.489
22438,69,88,19,23,38,15,0.133,0.489
22443,74,93,19,27,44,17,0.172,0.683
22448,73,92,19,27,43,16,0.150,0.556
22454,70,89,19,23,40,17,0.133,0.489
22460,69,88,19,21,37,16,0.133,0.417
22469,63,82,19,15,30,15,0.172,0.683
22473,65,84,19,15,31,16,0.061,0.228
22476,69,87,18,22,37,15,0.133,0.489
22480,66,86,20,18,35,17,0.089,0.317
22482,66,85,19,16,33,17,0.061,0.228
22485,68,87,19,22,37,15,0.150,0.556
22488,62,81,19,14,29,15,0.172,0.683
22503,67,86,19,19,35,16,0.089,0.317
22504,71,90,19,24,41,17,0.133,0.489
22508,63,83,20,18,33,15,0.194,0.550
22509,69,88,19,23,39,16,0.133,0.489
22511,63,82,19,15,30,15,0.061,0.228
22514,67,86,19,20,35,15,0.100,0.317
22520,66,85,19,19,34,15,0.172,0.683
22529,69,88,19,21,37,16,0.172,0.683
22530,62,81,19,13,28,15,0.061,0.228
22534,69,88,19,21,37,16,0.178,0.522
22535,68,87,19,22,38,16,0.100,0.317
22538,66,85,19,20,35,15,0.100,0.317
22539,63,82,19,14,29,15,0.061,0.228
22542,66,86,20,21,36,15,0.194,0.550
22546,66,85,19,19,35,16,0.100,0.317
22548,70,89,19,24,41,17,0.133,0.417
22551,66,85,19,20,35,15,0.178,0.522
22553,64,83,19,19,33,14,0.178,0.522
22554,61,81,20,18,32,14,0.056,0.256
22556,62,82,20,18,33,15,0.056,0.256
22560,70,89,19,23,39,16,0.133,0.489
22567,67,87,20,21,37,16,0.194,0.550
22572,69,88,19,22,38,16,0.133,0.417
22576,66,86,20,18,35,17,0.089,0.317
22578,65,84,19,16,33,17,0.089,0.317
22579,65,84,19,16,32,16,0.061,0.228
22580,63,83,20,18,33,15,0.100,0.317
22601,48,68,20,10,20,10,0.039,0.100
22602,46,66,20,9,19,10,0.061,0.194
22603,46,65,19,9,19,10,0.061,0.194
22610,39,57,18,7,15,8,0.083,0.244
22611,52,71,19,12,23,11,0.083,0.244
22620,48,68,20,10,21,11,0.083,0.244
22623,47,66,19,10,20,10,0.139,0.356
22624,51,71,20,11,23,12,0.061,0.194
22625,42,62,20,7,16,9,0.061,0.194
22627,56,76,20,14,27,13,0.139,0.356
22630,49,69,20,11,22,11,0.083,0.244
22637,38,58,20,6,14,8,0.061,0.194
22639,58,78,20,16,29,13,0.139,0.411
22640,55,74,19,13,26,13,0.139,0.356
22641,45,65,20,8,18,10,0.044,0.167
22642,42,61,19,7,16,9,0.083,0.244
22643,53,73,20,13,24,11,0.139,0.411
22644,48,68,20,9,20,11,0.044,0.167
22645,54,74,20,13,25,12,0.061,0.194
22646,54,73,19,13,24,11,0.083,0.244
22650,42,61,19,7,16,9,0.028,0.117
22652,44,64,20,7,16,9,0.044,0.167
22654,39,58,19,6,14,8,0.061,0.194
22655,50,69,19,10,22,12,0.061,0.194
22656,51,71,20,11,23,12,0.061,0.194
22657,53,73,20,13,24,11,0.044,0.167
22660,52,73,21,12,23,11,0.044,0.167
22663,54,73,19,13,25,12,0.061,0.194
22664,45,65,20,8,18,10,0.044,0.167
22701,70,89,19,23,40,17,0.150,0.467
22709,64,84,20,20,35,15,0.150,0.450
22711,65,84,19,19,35,16,0.150,0.450
22712,63,82,19,19,33,14,0.139,0.411
22713,65,85,20,20,35,15,0.150,0.467
22714,71,90,19,24,40,16,0.150,0.467
22715,66,86,20,20,36,16,0.150,0.450
22716,63,83,20,19,33,14,0.139,0.356
22718,65,85,20,20,35,15,0.150,0.467
22719,58,78,20,15,28,13,0.150,0.450
22720,61,80,19,18,32,14,0.139,0.411
22722,65,85,20,20,35,15,0.150,0.450
22723,60,80,20,16,30,14,0.150,0.450
22724,66,85,19,21,36,15,0.150,0.467
22726,64,83,19,19,34,15,0.150,0.467
22727,62,82,20,18,33,15,0.150,0.450
22728,60,80,20,17,31,14,0.139,0.411
22729,71,90,19,24,41,17,0.150,0.467
22730,68,88,20,22,38,16,0.150,0.450
22731,63,83,20,18,33,15,0.150,0.450
22732,66,85,19,20,36,16,0.150,0.450
22733,68,87,19,22,38,16,0.150,0.467
22734,66,85,19,21,36,15,0.139,0.411
22735,65,85,20,20,35,15,0.150,0.467
22736,62,81,19,18,32,14,0.150,0.467
22737,68,87,19,22,38,16,0.150,0.467
22738,63,83,20,19,34,15,0.150,0.450
22740,56,75,19,14,26,12,0.139,0.356
22741,67,86,19,21,37,16,0.150,0.467
22742,60,80,20,17,31,14,0.139,0.411
22743,47,66,19,10,20,10,0.150,0.450
22747,57,77,20,15,28,13,0.139,0.356
22749,60,79,19,16,30,14,0.139,0.356
22801,46,67,21,8,19,11,0.022,0.111
22802,44,64,20,7,17,10,0.022,0.111
22807,44,65,21,7,17,10,0.022,0.111
22810,37,57,20,4,12,8,0.044,0.167
22811,22,40,18,1,5,4,0.039,0.183
22812,50,71,21,9,21,12,0.039,0.183
22815,47,68,21,8,19,11,0.039,0.183
22820,18,34,16,1,4,3,0.039,0.183
22821,47,67,20,8,19,11,0.039,0.183
22824,39,58,19,6,14,8,0.044,0.167
22827,38,57,19,6,14,8,0.039,0.183
22830,37,57,20,5,13,8,0.039,0.183
22831,38,58,20,5,14,9,0.039,0.183
22832,26,44,18,2,7,5,0.039,0.183
22834,47,68,21,8,19,11,0.039,0.183
22835,48,68,20,10,20,10,0.028,0.117
22840,46,66,20,8,18,10,0.039,0.183
22841,52,73,21,10,22,12,0.039,0.183
22842,42,62,20,7,16,9,0.044,0.167
22843,44,65,21,7,17,10,0.083,0.311
22844,33,51,18,4,11,7,0.044,0.167
22845,32,51,19,3,9,6,0.044,0.167
22846,47,68,21,8,19,11,0.039,0.183
22847,49,70,21,9,20,11,0.044,0.167
22849,46,66,20,8,18,10,0.028,0.117
22850,42,63,21,7,16,9,0.039,0.183
22851,29,46,17,4,10,6,0.028,0.117
22853,50,71,21,10,21,11,0.039,0.183
22901,59,79,20,15,28,13,0.089,0.394
22902,57,77,20,14,27,13,0.083,0.306
22903,58,79,21,14,28,14,0.083,0.306
22904,61,81,20,16,30,14,0.089,0.394
22911,58,78,20,14,27,13,0.089,0.394
22920,55,75,20,12,25,13,0.106,0.400
22922,63,84,21,16,31,15,0.106,0.400
22923,59,79,20,15,28,13,0.050,0.233
22931,52,73,21,10,23,13,0.089,0.394
22932,58,78,20,14,28,14,0.089,0.394
22935,52,72,20,12,24,12,0.050,0.233
22936,57,78,21,14,27,13,0.089,0.394
22937,64,84,20,17,31,14,0.089,0.394
22938,60,80,20,14,28,14,0.106,0.400
22939,47,68,21,8,20,12,0.083,0.311
22940,55,76,21,13,26,13,0.089,0.394
22942,64,84,20,19,34,15,0.206,0.606
22943,59,79,20,14,28,14,0.089,0.394
22946,64,84,20,17,31,14,0.089,0.394
22947,63,83,20,17,32,15,0.089,0.394
22948,69,88,19,23,39,16,0.150,0.450
22949,58,79,21,13,27,14,0.106,0.400
22952,31,49,18,4,10,6,0.083,0.311
22958,43,63,20,8,18,10,0.106,0.400
22959,57,78,21,13,26,13,0.089,0.394
22960,66,86,20,21,37,16,0.194,0.550
22963,66,86,20,18,34,16,0.100,0.411
22964,64,84,20,16,31,15,0.106,0.400
22967,52,72,20,11,23,12,0.106,0.400
22968,58,79,21,15,28,13,0.050,0.233
22969,64,84,20,17,31,14,0.106,0.400
22971,62,82,20,15,29,14,0.106,0.400
22972,61,81,20,17,31,14,0.194,0.550
22973,56,76,20,14,27,13,0.050,0.233
22974,64,84,20,18,33,15,0.100,0.411
22976,42,62,20,7,17,10,0.106,0.400
22980,42,62,20,7,17,10,0.083,0.311
22989,65,84,19,20,36,16,0.150,0.450
23002,70,89,19,20,36,16,0.106,0.456
23004,68,88,20,19,35,16,0.078,0.394
23005,61,81,20,15,29,14,0.111,0.339
23009,71,91,20,22,38,16,0.267,0.850
23011,79,98,19,30,49,19,0.261,0.794
23015,67,86,19,20,35,15,0.111,0.339
23021,59,80,21,14,29,15,0.050,0.194
23022,71,90,19,21,37,16,0.100,0.411
23023,72,91,19,23,40,17,0.267,0.850
23024,69,88,19,21,37,16,0.206,0.606
23025,60,80,20,15,29,14,0.050,0.194
23027,69,89,20,20,36,16,0.078,0.406
23030,79,98,19,28,46,18,0.178,0.672
23032,75,94,19,27,45,18,0.178,0.556
23035,62,82,20,16,32,16,0.050,0.194
23038,70,90,20,21,37,16,0.100,0.356
23039,68,87,19,20,35,15,0.100,0.356
23040,68,88,20,19,35,16,0.078,0.406
23043,62,81,19,14,30,16,0.178,0.556
23045,60,80,20,14,28,14,0.050,0.194
23047,64,83,19,17,32,15,0.111,0.339
23050,63,83,20,19,35,16,0.050,0.194
23055,70,90,20,20,37,17,0.100,0.411
23056,60,80,20,15,30,15,0.050,0.194
23059,62,81,19,16,30,14,0.167,0.672
23060,61,81,20,15,29,14,0.167,0.672
23061,68,88,20,22,39,17,0.200,0.628
23062,63,83,20,17,33,16,0.200,0.628
23063,70,89,19,21,37,16,0.100,0.356
23064,60,80,20,15,30,15,0.050,0.194
23065,68,88,20,20,36,16,0.100,0.356
23066,60,80,20,15,30,15,0.050,0.194
23068,60,81,21,15,30,15,0.050,0.194
23069,65,84,19,18,33,15,0.111,0.339
23070,62,82,20,16,32,16,0.178,0.556
23071,64,84,20,18,35,17,0.178,0.556
23072,64,84,20,19,35,16,0.200,0.628
23075,69,88,19,21,37,16,0.167,0.672
23076,61,81,20,15,30,15,0.050,0.194
23079,71,90,19,24,42,18,0.178,0.556
23083,69,88,19,20,36,16,0.106,0.456
23084,67,87,20,20,35,15,0.100,0.411
23085,75,94,19,26,44,18,0.267,0.850
23086,74,93,19,24,41,17,0.267,0.850
23089,78,97,19,28,47,19,0.261,0.794
23091,78,96,18,29,47,18,0.267,0.850
23092,66,86,20,20,37,17,0.178,0.556
23093,70,89,19,22,39,17,0.206,0.606
23102,68,88,20,20,36,16,0.100,0.356
23103,67,86,19,19,34,15,0.100,0.356
23106,72,91,19,22,39,17,0.267,0.850
23108,77,96,19,29,47,18,0.267,0.850
23109,61,81,20,15,30,15,0.050,0.194
23110,80,99,19,32,51,19,0.267,0.850
23111,69,88,19,21,36,15,0.111,0.339
23112,69,88,19,20,36,16,0.172,0.672
23113,64,83,19,17,31,14,0.172,0.672
23114,66,85,19,18,33,15,0.172,0.672
23115,70,90,20,23,39,16,0.133,0.489
23116,65,84,19,18,33,15,0.111,0.339
23117,70,89,19,22,39,17,0.206,0.606
23119,61,81,20,15,31,16,0.050,0.194
23120,69,88,19,20,36,16,0.172,0.672
23123,70,89,19,20,36,16,0.078,0.394
23124,75,94,19,25,43,18,0.261,0.794
23125,60,80,20,15,30,15,0.050,0.194
23126,70,89,19,22,38,16,0.267,0.850
23128,62,82,20,17,33,16,0.200,0.628
23129,66,86,20,19,34,15,0.100,0.356
23130,60,81,21,14,29,15,0.050,0.194
23138,60,81,21,15,30,15,0.050,0.194
23139,68,87,19,19,35,16,0.078,0.367
23140,76,95,19,26,44,18,0.261,0.794
23141,74,93,19,24,41,17,0.261,0.794
23146,65,85,20,18,33,15,0.111,0.339
23148,71,91,20,23,39,16,0.267,0.850
23149,73,92,19,25,44,19,0.200,0.628
23150,71,90,19,22,38,16,0.167,0.672
23153,69,88,19,20,36,16,0.100,0.356
23156,77,96,19,29,48,19,0.267,0.850
23160,68,88,20,20,35,15,0.100,0.356
23161,74,93,19,25,42,17,0.267,0.850
23163,60,81,21,15,30,15,0.050,0.194
23168,76,95,19,27,46,19,0.161,0.556
23169,65,85,20,18,35,17,0.178,0.556
23173,64,84,20,17,32,15,0.167,0.672
23175,71,90,19,24,41,17,0.178,0.556
23176,64,84,20,18,34,16,0.178,0.556
23177,74,93,19,24,41,17,0.267,0.850
23180,71,90,19,23,40,17,0.178,0.556
23181,80,99,19,32,51,19,0.267,0.850
23185,73,93,20,24,42,18,0.161,0.556
23188,75,94,19,25,43,18,0.161,0.556
23192,65,85,20,18,33,15,0.111,0.339
23219,71,90,19,22,38,16,0.078,0.283
23220,71,90,19,22,38,16,0.078,0.283
23221,69,88,19,21,36,15,0.078,0.283
23222,68,88,20,20,36,16,0.078,0.283
23223,70,89,19,21,38,17,0.078,0.283
23224,72,91,19,22,39,17,0.078,0.283
23225,70,89,19,21,37,16,0.078,0.283
23226,65,84,19,17,32,15,0.078,0.283
23227,66,85,19,18,33,15,0.167,0.672
23228,64,83,19,17,31,14,0.167,0.672
23229,64,84,20,17,32,15,0.167,0.672
23230,65,84,19,18,33,15,0.167,0.672
23231,73,92,19,23,40,17,0.167,0.672
23233,65,84,19,18,32,14,0.167,0.672
23234,73,93,20,24,41,17,0.172,0.672
23235,67,86,19,19,34,15,0.172,0.672
23236,68,87,19,19,35,16,0.172,0.672
23237,76,95,19,25,43,18,0.172,0.672
23238,65,84,19,18,32,14,0.167,0.672
23250,70,89,19,21,38,17,0.167,0.672
23294,62,81,19,16,30,14,0.167,0.672
23301,59,78,19,12,27,15,0.067,0.211
23302,44,64,20,8,18,10,0.067,0.211
23303,42,62,20,6,16,10,0.067,0.211
23304,71,90,19,23,40,17,0.222,0.889
23306,62,81,19,13,29,16,0.067,0.211
23307,60,79,19,11,26,15,0.044,0.161
23308,52,72,20,11,24,13,0.067,0.211
23310,59,78,19,11,25,14,0.044,0.161
23313,59,78,19,11,25,14,0.044,0.161
23314,69,88,19,22,39,17,0.222,0.889
23315,78,97,19,26,44,18,0.222,0.889
23316,59,78,19,11,25,14,0.044,0.161
23320,68,88,20,22,38,16,0.328,1.011
23321,68,87,19,22,38,16,0.328,1.011
23322,71,90,19,23,41,18,0.328,1.011
23323,71,90,19,23,40,17,0.328,1.011
23324,65,85,20,20,36,16,0.328,1.011
23325,64,84,20,19,35,16,0.328,1.011
23336,43,63,20,6,15,9,0.067,0.211
23337,41,61,20,6,15,9,0.067,0.211
23347,59,79,20,11,25,14,0.044,0.161
23350,61,80,19,12,28,16,0.044,0.161
23354,60,80,20,12,27,15,0.044,0.161
23356,44,64,20,7,17,10,0.067,0.211
23357,58,77,19,11,25,14,0.067,0.211
23358,62,81,19,13,29,16,0.067,0.211
23359,48,68,20,9,21,12,0.067,0.211
23389,62,82,20,14,30,16,0.067,0.211
23395,42,62,20,6,16,10,0.067,0.211
23398,60,80,20,11,26,15,0.044,0.161
23401,61,81,20,13,29,16,0.067,0.211
23405,59,79,20,11,26,15,0.044,0.161
23407,49,69,20,10,22,12,0.067,0.211
23408,60,79,19,11,26,15,0.044,0.161
23409,52,71,19,11,23,12,0.067,0.211
23410,62,81,19,14,30,16,0.067,0.211
23413,60,79,19,12,26,14,0.044,0.161
23414,51,71,20,11,24,13,0.067,0.211
23415,45,65,20,7,17,10,0.067,0.211
23416,44,64,20,7,17,10,0.067,0.211
23417,62,81,19,14,30,16,0.067,0.211
23418,60,80,20,13,29,16,0.067,0.211
23420,61,80,19,13,28,15,0.067,0.211
23421,56,75,19,11,25,14,0.067,0.211
23422,62,81,19,13,29,16,0.067,0.211
23423,58,78,20,11,27,16,0.067,0.211
23426,52,72,20,9,21,12,0.067,0.211
23427,53,73,20,10,22,12,0.067,0.211
23430,71,90,19,23,40,17,0.222,0.889
23432,69,88,19,22,38,16,0.356,1.133
23433,67,87,20,21,37,16,0.356,1.133
23434,74,93,19,25,43,18,0.356,1.133
23435,68,87,19,21,38,17,0.356,1.133
23436,68,87,19,21,38,17,0.356,1.133
23437,79,98,19,27,45,18,0.356,1.133
23438,80,99,19,29,48,19,0.356,1.133
23440,65,84,19,14,31,17,0.067,0.211
23441,61,81,20,14,29,15,0.067,0.211
23442,46,66,20,8,19,11,0.067,0.211
23451,56,76,20,12,25,13,0.183,0.661
23452,59,79,20,16,30,14,0.183,0.661
23453,61,81,20,17,32,15,0.183,0.661
23454,57,77,20,14,28,14,0.183,0.661
23455,58,78,20,16,30,14,0.183,0.661
23456,62,82,20,17,32,15,0.183,0.661
23457,62,82,20,15,31,16,0.183,0.661
23459,56,76,20,11,24,13,0.183,0.661
23462,61,81,20,17,33,16,0.183,0.661
23464,65,85,20,20,36,16,0.183,0.661
23480,59,79,20,12,27,15,0.067,0.211
23486,59,78,19,11,26,15,0.044,0.161
23487,73,92,19,24,41,17,0.222,0.889
23488,49,69,20,8,20,12,0.067,0.211
23502,62,83,21,18,34,16,0.194,0.656
23503,60,80,20,16,31,15,0.194,0.656
23504,62,82,20,19,34,15,0.194,0.656
23505,60,81,21,17,32,15,0.194,0.656
23507,62,82,20,19,35,16,0.194,0.656
23508,62,82,20,19,34,15,0.194,0.656
23509,62,82,20,18,34,16,0.194,0.656
23510,63,83,20,19,35,16,0.194,0.656
23511,61,81,20,17,33,16,0.194,0.656
23513,62,82,20,18,33,15,0.194,0.656
23517,62,82,20,19,34,15,0.194,0.656
23518,59,79,20,16,30,14,0.194,0.656
23523,63,83,20,19,35,16,0.194,0.656
23601,64,83,19,18,34,16,0.150,0.589
23602,66,86,20,20,36,16,0.150,0.589
23603,68,88,20,21,38,17,0.150,0.589
23604,68,87,19,21,37,16,0.150,0.589
23605,64,84,20,19,35,16,0.150,0.589
23606,65,85,20,19,35,16,0.150,0.589
23607,65,84,19,20,36,16,0.150,0.589
23608,67,87,20,20,37,17,0.150,0.589
23651,61,81,20,17,33,16,0.183,0.561
23661,63,83,20,19,34,15,0.183,0.561
23662,58,78,20,15,30,15,0.139,0.444
23663,60,80,20,17,31,14,0.183,0.561
23664,59,78,19,16,31,15,0.183,0.561
23665,61,81,20,17,32,15,0.183,0.561
23666,62,82,20,18,33,15,0.183,0.561
23669,60,80,20,17,31,14,0.183,0.561
23690,66,85,19,19,35,16,0.133,0.467
23691,67,86,19,20,36,16,0.133,0.467
23692,63,82,19,17,33,16,0.133,0.467
23693,62,82,20,17,33,16,0.133,0.467
23696,61,81,20,17,32,15,0.133,0.467
23701,67,87,20,21,38,17,0.194,0.706
23702,67,87,20,22,38,16,0.194,0.706
23703,65,85,20,20,36,16,0.194,0.706
23704,64,84,20,20,36,16,0.194,0.706
23707,64,84,20,20,36,16,0.194,0.706
23708,63,83,20,19,35,16,0.194,0.706
23709,66,86,20,21,37,16,0.194,0.706
23801,84,102,18,31,50,19,0.244,0.828
23803,81,100,19,29,48,19,0.178,0.644
23805,82,100,18,30,49,19,0.178,0.644
23806,85,103,18,31,51,20,,
23821,73,92,19,21,38,17,0.217,0.711
23824,66,86,20,18,33,15,0.217,0.600
23827,88,106,18,33,53,20,0.328,1.050
23828,88,106,18,33,53,20,0.328,1.050
23829,86,104,18,32,52,20,0.328,1.050
23830,83,101,18,32,50,18,0.211,0.778
23831,80,99,19,28,47,19,0.172,0.672
23832,72,91,19,22,39,17,0.172,0.672
23833,74,93,19,23,40,17,0.211,0.778
23834,85,104,19,32,52,20,0.172,0.611
23836,88,106,18,33,53,20,0.172,0.672
23837,86,104,18,32,52,20,0.328,1.050
23838,75,93,18,24,42,18,0.172,0.672
23839,75,94,19,25,43,18,0.217,0.767
23840,76,95,19,25,42,17,0.211,0.778
23841,80,98,18,28,47,19,0.211,0.778
23842,80,98,18,28,47,19,0.244,0.828
23843,75,94,19,23,40,17,0.217,0.711
23844,85,103,18,31,51,20,0.328,1.050
23845,77,96,19,24,41,17,0.217,0.711
23846,75,94,19,25,43,18,0.217,0.767
23847,81,100,19,29,47,18,0.267,0.939
23850,73,92,19,23,40,17,0.211,0.778
23851,81,100,19,28,47,19,0.233,0.867
23856,78,97,19,25,43,18,0.217,0.711
23857,76,96,19,24,41,18,0.217,0.711
23860,88,106,18,34,53,19,0.167,0.644
23866,77,95,18,26,44,18,0.328,1.050
23867,82,100,18,30,49,19,0.300,1.028
23868,76,96,20,23,41,18,0.217,0.711
23872,75,94,19,24,41,17,0.211,0.778
23874,84,103,19,30,49,19,0.328,1.050
23875,85,103,18,31,51,20,0.244,0.828
23876,73,92,19,22,39,17,0.217,0.711
23878,83,101,18,30,49,19,0.328,1.050
23879,80,99,19,27,45,18,0.267,0.939
23881,76,95,19,26,43,17,0.217,0.767
23882,83,101,18,31,50,19,0.300,1.028
23883,73,92,19,24,42,18,0.217,0.767
23884,83,101,18,31,50,19,0.300,1.028
23885,79,97,18,27,45,18,0.211,0.778
23887,76,95,19,23,41,18,0.217,0.711
23888,75,93,18,25,42,17,0.300,1.028
23889,76,95,19,24,42,18,0.217,0.711
23890,77,95,18,26,43,17,0.300,1.028
23891,77,95,18,26,43,17,0.300,1.028
23893,75,94,19,22,39,17,0.217,0.711
23894,70,89,19,20,36,16,0.211,0.778
23897,83,101,18,30,50,20,0.300,1.028
23898,77,96,19,26,44,18,0.222,0.889
23899,75,94,19,25,43,18,0.217,0.767
23901,70,90,20,20,36,16,0.067,0.400
23909,71,90,19,21,37,16,0.067,0.400
23915,75,94,19,22,38,16,0.133,0.517
23917,75,94,19,22,39,17,0.133,0.517
23919,77,96,19,23,41,18,0.133,0.517
23920,75,94,19,22,39,17,0.217,0.711
23921,65,85,20,17,32,15,0.078,0.394
23922,66,86,20,18,33,15,0.217,0.600
23923,66,86,20,17,32,15,0.100,0.383
23924,73,92,19,21,38,17,0.133,0.517
23927,74,93,19,21,37,16,0.133,0.517
23930,67,87,20,19,34,15,0.217,0.600
23934,65,85,20,17,32,15,0.100,0.383
23936,66,86,20,18,33,15,0.078,0.394
23937,69,88,19,19,34,15,0.100,0.383
23938,69,89,20,19,34,15,0.217,0.711
23942,65,85,20,17,32,15,0.067,0.400
23943,69,89,20,20,36,16,0.067,0.400
23944,69,89,20,19,34,15,0.161,0.561
23947,65,85,20,17,31,14,0.100,0.383
23950,75,94,19,22,39,17,0.133,0.517
23952,69,89,20,19,35,16,0.161,0.561
23954,64,85,21,17,31,14,0.067,0.400
23958,64,84,20,16,31,15,0.067,0.400
23959,64,84,20,16,31,15,0.100,0.383
23960,68,88,20,19,34,15,0.067,0.400
23962,70,89,19,19,35,16,0.100,0.383
23963,61,82,21,14,29,15,0.100,0.383
23964,73,92,19,20,37,17,0.100,0.383
23966,68,88,20,19,35,16,0.067,0.400
23967,71,90,19,20,36,16,0.100,0.383
23968,74,93,19,21,38,17,0.133,0.517
23970,73,93,20,21,38,17,0.133,0.517
23974,67,87,20,18,33,15,0.161,0.561
23976,72,91,19,20,36,16,0.100,0.383
24011,50,71,21,8,19,11,0.022,0.156
24012,54,76,22,10,22,12,0.022,0.156
24013,55,76,21,10,22,12,0.022,0.156
24014,50,72,22,8,19,11,0.022,0.156
24015,51,73,22,8,20,12,0.022,0.156
24016,53,75,22,9,21,12,0.022,0.156
24017,57,78,21,11,24,13,0.022,0.156
24018,46,68,22,7,17,10,0.022,0.161
24019,52,73,21,8,20,12,0.022,0.161
24020,49,71,22,8,19,11,0.022,0.161
24053,44,65,21,5,14,9,0.028,0.189
24054,63,84,21,13,27,14,0.039,0.217
24055,62,84,22,13,28,15,0.039,0.217
24058,29,49,20,2,7,5,0.006,0.006
24059,18,34,16,1,4,3,0.022,0.161
24060,26,45,19,2,7,5,0.006,0.050
24064,42,63,21,6,15,9,0.039,0.206
24065,48,69,21,7,18,11,0.033,0.211
24066,47,69,22,8,19,11,0.039,0.206
24067,44,65,21,6,15,9,0.033,0.211
24069,67,88,21,16,31,15,0.106,0.333
24070,29,48,19,2,8,6,0.022,0.161
24072,17,33,16,1,4,3,0.011,0.078
24073,25,44,19,1,6,5,0.006,0.050
24076,48,69,21,6,16,10,0.028,0.189
24077,46,68,22,7,17,10,0.039,0.206
24078,62,83,21,13,27,14,0.039,0.217
24079,24,43,19,2,6,4,0.011,0.078
24082,64,85,21,14,29,15,0.028,0.189
24083,45,67,22,6,16,10,0.039,0.206
24084,25,44,19,1,6,5,0.006,0.006
24085,53,75,22,9,22,13,0.039,0.206
24086,24,43,19,1,6,5,0.006,0.006
24087,34,53,19,3,11,8,0.006,0.050
24088,51,73,22,8,19,11,0.033,0.211
24089,64,85,21,14,29,15,0.039,0.217
24090,48,70,22,7,18,11,0.039,0.206
24091,18,35,17,1,4,3,0.011,0.078
24092,55,77,22,10,22,12,0.033,0.211
24093,21,40,19,1,5,4,0.006,0.006
24095,56,78,22,10,23,13,0.061,0.267
24101,54,76,22,10,22,12,0.033,0.211
24102,56,77,21,10,22,12,0.033,0.211
24104,56,77,21,11,23,12,0.061,0.267
24105,13,29,16,0,2,2,0.011,0.078
24112,63,84,21,13,28,15,0.039,0.217
24120,14,29,15,1,3,2,0.028,0.189
24121,56,78,22,11,23,12,0.061,0.267
24122,43,64,21,6,16,10,0.061,0.267
24124,14,29,15,1,3,2,0.006,0.006
24127,6,18,12,0,1,1,0.022,0.106
24128,18,35,17,1,4,3,0.006,0.006
24130,49,71,22,8,19,11,0.039,0.206
24132,30,51,21,2,8,6,0.006,0.006
24133,61,82,21,12,26,14,0.028,0.189
24134,25,45,20,1,6,5,0.006,0.006
24136,23,42,19,1,6,5,0.006,0.006
24137,55,77,22,10,22,12,0.033,0.211
24138,17,34,17,1,4,3,0.006,0.050
24139,57,78,21,11,24,13,0.106,0.333
24141,27,47,20,2,7,5,0.006,0.006
24142,26,46,20,2,7,5,0.006,0.006
24147,23,42,19,1,5,4,0.006,0.006
24148,65,86,21,15,29,14,0.039,0.217
24149,20,38,18,1,4,3,0.006,0.050
24150,18,33,15,1,4,3,0.006,0.006
24151,52,73,21,8,20,12,0.033,0.211
24153,49,71,22,8,19,11,0.022,0.128
24161,58,80,22,11,25,14,0.106,0.333
24162,31,51,20,3,9,6,0.006,0.050
24165,65,86,21,14,29,15,0.039,0.217
24167,23,43,20,1,5,4,0.006,0.006
24168,63,84,21,14,28,14,0.039,0.217
24171,52,73,21,8,20,12,0.028,0.189
24174,51,74,23,9,21,12,0.061,0.267
24175,41,63,22,5,15,10,0.039,0.206
24176,57,78,21,11,23,12,0.033,0.211
24179,54,76,22,10,22,12,0.022,0.161
24184,55,77,22,10,22,12,0.033,0.211
24185,47,68,21,6,16,10,0.028,0.189
24201,42,65,23,3,12,9,0.000,0.011
24202,36,58,22,2,9,7,0.006,0.022
24210,31,53,22,2,7,5,0.006,0.022
24211,34,56,22,2,8,6,0.006,0.022
24216,26,47,21,1,6,5,0.006,0.017
24217,25,45,20,1,6,5,0.011,0.033
24219,24,43,19,1,6,5,0.006,0.017
24221,49,72,23,6,16,10,0.011,0.044
24224,25,46,21,1,6,5,0.011,0.022
24225,25,46,21,1,6,5,0.011,0.022
24230,20,39,19,1,4,3,0.006,0.017
24236,12,27,15,0,2,2,0.006,0.022
24237,22,42,20,1,5,4,0.011,0.033
24239,28,48,20,2,7,5,0.011,0.067
24244,43,66,23,4,13,9,0.011,0.028
24245,34,56,22,2,9,7,0.011,0.028
24246,33,55,22,2,9,7,0.006,0.017
24250,38,60,22,3,10,7,0.011,0.028
24251,50,74,24,6,17,11,0.011,0.028
24256,32,53,21,2,9,7,0.011,0.033
24258,44,67,23,4,13,9,0.011,0.028
24260,21,40,19,1,4,3,0.011,0.022
24266,17,34,17,1,3,2,0.011,0.022
24270,39,61,22,3,11,8,0.006,0.022
24271,31,52,21,2,7,5,0.011,0.028
24273,8,20,12,0,1,1,0.000,0.006
24279,21,41,20,1,5,4,0.006,0.017
24280,11,24,13,0,2,2,0.011,0.022
24283,32,53,21,2,8,6,0.006,0.017
24290,55,79,24,7,20,13,0.011,0.028
24292,2,10,8,0,0,0,0.000,0.011
24293,14,31,17,0,2,2,0.006,0.017
24301,20,38,18,1,4,3,0.006,0.006
24311,10,25,15,0,1,1,0.000,0.011
24312,18,36,18,1,3,2,0.000,0.022
24313,20,38,18,1,4,3,0.000,0.006
24314,9,24,15,0,1,1,0.000,0.006
24315,11,26,15,0,2,2,0.000,0.006
24316,25,45,20,1,5,4,0.000,0.011
24317,46,67,21,5,14,9,0.000,0.022
24318,10,24,14,0,1,1,0.000,0.006
24319,17,34,17,1,3,2,0.000,0.011
24322,15,31,16,0,2,2,0.000,0.006
24323,15,32,17,0,2,2,0.000,0.006
24324,21,40,19,1,4,3,0.006,0.006
24325,13,29,16,0,2,2,0.000,0.022
24326,8,21,13,0,1,1,0.000,0.011
24328,28,47,19,2,7,5,0.000,0.022
24330,16,33,17,0,2,2,0.000,0.011
24333,15,31,16,0,2,2,0.000,0.006
24340,24,44,20,1,5,4,0.006,0.022
24343,16,33,17,1,3,2,0.000,0.022
24347,18,35,17,1,4,3,0.006,0.006
24348,12,26,14,0,1,1,0.000,0.011
24350,20,38,18,1,4,3,0.000,0.006
24351,47,68,21,5,14,9,0.000,0.022
24352,12,26,14,0,2,2,0.000,0.022
24354,16,33,17,0,2,2,0.000,0.011
24360,21,40,19,1,4,3,0.000,0.006
24361,27,48,21,1,6,5,0.006,0.022
24363,8,21,13,0,1,1,0.000,0.011
24366,12,27,15,0,2,2,0.000,0.006
24368,13,29,16,0,2,2,0.000,0.006
24370,22,41,19,1,4,3,0.000,0.011
24374,8,20,12,0,1,1,0.000,0.006
24375,7,20,13,0,1,1,0.000,0.011
24377,18,36,18,1,3,2,0.000,0.011
24378,5,15,10,0,0,0,0.000,0.011
24380,10,24,14,0,2,2,0.011,0.078
24381,14,30,16,0,2,2,0.000,0.022
24382,19,36,17,1,4,3,0.000,0.006
24401,45,66,21,8,19,11,0.061,0.194
24411,21,38,17,1,5,4,0.083,0.311
24412,12,26,14,1,2,1,0.033,0.156
24413,6,16,10,0,1,1,0.017,0.044
24415,39,60,21,5,13,8,0.067,0.278
24416,41,62,21,6,16,10,0.061,0.278
24421,41,62,21,6,16,10,0.083,0.311
24422,51,73,22,8,21,13,0.039,0.194
24426,38,59,21,5,14,9,0.039,0.194
24430,32,52,20,3,10,7,0.083,0.311
24431,38,58,20,5,14,9,0.083,0.311
24432,24,42,18,2,6,4,0.083,0.311
24433,10,23,13,0,2,2,0.017,0.044
24435,42,62,20,6,16,10,0.067,0.278
24437,53,73,20,10,23,13,0.083,0.311
24439,35,55,20,4,12,8,0.067,0.278
24440,30,49,19,3,10,7,0.083,0.311
24441,47,67,20,8,19,11,0.039,0.183
24442,10,23,13,0,2,2,0.017,0.044
24445,12,25,13,1,3,2,0.033,0.156
24448,59,81,22,12,26,14,0.039,0.194
24450,54,75,21,11,24,13,0.056,0.206
24457,25,44,19,2,6,4,0.039,0.194
24458,15,31,16,1,3,2,0.017,0.044
24459,33,53,20,4,11,7,0.083,0.311
24460,32,52,20,3,10,7,0.033,0.156
24464,16,31,15,1,4,3,0.106,0.400
24465,4,12,8,0,1,1,0.017,0.044
24467,54,75,21,11,24,13,0.083,0.311
24471,45,66,21,8,18,10,0.039,0.183
24472,33,52,19,4,11,7,0.067,0.278
24473,48,69,21,8,19,11,0.067,0.278
24474,40,61,21,6,14,8,0.039,0.194
24476,36,56,20,4,12,8,0.083,0.311
24477,39,59,20,6,15,9,0.083,0.311
24479,36,57,21,5,13,8,0.083,0.311
24482,52,73,21,10,23,13,0.083,0.311
24483,19,34,15,1,5,4,0.067,0.278
24484,12,26,14,1,3,2,0.033,0.156
24485,18,33,15,1,4,3,0.083,0.311
24486,54,75,21,11,24,13,0.083,0.311
24487,17,32,15,1,4,3,0.033,0.156
24501,56,77,21,11,24,13,0.067,0.256
24502,53,74,21,10,22,12,0.067,0.256
24503,58,79,21,13,26,13,0.067,0.256
24504,58,79,21,12,26,14,0.067,0.256
24517,60,81,21,13,27,14,0.128,0.367
24520,71,91,20,19,35,16,0.122,0.383
24521,60,81,21,14,28,14,0.089,0.383
24522,59,80,21,13,27,14,0.078,0.356
24523,53,75,22,10,22,12,0.061,0.267
24526,56,77,21,12,25,13,0.061,0.267
24527,65,86,21,15,30,15,0.106,0.333
24528,62,83,21,16,31,15,0.128,0.367
24529,74,93,19,20,37,17,0.133,0.517
24530,58,80,22,11,24,13,0.106,0.333
24531,58,80,22,11,25,14,0.106,0.333
24534,70,90,20,19,35,16,0.122,0.383
24536,54,76,22,11,24,13,0.061,0.267
24538,57,78,21,12,25,13,0.128,0.367
24539,67,87,20,17,33,16,0.122,0.383
24540,71,91,20,18,35,17,0.033,0.278
24541,74,94,20,20,36,17,0.033,0.278
24549,61,82,21,12,26,14,0.106,0.333
24550,56,77,21,11,24,13,0.128,0.367
24551,54,76,22,10,23,13,0.061,0.267
24553,62,83,21,15,30,15,0.078,0.356
24554,59,80,21,14,27,13,0.128,0.367
24555,53,74,21,10,22,12,0.067,0.278
24556,55,76,21,10,23,13,0.061,0.267
24557,59,80,21,12,26,14,0.106,0.333
24558,68,89,21,18,33,15,0.122,0.383
24562,65,85,20,17,32,15,0.078,0.394
24563,59,80,21,12,26,14,0.106,0.333
24565,66,86,20,16,31,15,0.106,0.333
24566,66,87,21,15,31,16,0.106,0.333
24569,62,82,20,15,29,14,0.106,0.333
24570,56,78,22,11,24,13,0.061,0.267
24571,59,80,21,12,26,14,0.128,0.367
24572,59,80,21,13,27,14,0.089,0.383
24574,58,79,21,12,26,14,0.089,0.383
24577,66,86,20,16,32,16,0.122,0.383
24578,55,76,21,11,24,13,0.067,0.278
24579,46,66,20,8,19,11,0.067,0.278
24580,72,92,20,19,36,17,0.133,0.517
24581,64,84,20,16,31,15,0.106,0.400
24586,74,93,19,20,37,17,0.106,0.333
24588,55,76,21,11,24,13,0.128,0.367
24589,70,90,20,19,35,16,0.122,0.383
24590,65,85,20,17,32,15,0.089,0.394
24592,70,90,20,18,34,16,0.122,0.383
24593,58,78,20,12,26,14,0.078,0.356
24594,73,93,20,20,37,17,0.106,0.333
24595,59,80,21,13,27,14,0.089,0.383
24597,67,88,21,17,32,15,0.122,0.383
24598,71,91,20,19,34,15,0.122,0.383
24599,65,85,20,17,32,15,0.078,0.394
24601,18,36,18,1,4,3,0.000,0.011
24602,15,31,16,1,3,2,0.000,0.011
24603,41,63,22,4,14,10,0.011,0.067
24604,13,28,16,0,2,2,0.000,0.011
24605,7,20,13,0,1,1,0.000,0.011
24606,11,26,15,0,2,2,0.000,0.011
24607,33,54,21,3,10,7,0.011,0.033
24609,11,25,14,0,2,2,0.000,0.011
24612,18,35,17,1,3,2,0.000,0.011
24613,9,24,15,0,1,1,0.000,0.011
24614,33,54,21,3,10,7,0.011,0.067
24620,37,58,21,3,12,9,0.011,0.067
24622,13,29,16,0,2,2,0.011,0.067
24628,34,55,21,3,10,7,0.011,0.067
24630,8,21,13,0,1,1,0.000,0.011
24631,27,46,19,2,7,5,0.011,0.067
24634,20,39,19,1,4,3,0.011,0.067
24635,11,27,16,0,2,2,0.000,0.011
24637,10,24,14,0,1,1,0.000,0.011
24639,19,37,18,1,4,3,0.000,0.011
24641,17,35,18,1,3,2,0.000,0.011
24646,17,34,17,1,3,2,0.011,0.067
24649,19,38,19,1,4,3,0.011,0.022
24651,6,17,11,0,1,1,0.000,0.011
24656,28,49,21,2,7,5,0.011,0.067
24657,18,35,17,1,4,3,0.011,0.067
24701,9,22,13,0,1,1,0.000,0.006
24712,13,29,16,0,3,3,0.000,0.006
24714,14,30,16,0,3,3,0.000,0.006
24715,12,27,15,0,2,2,0.000,0.006
24716,18,35,17,1,4,3,0.011,0.028
24719,12,27,15,0,2,2,0.011,0.028
24724,9,23,14,0,1,1,0.000,0.006
24726,13,28,15,0,2,2,0.011,0.028
24729,9,24,15,0,2,2,0.000,0.006
24731,12,28,16,0,2,2,0.000,0.006
24733,13,28,15,0,2,2,0.000,0.006
24736,10,25,15,0,2,2,0.000,0.006
24737,8,21,13,0,1,1,0.000,0.006
24738,11,27,16,0,2,2,0.000,0.006
24740,13,29,16,0,2,2,0.000,0.006
24747,12,27,15,0,2,2,0.000,0.006
24801,27,48,21,2,7,5,0.006,0.050
24808,17,34,17,1,3,2,0.006,0.050
24811,32,52,20,2,9,7,0.006,0.050
24813,29,49,20,2,7,5,0.006,0.050
24815,23,42,19,1,5,4,0.006,0.050
24816,31,52,21,2,9,7,0.006,0.050
24817,29,49,20,2,8,6,0.006,0.050
24818,32,53,21,2,9,7,0.011,0.028
24822,32,53,21,2,10,8,0.011,0.028
24823,31,51,20,2,9,7,0.011,0.028
24826,24,44,20,1,6,5,0.006,0.050
24827,23,41,18,1,6,5,0.011,0.028
24828,28,49,21,2,8,6,0.006,0.050
24830,20,39,19,1,4,3,0.006,0.050
24831,14,31,17,0,3,3,0.006,0.050
24834,30,50,20,2,8,6,0.011,0.028
24836,25,45,20,1,6,5,0.006,0.050
24839,34,54,20,3,10,7,0.011,0.028
24843,32,52,20,2,9,7,0.006,0.050
24844,36,57,21,3,11,8,0.006,0.050
24845,36,57,21,3,11,8,0.011,0.028
24846,41,63,22,5,14,9,0.006,0.050
24847,25,46,21,1,7,6,0.011,0.028
24848,13,29,16,0,2,2,0.006,0.050
24849,23,43,20,1,6,5,0.011,0.028
24850,25,45,20,2,7,5,0.006,0.050
24851,41,62,21,4,14,10,0.094,0.239
24853,21,40,19,1,5,4,0.006,0.050
24854,19,37,18,1,5,4,0.011,0.028
24857,27,47,20,2,8,6,0.011,0.028
24860,24,44,20,1,6,5,0.011,0.028
24861,12,27,15,0,2,2,0.006,0.050
24862,38,59,21,4,13,9,0.006,0.050
24866,22,41,19,1,5,4,0.006,0.050
24867,27,48,21,2,7,5,0.011,0.028
24868,15,31,16,1,3,2,0.006,0.050
24869,35,56,21,3,11,8,0.011,0.028
24870,23,43,20,1,6,5,0.011,0.028
24871,19,37,18,1,4,3,0.006,0.050
24872,38,59,21,4,12,8,0.006,0.050
24873,27,46,19,2,7,5,0.006,0.050
24874,28,49,21,2,8,6,0.011,0.028
24878,27,47,20,2,7,5,0.006,0.050
24879,27,47,20,2,7,5,0.006,0.050
24880,24,44,20,1,6,5,0.011,0.028
24881,30,50,20,2,8,6,0.006,0.050
24882,37,59,22,3,12,9,0.011,0.028
24884,18,35,17,1,4,3,0.006,0.050
24887,12,28,16,0,2,2,0.006,0.050
24888,22,41,19,1,5,4,0.006,0.050
24892,28,48,20,2,7,5,0.006,0.050
24894,28,48,20,2,7,5,0.006,0.050
24898,30,51,21,2,8,6,0.011,0.028
24901,32,52,20,3,10,7,0.028,0.078
24910,27,47,20,2,8,6,0.028,0.078
24915,2,9,7,0,0,0,0.017,0.039
24916,26,46,20,2,7,5,0.028,0.078
24918,28,48,20,2,8,6,0.011,0.011
24920,2,7,5,0,0,0,0.017,0.039
24924,9,23,14,0,2,2,0.017,0.039
24925,21,39,18,1,6,5,0.028,0.078
24927,8,21,13,0,2,2,0.017,0.039
24931,21,40,19,1,6,5,0.028,0.078
24934,7,18,11,0,1,1,0.017,0.039
24935,27,47,20,1,7,6,0.006,0.006
24938,28,48,20,2,9,7,0.028,0.078
24941,15,31,16,1,3,2,0.011,0.011
24944,3,9,6,0,0,0,0.017,0.039
24945,30,51,21,2,9,7,0.011,0.011
24946,12,26,14,1,2,1,0.017,0.039
24951,18,35,17,1,4,3,0.011,0.011
24954,7,18,11,0,1,1,0.017,0.039
24957,29,49,20,2,9,7,0.028,0.078
24962,30,51,21,2,9,7,0.006,0.006
24963,22,41,19,1,5,4,0.011,0.011
24966,24,42,18,2,7,5,0.028,0.078
24970,29,50,21,2,9,7,0.028,0.078
24974,21,39,18,1,5,4,0.011,0.011
24976,25,45,20,2,7,5,0.011,0.011
24977,19,36,17,1,5,4,0.028,0.078
24981,28,48,20,2,8,6,0.006,0.006
24983,22,40,18,1,6,5,0.011,0.011
24984,15,31,16,1,3,2,0.011,0.011
24986,20,38,18,1,5,4,0.028,0.078
24991,23,42,19,1,6,5,0.028,0.078
25002,37,58,21,4,13,9,0.011,0.033
25003,52,75,23,9,22,13,0.056,0.172
25005,47,70,23,7,19,12,0.056,0.122
25007,21,40,19,1,5,4,0.006,0.017
25008,18,35,17,1,4,3,0.006,0.017
25009,48,71,23,8,20,12,0.044,0.139
25011,53,75,22,10,23,13,0.067,0.217
25015,45,68,23,7,19,12,0.056,0.150
25019,33,54,21,3,11,8,0.022,0.039
25021,31,51,20,3,10,7,0.044,0.139
25022,36,57,21,4,13,9,0.061,0.150
25024,44,66,22,6,17,11,0.044,0.139
25025,37,58,21,4,14,10,0.056,0.150
25028,36,57,21,4,12,8,0.044,0.139
25030,44,66,22,6,17,11,0.022,0.039
25031,37,58,21,4,14,10,0.011,0.033
25033,51,73,22,10,22,12,0.067,0.217
25035,44,66,22,7,18,11,0.056,0.150
25036,35,56,21,4,13,9,0.011,0.033
25039,42,64,22,6,17,11,0.056,0.150
25040,36,57,21,4,13,9,0.011,0.033
25043,39,61,22,5,15,10,0.022,0.039
25044,17,34,17,1,4,3,0.006,0.017
25045,47,69,22,7,19,12,0.056,0.150
25047,44,66,22,6,17,11,0.061,0.150
25048,29,49,20,2,9,7,0.006,0.017
25049,44,65,21,6,17,11,0.044,0.139
25051,49,71,22,8,20,12,0.044,0.139
25053,48,70,22,8,19,11,0.044,0.139
25054,36,57,21,4,13,9,0.056,0.150
25057,37,58,21,4,13,9,,
25059,39,61,22,5,15,10,0.011,0.033
25060,29,49,20,2,9,7,0.006,0.017
25061,40,61,21,5,15,10,0.056,0.150
25062,25,44,19,1,6,5,0.006,0.017
25063,42,64,22,6,16,10,0.022,0.039
25064,55,78,23,11,25,14,0.056,0.150
25067,40,62,22,6,16,10,0.056,0.150
25070,53,74,21,10,23,13,0.067,0.217
25071,48,70,22,8,20,12,0.056,0.150
25075,32,52,20,3,10,7,0.056,0.150
25076,48,70,22,8,20,12,0.061,0.150
25081,40,61,21,5,15,10,0.044,0.139
25082,52,73,21,10,23,13,0.067,0.217
25083,33,54,21,4,12,8,0.056,0.150
25085,38,59,21,4,14,10,0.011,0.033
25086,43,65,22,7,18,11,0.056,0.150
25088,37,59,22,4,14,10,0.022,0.039
25090,39,60,21,5,14,9,0.011,0.033
25093,37,58,21,4,13,9,0.044,0.139
25102,33,54,21,3,12,9,0.056,0.150
25103,42,63,21,6,17,11,0.056,0.150
25106,54,75,21,11,23,12,0.117,0.256
25107,42,64,22,6,17,11,0.056,0.150
25108,43,64,21,6,16,10,0.044,0.139
25109,52,74,22,10,23,13,0.067,0.217
25110,42,64,22,7,18,11,0.056,0.150
25111,33,54,21,3,11,8,0.022,0.039
25113,43,65,22,6,17,11,0.022,0.039
25114,45,67,22,7,18,11,0.044,0.139
25115,33,53,20,3,11,8,0.011,0.033
25118,33,54,21,3,11,8,0.011,0.033
25119,26,45,19,2,8,6,0.011,0.033
25121,40,61,21,5,15,10,0.061,0.150
25123,50,72,22,9,21,12,0.117,0.256
25124,49,71,22,9,21,12,0.067,0.217
25125,36,57,21,4,13,9,0.022,0.039
25126,43,65,22,7,18,11,0.056,0.150
25130,46,68,22,7,18,11,0.044,0.139
25132,38,59,21,5,14,9,0.056,0.150
25133,43,65,22,6,16,10,0.022,0.039
25134,40,61,21,5,15,10,0.056,0.150
25136,38,59,21,5,14,9,0.011,0.033
25139,39,60,21,4,14,10,0.011,0.033
25140,26,45,19,2,7,5,0.006,0.017
25141,42,64,22,6,16,10,0.022,0.039
25142,48,70,22,8,20,12,0.044,0.139
25143,53,75,22,10,23,13,0.056,0.150
25148,42,64,22,6,16,10,0.044,0.139
25149,44,66,22,6,17,11,0.044,0.139
25152,28,48,20,2,8,6,,
25154,41,62,21,5,15,10,0.044,0.139
25156,42,65,23,7,18,11,0.056,0.150
25159,53,75,22,10,23,13,0.067,0.217
25160,37,58,21,4,14,10,0.056,0.150
25161,25,44,19,2,7,5,0.011,0.033
25162,43,65,22,7,18,11,0.056,0.150
25164,45,67,22,6,18,12,0.022,0.039
25165,45,67,22,7,18,11,0.044,0.139
25168,51,73,22,9,22,13,0.067,0.217
25169,44,66,22,6,17,11,0.044,0.139
25173,25,45,20,2,7,5,0.011,0.033
25174,21,40,19,1,5,4,0.006,0.017
25177,54,76,22,10,23,13,0.056,0.150
25180,19,36,17,1,4,3,0.006,0.017
25181,42,64,22,6,16,10,0.044,0.139
25183,41,63,22,5,15,10,0.061,0.150
25185,35,56,21,4,12,8,0.011,0.033
25186,37,57,20,4,13,9,0.011,0.033
25187,51,72,21,10,22,12,0.117,0.256
25193,34,54,20,3,11,8,0.044,0.139
25201,42,64,22,6,17,11,0.056,0.150
25202,53,76,23,10,23,13,0.056,0.150
25203,47,69,22,7,19,12,0.044,0.139
25204,27,46,19,2,8,6,0.044,0.139
25205,43,65,22,6,17,11,0.044,0.139
25206,37,58,21,4,13,9,0.044,0.139
25208,25,44,19,2,7,5,0.044,0.139
25209,31,51,20,3,10,7,0.006,0.017
25211,30,50,20,2,10,8,0.022,0.039
25213,52,74,22,10,23,13,0.067,0.217
25214,43,65,22,6,17,11,0.056,0.150
25234,46,68,22,8,19,11,0.067,0.117
25235,42,64,22,6,16,10,0.067,0.117
25239,53,74,21,10,23,13,0.094,0.233
25241,52,74,22,10,22,12,0.094,0.233
25243,49,71,22,9,21,12,0.056,0.122
25244,49,71,22,9,20,11,0.094,0.233
25245,49,71,22,9,21,12,0.094,0.233
25247,51,72,21,10,21,11,0.117,0.256
25248,50,72,22,9,21,12,0.094,0.233
25251,46,68,22,7,18,11,0.056,0.122
25252,50,72,22,9,21,12,0.094,0.233
25253,50,71,21,9,21,12,0.117,0.256
25259,46,68,22,7,19,12,0.056,0.122
25260,50,71,21,9,21,12,0.117,0.256
25261,44,66,22,7,17,10,0.067,0.117
25262,53,75,22,10,23,13,0.094,0.233
25264,51,72,21,9,21,12,0.117,0.256
25265,52,73,21,10,22,12,0.117,0.256
25266,45,67,22,7,18,11,0.056,0.122
25267,44,66,22,6,17,11,0.061,0.072
25268,44,66,22,7,17,10,0.067,0.117
25270,49,70,21,9,21,12,0.056,0.122
25271,52,73,21,10,22,12,0.094,0.233
25275,52,73,21,10,22,12,0.094,0.233
25276,48,70,22,8,20,12,0.056,0.122
25285,41,64,23,6,16,10,0.022,0.039
25286,47,70,23,8,19,11,0.056,0.122
25287,50,71,21,9,20,11,0.117,0.256
25301,50,73,23,9,22,13,0.056,0.150
25302,52,74,22,10,23,13,0.056,0.150
25303,52,75,23,10,23,13,0.056,0.150
25304,49,72,23,9,21,12,0.056,0.150
25305,50,73,23,9,22,13,0.056,0.150
25306,44,66,22,7,18,11,0.056,0.150
25309,51,73,22,9,22,13,0.056,0.150
25311,49,72,23,9,21,12,0.056,0.150
25312,52,74,22,10,23,13,0.056,0.150
25313,52,74,22,10,22,12,0.056,0.150
25314,49,72,23,8,21,13,0.056,0.150
25315,47,69,22,8,20,12,0.056,0.150
25320,50,72,22,9,21,12,0.056,0.150
25401,52,71,19,12,24,12,0.056,0.144
25403,51,70,19,11,23,12,0.056,0.144
25404,52,71,19,12,23,11,0.056,0.144
25405,51,70,19,11,22,11,0.056,0.144
25411,40,59,19,7,15,8,0.033,0.106
25413,52,72,20,12,23,11,0.056,0.144
25414,54,73,19,13,25,12,0.067,0.161
25419,53,72,19,12,23,11,0.056,0.144
25420,46,66,20,9,19,10,0.056,0.144
25422,35,53,18,5,12,7,0.033,0.106
25425,49,69,20,11,22,11,0.067,0.161
25427,48,67,19,10,20,10,0.056,0.144
25428,52,71,19,12,23,11,0.056,0.144
25430,51,70,19,11,22,11,0.067,0.161
25431,39,58,19,6,14,8,0.017,0.106
25432,50,70,20,11,22,11,0.067,0.161
25434,37,55,18,5,13,8,0.017,0.106
25437,36,55,19,5,12,7,0.017,0.106
25438,54,73,19,13,25,12,0.067,0.161
25442,53,72,19,13,24,11,0.067,0.161
25443,52,72,20,12,24,12,0.067,0.161
25444,30,48,18,3,9,6,0.017,0.106
25446,53,72,19,12,24,12,0.067,0.161
25501,49,72,23,8,20,12,0.056,0.172
25502,52,73,21,10,23,13,0.117,0.256
25503,52,74,22,10,23,13,0.117,0.256
25504,56,78,22,11,25,14,0.056,0.194
25505,56,78,22,11,25,14,0.061,0.150
25506,54,76,22,10,23,13,0.056,0.172
25507,54,76,22,11,24,13,0.056,0.150
25508,53,75,22,10,23,13,0.061,0.150
25510,53,75,22,10,23,13,0.056,0.194
25511,46,68,22,7,18,11,0.056,0.150
25512,51,73,22,9,22,13,0.056,0.150
25514,54,76,22,10,23,13,0.056,0.150
25515,53,74,21,11,23,12,0.117,0.256
25517,52,74,22,9,22,13,0.056,0.150
25520,52,74,22,10,23,13,0.056,0.194
25521,51,74,23,9,22,13,0.056,0.172
25523,55,77,22,11,25,14,0.056,0.172
25524,51,73,22,9,21,12,0.056,0.172
25526,52,74,22,10,23,13,0.067,0.217
25529,49,71,22,8,20,12,0.044,0.139
25530,55,77,22,11,25,14,0.056,0.150
25534,48,70,22,8,20,12,0.056,0.150
25535,55,77,22,11,24,13,0.056,0.150
25537,53,76,23,11,24,13,0.056,0.194
25540,52,74,22,10,22,12,0.056,0.172
25541,54,76,22,11,24,13,0.056,0.194
25545,54,76,22,11,24,13,0.056,0.194
25547,44,65,21,6,17,11,0.061,0.150
25550,54,76,22,11,24,13,0.117,0.256
25555,55,77,22,11,24,13,0.056,0.150
25557,52,74,22,9,22,13,0.056,0.172
25559,55,77,22,11,24,13,0.056,0.194
25560,53,75,22,10,23,13,0.067,0.217
25564,51,74,23,9,22,13,0.056,0.172
25565,48,70,22,8,20,12,0.056,0.172
25567,50,73,23,9,21,12,0.056,0.172
25570,54,77,23,11,24,13,0.056,0.150
25571,55,78,23,11,25,14,0.056,0.172
25573,49,71,22,8,20,12,0.056,0.172
25601,51,73,22,9,22,13,0.061,0.150
25606,37,57,20,4,12,8,0.061,0.150
25607,31,51,20,3,10,7,0.061,0.150
25608,35,56,21,3,11,8,0.094,0.239
25611,41,63,22,5,15,10,0.061,0.150
25617,31,51,20,3,10,7,0.061,0.150
25621,44,66,22,6,16,10,0.094,0.239
25624,53,75,22,10,23,13,0.061,0.150
25625,49,71,22,8,20,12,0.061,0.150
25628,42,63,21,5,15,10,0.061,0.150
25630,20,37,17,1,5,4,0.061,0.150
25632,46,67,21,7,18,11,0.061,0.150
25634,39,60,21,4,14,10,0.061,0.150
25635,43,65,22,6,16,10,0.061,0.150
25637,52,74,22,9,22,13,0.061,0.150
25638,35,55,20,3,11,8,0.061,0.150
25639,50,72,22,9,21,12,0.061,0.150
25644,33,54,21,3,11,8,0.061,0.150
25646,49,70,21,8,20,12,0.061,0.150
25647,43,64,21,6,16,10,0.061,0.150
25649,50,72,22,8,21,13,0.061,0.150
25650,40,61,21,4,14,10,0.094,0.239
25651,42,64,22,5,15,10,0.094,0.239
25652,46,68,22,7,19,12,0.061,0.150
25653,52,74,22,9,22,13,0.061,0.150
25654,41,62,21,5,15,10,0.061,0.150
25661,60,83,23,13,28,15,0.094,0.239
25666,44,66,22,6,17,11,0.094,0.239
25669,51,73,22,9,22,13,0.056,0.150
25670,45,67,22,6,17,11,0.094,0.239
25671,43,65,22,6,17,11,0.094,0.239
25672,51,74,23,8,21,13,0.094,0.239
25674,53,75,22,10,23,13,0.056,0.150
25676,52,74,22,9,22,13,0.094,0.239
25678,50,72,22,8,20,12,0.094,0.239
25688,53,76,23,9,22,13,0.094,0.239
25690,38,59,21,4,13,9,0.094,0.239
25692,40,61,21,5,14,9,0.094,0.239
25696,42,64,22,5,15,10,0.094,0.239
25699,43,64,21,6,17,11,0.056,0.150
25701,56,78,22,12,25,13,0.056,0.194
25702,57,79,22,12,26,14,0.056,0.194
25703,58,80,22,12,26,14,0.056,0.194
25704,56,78,22,11,25,14,0.056,0.150
25705,57,79,22,12,26,14,0.056,0.194
25801,11,26,15,0,2,2,0.006,0.017
25810,23,42,19,1,6,5,0.011,0.028
25811,17,34,17,1,4,3,0.006,0.017
25812,33,53,20,3,11,8,0.011,0.033
25813,9,23,14,0,2,2,0.006,0.017
25817,17,34,17,1,4,3,0.006,0.017
25818,13,28,15,0,3,3,0.006,0.017
25820,16,33,17,1,3,2,0.000,0.006
25823,9,23,14,0,2,2,0.006,0.017
25825,7,19,12,0,1,1,0.006,0.017
25826,25,45,20,1,6,5,0.011,0.028
25827,10,25,15,0,2,2,0.006,0.017
25831,7,19,12,0,1,1,0.011,0.033
25832,8,21,13,0,1,1,0.006,0.017
25836,10,24,14,0,2,2,0.006,0.017
25837,23,42,19,1,7,6,0.011,0.033
25839,20,38,18,1,5,4,0.006,0.017
25840,24,43,19,1,7,6,0.011,0.033
25841,13,28,15,0,2,2,0.000,0.006
25843,6,17,11,0,1,1,0.006,0.017
25844,20,38,18,1,4,3,0.006,0.017
25845,22,42,20,1,6,5,0.011,0.028
25846,20,38,18,1,5,4,0.011,0.033
25848,18,35,17,1,4,3,0.011,0.028
25849,13,28,15,0,3,3,0.006,0.017
25853,24,44,20,1,6,5,0.006,0.017
25854,20,37,17,1,5,4,0.011,0.033
25855,20,38,18,1,5,4,0.011,0.033
25857,12,27,15,0,2,2,0.006,0.017
25862,28,48,20,2,9,7,0.011,0.033
25864,12,27,15,1,3,2,0.006,0.017
25865,14,31,17,1,3,2,0.006,0.017
25868,16,32,16,1,4,3,0.011,0.033
25870,26,46,20,1,7,6,0.011,0.028
25871,10,23,13,0,2,2,0.006,0.017
25873,10,23,13,0,2,2,0.006,0.017
25875,19,37,18,1,4,3,0.011,0.028
25876,22,42,20,1,5,4,0.011,0.028
25878,10,25,15,0,2,2,0.006,0.017
25879,25,45,20,2,7,5,0.011,0.033
25880,14,30,16,1,3,2,0.006,0.017
25882,25,46,21,1,7,6,0.011,0.028
25901,23,42,19,1,6,5,0.011,0.033
25902,8,20,12,0,1,1,0.006,0.017
25904,20,38,18,1,5,4,0.011,0.033
25906,15,31,16,1,3,2,0.006,0.017
25907,14,30,16,1,3,2,0.011,0.033
25908,13,29,16,0,3,3,0.006,0.017
25911,10,25,15,0,2,2,0.006,0.017
25913,20,38,18,1,5,4,0.011,0.028
25915,17,35,18,1,4,3,0.006,0.017
25916,20,38,18,1,5,4,0.011,0.028
25917,23,41,18,1,6,5,0.011,0.033
25918,8,21,13,0,2,2,0.006,0.017
25920,20,38,18,1,4,3,0.006,0.017
25921,12,28,16,0,2,2,0.006,0.017
25922,16,34,18,1,3,2,0.000,0.006
25928,16,33,17,1,3,2,0.011,0.028
25932,15,32,17,1,3,2,0.006,0.017
25936,20,38,18,1,5,4,0.011,0.033
25938,26,45,19,2,8,6,0.011,0.033
25942,16,32,16,1,4,3,0.011,0.033
25951,20,39,19,1,5,4,0.006,0.006
25958,5,16,11,0,1,1,0.028,0.078
25962,7,18,11,0,1,1,0.028,0.078
25969,16,33,17,1,3,2,0.006,0.006
25971,16,33,17,1,3,2,0.000,0.006
25972,3,11,8,0,0,0,0.028,0.078
25976,13,28,15,0,3,3,0.011,0.033
25977,28,48,20,2,8,6,0.006,0.006
25978,21,41,20,1,5,4,0.006,0.006
25979,21,40,19,1,5,4,0.006,0.006
25981,4,13,9,0,1,1,0.028,0.078
25984,10,24,14,0,2,2,0.028,0.078
25985,11,26,15,0,2,2,0.006,0.006
25989,7,19,12,0,1,1,0.006,0.017
26003,28,46,18,3,10,7,0.011,0.028
26030,25,43,18,3,8,5,0.011,0.039
26031,30,48,18,3,10,7,0.017,0.028
26032,26,45,19,3,9,6,0.011,0.039
26033,28,46,18,3,9,6,0.017,0.028
26034,28,47,19,3,10,7,0.017,0.067
26035,28,46,18,3,10,7,0.011,0.039
26036,26,43,17,2,8,6,0.017,0.028
26037,30,49,19,4,11,7,0.011,0.039
26038,31,50,19,4,11,7,0.017,0.028
26039,28,47,19,3,9,6,0.017,0.028
26040,30,49,19,3,10,7,0.017,0.028
26041,33,52,19,4,12,8,0.017,0.028
26047,30,49,19,4,11,7,0.017,0.067
26050,31,51,20,4,12,8,0.017,0.067
26055,30,49,19,3,10,7,0.017,0.028
26056,28,47,19,3,10,7,0.017,0.067
26059,25,42,17,2,8,6,0.011,0.028
26060,24,41,17,2,7,5,0.011,0.028
26062,29,48,19,4,10,6,0.017,0.067
26070,28,47,19,3,10,7,0.011,0.039
26074,23,40,17,2,7,5,0.011,0.028
26075,25,42,17,3,8,5,0.011,0.039
26101,49,69,20,9,21,12,0.072,0.167
26104,47,68,21,9,20,11,0.072,0.167
26105,45,66,21,8,19,11,0.072,0.167
26133,48,69,21,9,20,11,0.072,0.167
26134,41,61,20,6,17,11,0.039,0.078
26136,47,69,22,8,19,11,0.067,0.117
26137,44,66,22,7,18,11,0.067,0.117
26138,44,66,22,8,18,10,0.111,0.161
26141,48,70,22,9,20,11,0.111,0.161
26142,47,69,22,9,20,11,0.072,0.167
26143,49,70,21,9,20,11,0.111,0.161
26146,37,57,20,5,14,9,0.017,0.044
26147,47,69,22,8,19,11,0.067,0.117
26148,44,66,22,7,18,11,0.083,0.117
26149,36,57,21,5,13,8,0.017,0.044
26150,48,69,21,9,20,11,0.072,0.167
26151,46,67,21,7,18,11,0.067,0.117
26152,46,68,22,8,19,11,0.067,0.117
26155,34,54,20,4,12,8,0.011,0.022
26159,34,54,20,4,12,8,0.011,0.022
26160,50,72,22,10,21,11,0.111,0.161
26161,44,65,21,7,18,11,0.083,0.117
26164,53,74,21,10,22,12,0.094,0.233
26167,36,56,20,4,13,9,0.011,0.022
26169,48,69,21,9,20,11,0.072,0.167
26170,39,60,21,6,16,10,0.039,0.078
26175,36,56,20,5,13,8,0.017,0.044
26178,43,65,22,7,17,10,0.083,0.117
26180,45,66,21,8,19,11,0.072,0.167
26181,46,67,21,8,19,11,0.072,0.167
26184,42,63,21,7,17,10,0.072,0.167
26187,43,64,21,7,18,11,0.072,0.167
26201,25,44,19,2,8,6,0.022,0.028
26202,9,23,14,0,2,2,0.011,0.033
26203,20,38,18,1,5,4,0.011,0.011
26205,15,31,16,1,4,3,0.011,0.033
26206,13,27,14,0,3,3,0.011,0.011
26208,13,27,14,0,3,3,0.011,0.011
26209,1,5,4,0,0,0,0.017,0.039
26215,18,35,17,1,5,4,0.022,0.028
26217,21,39,18,1,6,5,0.011,0.011
26218,18,34,16,1,5,4,0.022,0.028
26222,17,33,16,1,5,4,0.011,0.011
26224,5,14,9,0,1,1,0.017,0.006
26228,18,34,16,1,5,4,0.022,0.028
26230,2,8,6,0,0,0,0.017,0.006
26234,16,31,15,1,4,3,0.022,0.028
26236,12,26,14,1,3,2,0.022,0.028
26237,11,24,13,1,3,2,0.022,0.028
26238,26,45,19,2,8,6,0.022,0.028
26241,12,25,13,1,3,2,0.017,0.006
26250,17,33,16,1,5,4,0.022,0.028
26253,8,19,11,0,2,2,0.017,0.006
26254,3,9,6,0,0,0,0.017,0.006
26257,7,18,11,0,2,2,0.017,0.006
26259,10,23,13,0,2,2,0.017,0.006
26260,1,4,3,0,0,0,0.011,0.006
26261,6,18,12,0,1,1,0.011,0.033
26263,1,3,2,0,0,0,0.011,0.006
26264,3,11,8,0,1,1,0.017,0.039
26266,9,23,14,0,2,2,0.011,0.011
26267,12,27,15,1,3,2,0.022,0.028
26268,1,6,5,0,0,0,0.017,0.006
26269,8,20,12,0,2,2,0.011,0.006
26270,1,6,5,0,0,0,0.017,0.006
26271,7,18,11,0,1,1,0.011,0.006
26273,5,14,9,0,1,1,0.017,0.006
26275,12,27,15,1,3,2,0.022,0.028
26276,11,24,13,1,3,2,0.011,0.006
26278,5,15,10,0,1,1,0.017,0.006
26280,7,18,11,0,1,1,0.017,0.006
26282,2,9,7,0,0,0,0.017,0.006
26283,13,27,14,1,3,2,0.017,0.006
26285,6,16,10,0,1,1,0.017,0.006
26287,12,25,13,1,3,2,0.011,0.006
26288,10,23,13,0,2,2,0.011,0.011
26291,1,4,3,0,0,0,0.017,0.039
26292,1,6,5,0,0,0,0.011,0.006
26293,6,17,11,0,1,1,0.017,0.006
26294,2,9,7,0,0,0,0.017,0.006
26296,0,2,2,0,0,0,0.017,0.006
26298,5,14,9,0,1,1,0.011,0.011
26301,35,56,21,4,13,9,0.028,0.044
26320,36,57,21,5,13,8,0.017,0.044
26321,42,63,21,6,16,10,0.039,0.056
26323,34,55,21,4,12,8,0.028,0.044
26325,39,61,22,5,15,10,0.083,0.117
26327,41,62,21,6,16,10,0.083,0.117
26330,33,54,21,4,12,8,0.028,0.044
26335,43,65,22,6,17,11,0.028,0.039
26337,42,63,21,7,17,10,0.083,0.117
26338,41,62,21,6,16,10,0.039,0.056
26339,37,57,20,5,13,8,0.022,0.061
26342,43,64,21,6,17,11,0.061,0.072
26343,26,45,19,2,8,6,0.039,0.056
26346,40,61,21,6,16,10,0.083,0.117
26347,30,50,20,3,10,7,0.028,0.017
26348,35,56,21,4,12,8,0.011,0.022
26349,28,48,20,3,9,6,0.022,0.028
26351,44,66,22,7,17,10,0.061,0.072
26354,29,49,20,3,10,7,0.028,0.017
26361,37,57,20,5,14,9,0.028,0.044
26362,41,62,21,6,16,10,0.083,0.117
26366,37,57,20,5,14,9,0.028,0.044
26369,35,56,21,4,13,9,0.028,0.044
26372,33,54,21,4,12,8,0.039,0.056
26374,22,40,18,2,6,4,0.017,0.006
26376,32,53,21,3,11,8,0.039,0.056
26377,37,58,21,5,13,8,0.011,0.022
26378,41,63,22,6,16,10,0.039,0.056
26384,43,65,22,6,17,11,0.061,0.072
26385,37,58,21,5,14,9,0.028,0.044
26386,36,57,21,4,13,9,0.028,0.044
26404,35,56,21,4,13,9,0.028,0.044
26405,21,39,18,2,6,4,0.022,0.028
26408,35,56,21,4,13,9,0.028,0.044
26410,20,38,18,2,6,4,0.017,0.006
26411,37,59,22,5,14,9,0.022,0.061
26412,42,64,22,6,16,10,0.039,0.056
26415,37,58,21,5,14,9,0.083,0.117
26416,23,42,19,2,7,5,0.022,0.028
26419,37,57,20,5,13,8,0.011,0.022
26421,40,61,21,6,16,10,0.083,0.117
26422,35,55,20,4,13,9,0.028,0.044
26424,32,52,20,3,11,8,0.028,0.017
26425,15,30,15,1,4,3,0.017,0.006
26426,35,56,21,4,13,9,0.028,0.044
26430,44,66,22,7,17,10,0.061,0.072
26431,35,56,21,4,13,9,0.028,0.044
26435,30,50,20,3,10,7,0.028,0.017
26436,35,56,21,4,13,9,0.022,0.061
26437,37,57,20,4,13,9,0.011,0.022
26438,35,56,21,4,13,9,0.028,0.044
26440,25,44,19,2,8,6,0.028,0.017
26443,42,64,22,6,16,10,0.061,0.072
26444,14,28,14,1,3,2,0.017,0.006
26447,37,58,21,5,14,9,0.039,0.056
26448,35,56,21,4,13,9,0.028,0.044
26451,38,59,21,5,14,9,0.028,0.044
26452,42,64,22,6,17,11,0.039,0.056
26456,35,56,21,4,13,9,0.022,0.061
26501,33,53,20,4,12,8,0.011,0.033
26505,33,53,20,4,12,8,0.011,0.033
26508,21,38,17,2,7,5,0.011,0.033
26519,11,25,14,1,3,2,0.017,0.006
26520,17,34,17,1,5,4,0.017,0.006
26521,30,49,19,3,10,7,0.011,0.033
26525,8,18,10,0,2,2,0.017,0.006
26534,34,54,20,4,12,8,0.011,0.033
26537,18,34,16,1,5,4,0.017,0.006
26541,32,51,19,4,11,7,0.011,0.033
26542,13,28,15,1,3,2,0.017,0.006
26543,37,57,20,5,14,9,0.011,0.033
26547,13,28,15,1,3,2,0.017,0.006
26554,35,55,20,4,12,8,0.028,0.022
26559,39,60,21,5,15,10,0.028,0.022
26560,37,58,21,5,14,9,0.028,0.022
26562,34,55,21,4,12,8,0.011,0.022
26563,37,58,21,5,13,8,0.028,0.022
26568,37,57,20,4,13,9,0.028,0.044
26570,32,52,20,3,11,8,0.011,0.033
26571,35,55,20,4,12,8,0.028,0.022
26572,37,58,21,5,13,8,0.028,0.022
26574,37,57,20,5,13,8,0.028,0.022
26575,33,53,20,4,11,7,0.011,0.022
26576,35,55,20,4,12,8,0.028,0.022
26581,34,54,20,4,12,8,0.011,0.022
26582,35,56,21,4,13,9,0.028,0.022
26585,34,55,21,4,12,8,0.028,0.022
26586,36,56,20,4,13,9,0.028,0.022
26587,34,55,21,4,12,8,0.028,0.022
26588,36,57,21,4,13,9,0.028,0.022
26590,32,51,19,3,11,8,0.011,0.033
26591,38,58,20,5,14,9,0.028,0.022
26601,40,61,21,5,15,10,0.028,0.039
26610,26,45,19,2,8,6,0.011,0.033
26611,44,66,22,6,17,11,0.061,0.072
26615,41,63,22,6,15,9,0.028,0.039
26617,28,48,20,2,9,7,0.022,0.039
26619,43,65,22,6,16,10,0.028,0.039
26621,40,62,22,5,15,10,0.028,0.039
26623,45,67,22,7,18,11,0.028,0.039
26624,46,68,22,7,18,11,0.028,0.039
26627,43,65,22,6,17,11,0.028,0.039
26629,28,48,20,2,9,7,0.028,0.039
26631,40,62,22,5,15,10,0.028,0.039
26636,44,66,22,6,17,11,0.061,0.072
26638,42,64,22,6,16,10,0.061,0.072
26651,19,37,18,1,5,4,0.011,0.033
26656,37,59,22,4,14,10,0.011,0.033
26660,16,32,16,1,4,3,0.011,0.033
26662,16,32,16,1,4,3,0.011,0.033
26676,9,22,13,0,2,2,0.011,0.033
26678,19,36,17,1,5,4,0.011,0.033
26679,15,31,16,1,4,3,0.011,0.033
26680,13,28,15,1,3,2,0.011,0.033
26681,12,27,15,0,3,3,0.011,0.033
26684,15,31,16,1,4,3,0.011,0.033
26690,32,53,21,3,11,8,0.011,0.033
26691,14,29,15,1,3,2,0.011,0.033
26704,31,50,19,4,10,6,0.017,0.106
26705,7,18,11,0,2,2,0.017,0.006
26707,2,7,5,0,0,0,0.056,0.150
26710,41,61,20,6,15,9,0.039,0.150
26711,37,56,19,5,13,8,0.017,0.106
26714,26,44,18,2,7,5,0.017,0.106
26716,5,14,9,0,1,1,0.017,0.006
26717,7,18,11,0,1,1,0.039,0.150
26719,46,66,20,8,18,10,0.039,0.150
26720,2,8,6,0,0,0,0.056,0.150
26722,46,66,20,9,19,10,0.017,0.106
26726,39,59,20,6,15,9,0.039,0.150
26731,30,49,19,3,9,6,0.056,0.150
26739,4,11,7,0,1,1,0.056,0.150
26743,31,50,19,4,10,6,0.039,0.150
26750,23,40,17,2,6,4,0.039,0.150
26753,54,74,20,12,25,13,0.039,0.150
26755,22,38,16,2,5,3,0.017,0.106
26757,30,48,18,3,9,6,0.017,0.106
26761,27,45,18,2,7,5,0.017,0.106
26763,42,62,20,7,16,9,0.017,0.106
26764,6,15,9,0,1,1,0.017,0.006
26767,56,76,20,13,26,13,0.039,0.150
26801,20,36,16,1,4,3,0.072,0.194
26802,19,35,16,1,5,4,0.006,0.039
26804,3,10,7,0,0,0,0.006,0.039
26807,16,30,14,1,4,3,0.006,0.039
26808,29,47,18,3,9,6,0.017,0.106
26810,12,24,12,0,2,2,0.072,0.194
26812,17,32,15,1,3,2,0.072,0.194
26814,7,17,10,0,1,1,0.006,0.039
26815,12,25,13,0,2,2,0.006,0.039
26817,36,55,19,5,12,7,0.017,0.106
26818,54,75,21,12,24,12,0.072,0.194
26823,25,42,17,3,8,5,0.017,0.106
26833,33,52,19,4,11,7,0.056,0.150
26836,36,55,19,6,13,7,0.072,0.194
26845,46,66,20,8,18,10,0.072,0.194
26847,45,65,20,8,18,10,0.056,0.150
26851,26,43,17,3,7,4,0.072,0.194
26852,37,57,20,5,12,7,0.017,0.106
26855,35,55,20,5,12,7,0.056,0.150
26865,33,51,18,4,10,6,0.017,0.106
26866,29,48,19,3,9,6,0.006,0.039
26884,13,26,13,1,3,2,0.006,0.039
27006,72,93,21,17,33,16,0.022,0.122
27007,57,79,22,9,21,12,0.006,0.050
27009,63,84,21,12,26,14,0.050,0.128
27011,60,82,22,10,23,13,0.017,0.083
27012,71,91,20,16,31,15,0.050,0.128
27013,72,92,20,17,33,16,0.050,0.250
27014,76,96,20,19,36,17,0.022,0.122
27016,54,75,21,9,20,11,0.022,0.128
27017,56,78,22,8,20,12,0.006,0.050
27018,63,85,22,12,26,14,0.017,0.083
27019,62,83,21,11,25,14,0.022,0.128
27020,62,83,21,11,24,13,0.017,0.083
27021,56,77,21,9,20,11,0.022,0.128
27022,56,77,21,9,22,13,0.022,0.128
27023,67,88,21,14,28,14,0.050,0.128
27024,47,69,22,5,15,10,0.006,0.050
27025,65,86,21,14,28,14,0.028,0.200
27027,68,89,21,16,31,15,0.028,0.200
27028,72,93,21,17,33,16,0.022,0.122
27030,53,75,22,7,18,11,0.006,0.050
27040,64,86,22,12,26,14,0.050,0.128
27041,54,76,22,8,19,11,0.006,0.050
27042,65,86,21,14,28,14,0.022,0.128
27043,57,78,21,9,21,12,0.022,0.128
27045,60,82,22,11,24,13,0.050,0.128
27046,58,79,21,10,23,13,0.022,0.128
27047,61,83,22,11,24,13,0.006,0.050
27048,68,88,20,16,31,15,0.028,0.200
27050,61,83,22,11,24,13,0.050,0.128
27051,60,82,22,11,24,13,0.050,0.128
27052,61,83,22,12,25,13,0.022,0.128
27053,52,73,21,8,19,11,0.022,0.128
27054,74,95,21,18,35,17,0.050,0.250
27055,65,87,22,13,28,15,0.017,0.083
27101,63,84,21,12,25,13,0.050,0.128
27103,67,88,21,13,28,15,0.050,0.128
27104,65,87,22,12,27,15,0.050,0.128
27105,60,81,21,10,23,13,0.050,0.128
27106,62,84,22,11,24,13,0.050,0.128
27107,66,88,22,13,28,15,0.050,0.128
27109,60,82,22,10,23,13,0.050,0.128
27110,63,85,22,12,25,13,0.050,0.128
27127,67,89,22,14,29,15,0.050,0.128
27201,74,94,20,19,36,17,0.028,0.300
27203,69,91,22,15,30,15,0.044,0.250
27205,71,92,21,16,31,15,0.044,0.250
27207,78,99,21,21,38,17,0.111,0.472
27208,79,99,20,21,38,17,0.111,0.472
27209,80,101,21,22,39,17,0.189,0.594
27212,82,101,19,27,47,20,0.089,0.572
27214,68,89,21,16,31,15,0.067,0.178
27215,75,95,20,20,37,17,0.028,0.300
27217,77,96,19,21,39,18,0.028,0.300
27229,81,101,20,22,40,18,0.189,0.594
27231,70,90,20,17,33,16,0.144,0.528
27233,68,89,21,15,30,15,0.044,0.250
27235,63,84,21,12,25,13,0.067,0.178
27239,76,97,21,19,35,16,0.050,0.239
27242,81,101,20,22,39,17,0.167,0.522
27243,73,93,20,19,36,17,0.144,0.528
27244,74,94,20,19,36,17,0.028,0.300
27248,71,92,21,17,32,15,0.044,0.250
27249,73,92,19,18,34,16,0.067,0.178
27252,83,103,20,24,42,18,0.111,0.472
27253,76,96,20,21,38,17,0.028,0.300
27258,76,95,19,21,38,17,0.028,0.300
27260,71,92,21,16,32,16,0.067,0.178
27262,71,92,21,16,31,15,0.067,0.178
27263,70,91,21,15,30,15,0.044,0.250
27265,70,91,21,15,31,16,0.067,0.178
27278,74,94,20,20,37,17,0.144,0.528
27281,83,104,21,24,42,18,0.167,0.522
27282,69,90,21,15,30,15,0.067,0.178
27283,70,90,20,16,31,15,0.067,0.178
27284,63,84,21,12,25,13,0.050,0.128
27288,71,91,20,18,34,16,0.028,0.200
27291,77,96,19,23,41,18,0.089,0.572
27292,74,95,21,18,34,16,0.050,0.239
27295,73,94,21,17,34,17,0.050,0.239
27298,69,90,21,16,31,15,0.044,0.250
27299,76,96,20,19,36,17,0.050,0.239
27301,71,91,20,17,33,16,0.067,0.178
27302,73,93,20,19,36,17,0.028,0.300
27305,76,96,20,22,40,18,0.089,0.572
27306,91,110,19,29,48,19,0.189,0.594
27310,62,83,21,12,25,13,0.067,0.178
27311,74,94,20,20,38,18,0.089,0.572
27312,77,97,20,20,37,17,0.111,0.472
27313,67,88,21,15,29,14,0.067,0.178
27314,73,93,20,20,36,16,0.089,0.572
27315,78,97,19,23,41,18,0.089,0.572
27316,73,94,21,17,33,16,0.044,0.250
27317,69,91,22,15,30,15,0.044,0.250
27320,66,87,21,15,30,15,0.028,0.200
27325,82,102,20,23,40,17,0.167,0.522
27326,72,92,20,18,35,17,0.028,0.200
27330,82,102,20,23,41,18,0.094,0.472
27332,83,103,20,24,42,18,0.094,0.472
27340,76,96,20,20,37,17,0.028,0.300
27341,79,100,21,21,38,17,0.044,0.250
27343,75,94,19,21,38,17,0.044,0.328
27344,70,91,21,16,31,15,0.111,0.472
27349,72,92,20,17,33,16,0.028,0.300
27350,69,91,22,15,30,15,0.044,0.250
27355,68,89,21,15,30,15,0.044,0.250
27356,81,101,20,22,40,18,0.189,0.594
27357,63,84,21,12,26,14,0.028,0.200
27358,65,86,21,14,28,14,0.067,0.178
27360,70,92,22,16,31,15,0.050,0.239
27370,71,92,21,16,32,16,0.044,0.250
27371,86,105,19,25,44,19,0.189,0.594
27376,83,103,20,23,40,17,0.167,0.522
27377,73,93,20,18,34,16,0.067,0.178
27379,80,99,19,26,45,19,0.089,0.572
27401,67,88,21,15,30,15,0.067,0.178
27403,66,87,21,14,28,14,0.067,0.178
27405,68,88,20,15,30,15,0.067,0.178
27406,67,88,21,15,29,14,0.067,0.178
27407,67,88,21,14,29,15,0.067,0.178
27408,66,87,21,14,28,14,0.067,0.178
27409,64,85,21,13,27,14,0.067,0.178
27410,64,85,21,13,26,13,0.067,0.178
27455,66,87,21,14,29,15,0.067,0.178
27501,82,102,20,22,40,18,0.194,0.611
27502,74,95,21,18,35,17,0.100,0.444
27503,75,95,20,20,37,17,0.133,0.528
27504,83,103,20,23,41,18,0.117,0.483
27505,83,103,20,23,41,18,0.194,0.611
27507,73,93,20,20,36,16,0.072,0.367
27508,81,100,19,24,42,18,0.150,0.489
27509,79,98,19,22,40,18,0.072,0.367
27510,79,98,19,23,41,18,0.144,0.528
27511,73,94,21,18,34,16,0.100,0.444
27513,72,93,21,18,34,16,0.100,0.444
27514,82,101,19,25,44,19,0.144,0.528
27516,78,97,19,22,40,18,0.144,0.528
27517,81,100,19,24,41,17,0.111,0.472
27518,74,94,20,18,34,16,0.100,0.444
27519,75,95,20,19,35,16,0.100,0.444
27520,80,100,20,21,39,18,0.117,0.483
27521,82,102,20,22,41,19,0.194,0.611
27522,78,97,19,21,39,18,0.072,0.367
27523,75,95,20,19,35,16,0.100,0.444
27524,86,105,19,24,44,20,0.117,0.483
27525,77,97,20,21,38,17,0.150,0.489
27526,79,99,20,20,38,18,0.100,0.444
27527,81,101,20,22,40,18,0.117,0.483
27529,80,100,20,22,39,17,0.100,0.444
27530,90,109,19,29,49,20,0.200,0.533
27531,90,109,19,29,49,20,0.200,0.533
27534,90,109,19,29,49,20,0.200,0.533
27536,73,92,19,19,35,16,0.072,0.317
27537,74,94,20,20,36,16,0.072,0.317
27539,75,96,21,19,36,17,0.100,0.444
27540,75,96,21,19,35,16,0.100,0.444
27541,70,90,20,17,33,16,0.044,0.328
27542,86,105,19,26,45,19,0.117,0.483
27544,78,98,20,22,39,17,0.072,0.317
27545,80,100,20,22,40,18,0.100,0.444
27546,85,105,20,24,43,19,0.194,0.611
27549,80,99,19,23,41,18,0.150,0.489
27551,77,96,19,23,40,17,0.133,0.450
27553,74,94,20,20,37,17,0.133,0.450
27555,86,105,19,26,45,19,0.117,0.483
27556,74,94,20,20,36,16,0.072,0.317
27557,82,101,19,24,42,18,0.228,0.644
27559,84,104,20,24,42,18,0.111,0.472
27560,75,95,20,19,36,17,0.100,0.444
27562,81,101,20,22,40,18,0.100,0.444
27563,75,95,20,21,38,17,0.133,0.450
27565,73,93,20,19,36,17,0.072,0.367
27568,87,106,19,26,45,19,0.117,0.483
27569,89,108,19,27,47,20,0.117,0.483
27571,77,97,20,21,38,17,0.100,0.444
27572,70,90,20,17,33,16,0.044,0.328
27573,64,85,21,14,28,14,0.044,0.328
27574,67,88,21,16,31,15,0.044,0.328
27576,84,104,20,24,43,19,0.117,0.483
27577,84,103,19,24,42,18,0.117,0.483
27581,75,95,20,20,37,17,0.072,0.367
27582,72,92,20,19,35,16,0.072,0.367
27583,67,87,20,15,30,15,0.044,0.328
27587,78,97,19,21,38,17,0.100,0.444
27589,77,96,19,22,39,17,0.133,0.450
27591,80,100,20,22,40,18,0.100,0.444
27592,81,101,20,22,40,18,0.100,0.444
27596,76,96,20,20,37,17,0.150,0.489
27597,80,99,19,22,40,18,0.100,0.444
27601,79,99,20,21,39,18,0.100,0.444
27603,79,99,20,21,38,17,0.100,0.444
27604,80,100,20,22,39,17,0.100,0.444
27605,78,98,20,21,38,17,0.100,0.444
27606,76,97,21,20,36,16,0.100,0.444
27607,76,96,20,20,37,17,0.100,0.444
27608,79,99,20,21,39,18,0.100,0.444
27609,79,98,19,21,39,18,0.100,0.444
27610,80,100,20,22,40,18,0.100,0.444
27612,77,97,20,21,38,17,0.100,0.444
27613,76,96,20,20,37,17,0.100,0.444
27614,79,98,19,22,39,17,0.100,0.444
27615,77,97,20,21,38,17,0.100,0.444
27616,80,100,20,22,40,18,0.100,0.444
27617,75,95,20,20,36,16,0.100,0.444
27701,78,97,19,22,39,17,0.133,0.528
27703,77,97,20,21,38,17,0.133,0.528
27704,78,98,20,22,39,17,0.133,0.528
27705,78,98,20,22,40,18,0.133,0.528
27707,80,99,19,23,41,18,0.133,0.528
27709,77,97,20,21,38,17,0.133,0.528
27712,76,96,20,21,39,18,0.133,0.528
27713,79,99,20,22,40,18,0.133,0.528
27801,86,105,19,29,48,19,0.206,0.644
27803,86,104,18,29,48,19,0.228,0.644
27804,86,104,18,29,49,20,0.228,0.644
27805,80,100,20,25,44,19,0.217,0.778
27806,87,106,19,27,48,21,0.278,1.078
27807,83,102,19,26,45,19,0.228,0.644
27808,86,105,19,28,49,21,0.278,1.078
27809,86,104,18,29,48,19,0.228,0.644
27810,84,104,20,26,47,21,0.278,1.078
27812,86,105,19,27,46,19,0.150,0.661
27813,90,108,18,29,49,20,0.200,0.572
27814,88,107,19,31,52,21,0.278,1.078
27816,80,99,19,24,42,18,0.228,0.644
27817,91,109,18,33,53,20,0.278,1.078
27818,76,95,19,24,41,17,0.217,0.778
27819,88,107,19,29,49,20,0.206,0.644
27820,81,100,19,26,45,19,0.233,0.778
27821,87,106,19,28,49,21,0.278,1.078
27822,87,106,19,29,49,20,0.200,0.572
27823,84,102,18,27,46,19,0.194,0.633
27824,79,100,21,21,41,20,0.094,0.422
27825,84,103,19,26,45,19,0.294,0.806
27826,82,103,21,23,44,21,0.094,0.422
27827,87,106,19,27,46,19,0.150,0.661
27828,91,109,18,29,49,20,0.150,0.661
27829,89,107,18,28,48,20,0.150,0.661
27830,90,108,18,29,49,20,0.200,0.533
27831,81,99,18,27,45,18,0.233,0.778
27832,77,96,19,25,42,17,0.233,0.778
27834,85,104,19,25,44,19,0.150,0.661
27837,90,109,19,30,50,20,0.150,0.661
27839,83,102,19,27,46,19,0.194,0.633
27840,87,105,18,30,49,19,0.294,0.806
27841,87,105,18,29,48,19,0.294,0.806
27842,76,95,19,23,41,18,0.233,0.778
27843,87,106,19,29,49,20,0.194,0.633
27844,81,100,19,25,43,18,0.194,0.633
27845,84,103,19,29,48,19,0.233,0.778
27846,86,105,19,29,49,20,0.294,0.806
27847,86,105,19,29,48,19,0.489,1.156
27849,87,106,19,30,49,19,0.489,1.156
27850,77,96,19,23,41,18,0.194,0.633
27851,88,106,18,28,47,19,0.200,0.572
27852,88,106,18,28,48,20,0.206,0.644
27853,85,103,18,30,49,19,0.233,0.778
27855,72,93,21,21,38,17,0.217,0.778
27856,83,102,19,27,45,18,0.228,0.644
27857,87,105,18,29,49,20,0.294,0.806
27858,89,107,18,28,48,20,0.150,0.661
27860,86,105,19,28,49,21,0.278,1.078
27861,86,105,19,27,46,19,0.294,0.806
27862,80,100,20,26,45,19,0.233,0.778
27863,91,109,18,29,49,20,0.200,0.533
27864,87,105,18,28,47,19,0.206,0.644
27865,87,106,19,30,50,20,0.278,1.078
27866,81,100,19,27,46,19,0.233,0.778
27869,84,103,19,28,47,19,0.233,0.778
27870,77,96,19,25,42,17,0.194,0.633
27871,85,104,19,27,46,19,0.294,0.806
27872,84,104,20,28,47,19,0.489,1.156
27873,89,108,19,29,49,20,0.200,0.572
27874,86,105,19,29,48,19,0.194,0.633
27875,83,104,21,25,46,21,0.094,0.422
27876,83,102,19,28,47,19,0.233,0.778
27878,86,104,18,28,48,20,0.228,0.644
27879,91,109,18,29,50,21,0.150,0.661
27880,85,104,19,26,46,20,0.200,0.572
27881,88,107,19,30,50,20,0.206,0.644
27882,81,100,19,25,43,18,0.228,0.644
27883,91,110,19,30,50,20,0.200,0.572
27884,87,106,19,28,47,19,0.150,0.661
27885,82,103,21,23,44,21,0.094,0.422
27886,88,106,18,29,49,20,0.206,0.644
27888,92,110,18,30,51,21,0.111,0.489
27889,91,109,18,34,55,21,0.278,1.078
27890,81,100,19,27,45,18,0.194,0.633
27891,85,103,18,28,47,19,0.228,0.644
27892,84,103,19,27,46,19,0.294,0.806
27893,89,107,18,29,49,20,0.200,0.572
27896,88,106,18,29,49,20,0.200,0.572
27897,79,99,20,25,43,18,0.233,0.778
27909,77,97,20,24,43,19,0.217,0.806
27910,78,97,19,24,43,19,0.217,0.778
27915,67,87,20,8,24,16,0.011,0.106
27916,65,85,20,13,29,16,0.250,0.844
27917,67,86,19,14,31,17,0.250,0.844
27919,80,100,20,26,46,20,0.156,0.639
27920,65,85,20,8,23,15,0.011,0.106
27921,76,95,19,22,41,19,0.261,0.894
27922,83,102,19,27,47,20,0.217,0.778
27923,66,85,19,14,30,16,0.250,0.844
27924,84,104,20,29,49,20,0.489,1.156
27925,81,101,20,25,45,20,0.139,0.489
27926,81,100,19,29,49,20,0.261,0.894
27927,63,82,19,11,26,15,0.250,0.844
27928,85,105,20,28,48,20,0.217,0.739
27929,66,86,20,15,32,17,0.250,0.844
27932,82,102,20,27,47,20,0.183,0.672
27935,82,101,19,27,47,20,0.261,0.894
27936,65,85,20,7,21,14,0.011,0.106
27937,78,97,19,26,45,19,0.261,0.894
27938,83,102,19,28,48,20,0.261,0.894
27939,64,84,20,11,26,15,0.250,0.844
27941,65,85,20,12,27,15,0.250,0.844
27942,83,103,20,28,48,20,0.217,0.778
27943,70,89,19,9,25,16,0.011,0.106
27944,79,99,20,25,44,19,0.156,0.639
27946,81,101,20,27,47,20,0.261,0.894
27947,66,85,19,12,27,15,0.250,0.844
27948,64,83,19,11,26,15,0.011,0.106
27949,65,84,19,11,27,16,0.011,0.106
27950,62,82,20,14,30,16,0.250,0.844
27953,70,89,19,14,31,17,0.011,0.106
27954,67,86,19,12,29,17,0.011,0.106
27956,67,87,20,16,33,17,0.250,0.844
27957,86,105,19,30,51,21,0.489,1.156
27958,70,90,20,20,38,18,0.250,0.844
27959,68,87,19,13,30,17,0.011,0.106
27960,74,93,19,11,29,18,0.094,0.422
27962,90,109,19,31,52,21,0.217,0.739
27964,65,84,19,12,27,15,0.250,0.844
27965,66,85,19,13,28,15,0.250,0.844
27966,66,85,19,12,28,16,0.250,0.844
27967,82,101,19,27,46,19,0.489,1.156
27968,71,90,19,11,29,18,0.011,0.106
27970,87,107,20,30,51,21,0.217,0.739
27972,70,89,19,10,28,18,,
27973,73,92,19,20,38,18,0.250,0.844
27974,70,90,20,16,34,18,0.261,0.894
27976,77,97,20,26,45,19,0.261,0.894
27978,72,90,18,13,31,18,0.011,0.106
27979,78,98,20,26,45,19,0.261,0.894
27980,83,103,20,28,48,20,0.183,0.672
27981,71,89,18,13,32,19,0.011,0.106
27982,71,89,18,11,28,17,,
27983,88,106,18,32,52,20,0.489,1.156
27985,80,100,20,26,46,20,0.156,0.639
27986,81,100,19,26,45,19,0.217,0.778
28001,85,104,19,24,43,19,0.172,0.594
28006,76,96,20,19,36,17,0.089,0.256
28007,95,114,19,32,52,20,0.217,0.656
28009,85,105,20,25,44,19,0.172,0.594
28012,76,97,21,19,35,16,0.089,0.256
28016,74,94,20,17,33,16,0.089,0.256
28017,76,96,20,19,36,17,0.044,0.167
28018,70,91,21,17,32,15,0.072,0.206
28019,76,96,20,20,37,17,0.072,0.206
28020,69,91,22,16,31,15,0.044,0.167
28021,70,91,21,16,31,15,0.089,0.256
28023,74,94,20,17,33,16,0.050,0.250
28025,83,102,19,24,42,18,0.072,0.294
28027,83,102,19,24,42,18,0.072,0.294
28031,76,96,20,19,35,16,0.167,0.317
28032,78,98,20,20,37,17,0.089,0.256
28033,71,92,21,16,32,16,0.083,0.256
28034,77,97,20,19,36,17,0.089,0.256
28036,78,98,20,20,38,18,0.167,0.317
28037,75,95,20,19,35,16,0.083,0.256
28039,75,95,20,18,35,17,0.050,0.250
28040,74,95,21,19,35,16,0.072,0.206
28043,76,96,20,21,38,17,0.072,0.206
28052,76,97,21,19,35,16,0.089,0.256
28054,77,97,20,19,36,17,0.089,0.256
28056,77,98,21,20,36,16,0.089,0.256
28071,78,98,20,20,37,17,0.050,0.250
28072,72,93,21,16,32,16,0.050,0.250
28073,72,94,21,16,32,16,0.044,0.167
28075,82,102,20,23,41,18,0.072,0.294
28076,78,99,21,21,39,18,0.072,0.206
28077,75,95,20,18,35,17,0.089,0.256
28078,76,97,21,19,36,17,0.167,0.317
28079,78,98,20,19,36,17,0.200,0.583
28080,74,95,21,18,34,16,0.083,0.256
28081,79,99,20,21,39,18,0.072,0.294
28083,79,99,20,21,39,18,0.072,0.294
28086,71,92,21,16,31,15,0.044,0.167
28088,74,95,21,18,34,16,0.050,0.250
28089,74,95,21,19,35,16,0.044,0.167
28090,72,93,21,17,33,16,0.044,0.167
28091,92,111,19,30,49,19,0.217,0.656
28092,70,91,21,16,31,15,0.083,0.256
28097,82,102,20,22,40,18,0.172,0.594
28098,78,98,20,20,37,17,0.089,0.256
28101,78,99,21,20,37,17,0.089,0.256
28102,95,113,18,31,51,20,0.217,0.656
28103,87,107,20,25,44,19,0.200,0.583
28104,77,98,21,19,35,16,0.200,0.583
28105,76,96,20,18,34,16,0.167,0.317
28107,84,104,20,24,42,18,0.072,0.294
28108,80,100,20,21,38,17,0.200,0.583
28109,80,100,20,21,39,18,0.172,0.594
28110,80,100,20,20,37,17,0.200,0.583
28112,83,103,20,22,40,18,0.200,0.583
28114,76,97,21,20,37,17,0.072,0.206
28115,73,93,20,17,34,17,0.050,0.189
28117,74,94,20,18,34,16,0.050,0.189
28119,92,111,19,29,48,19,0.217,0.656
28120,78,98,20,20,37,17,0.089,0.256
28124,81,101,20,22,40,18,0.072,0.294
28125,72,92,20,17,33,16,0.050,0.250
28127,83,103,20,23,42,19,0.172,0.594
28128,91,110,19,29,49,20,0.172,0.594
28129,86,106,20,25,44,19,0.172,0.594
28133,90,109,19,28,47,19,0.217,0.656
28134,80,100,20,20,37,17,0.167,0.317
28135,90,109,19,28,47,19,0.217,0.656
28137,80,100,20,22,40,18,0.172,0.594
28138,75,96,21,18,35,17,0.050,0.250
28139,76,96,20,21,38,17,0.072,0.206
28144,76,96,20,19,35,16,0.050,0.250
28146,74,95,21,18,34,16,0.050,0.250
28147,74,94,20,18,34,16,0.050,0.250
28150,75,96,21,18,35,17,0.044,0.167
28152,75,96,21,19,35,16,0.044,0.167
28159,76,96,20,19,36,17,0.050,0.250
28160,74,94,20,19,36,17,0.072,0.206
28163,84,104,20,24,42,18,0.172,0.594
28164,78,98,20,21,38,17,0.089,0.256
28166,71,92,21,16,32,16,0.050,0.189
28167,73,94,21,19,35,16,0.072,0.206
28168,66,88,22,14,28,14,0.083,0.256
28169,71,93,22,17,32,15,0.044,0.167
28170,89,109,20,28,47,19,0.217,0.656
28173,81,101,20,21,38,17,0.200,0.583
28174,84,104,20,23,41,18,0.200,0.583
28202,75,95,20,18,34,16,0.167,0.317
28203,74,95,21,18,34,16,0.167,0.317
28204,75,95,20,18,34,16,0.167,0.317
28205,74,95,21,18,34,16,0.167,0.317
28206,74,95,21,18,33,15,0.167,0.317
28207,75,96,21,18,34,16,0.167,0.317
28208,73,94,21,17,33,16,0.167,0.317
28209,76,96,20,19,35,16,0.167,0.317
28210,78,98,20,20,36,16,0.167,0.317
28211,77,97,20,19,35,16,0.167,0.317
28212,77,98,21,19,35,16,0.167,0.317
28213,77,97,20,19,35,16,0.167,0.317
28214,73,94,21,17,32,15,0.167,0.317
28215,76,97,21,19,35,16,0.167,0.317
28216,73,94,21,17,32,15,0.167,0.317
28217,76,97,21,19,35,16,0.167,0.317
28226,78,98,20,20,36,16,0.167,0.317
28227,77,98,21,19,35,16,0.167,0.317
28244,75,95,20,18,34,16,0.167,0.317
28262,79,99,20,21,38,17,0.167,0.317
28269,76,96,20,19,35,16,0.167,0.317
28270,76,96,20,18,34,16,0.167,0.317
28273,78,98,20,20,36,16,0.167,0.317
28277,80,100,20,21,37,16,0.167,0.317
28278,78,98,20,20,36,16,0.167,0.317
28280,75,95,20,18,34,16,0.167,0.317
28282,75,95,20,18,34,16,0.167,0.317
28301,89,108,19,26,45,19,0.267,0.644
28303,88,107,19,26,45,19,0.267,0.644
28304,89,108,19,26,45,19,0.267,0.644
28305,89,108,19,26,45,19,0.267,0.644
28306,90,109,19,26,46,20,0.267,0.644
28307,86,106,20,25,43,18,0.267,0.644
28308,87,106,19,26,45,19,0.267,0.644
28311,86,106,20,25,43,18,0.267,0.644
28312,89,108,19,26,45,19,0.267,0.644
28314,89,108,19,26,45,19,0.267,0.644
28315,86,106,20,24,43,19,0.167,0.522
28318,88,107,19,25,44,19,0.194,0.633
28320,91,111,20,26,46,20,0.178,0.583
28323,86,106,20,25,44,19,0.194,0.611
28325,90,109,19,28,48,20,0.278,0.778
28326,86,105,19,25,44,19,0.194,0.611
28327,84,104,20,23,42,19,0.167,0.522
28328,87,107,20,25,44,19,0.194,0.633
28330,96,114,18,32,52,20,0.211,0.656
28332,89,109,20,24,43,19,0.178,0.583
28333,89,108,19,28,48,20,0.200,0.533
28334,84,104,20,23,42,19,0.194,0.611
28337,88,108,20,23,42,19,0.178,0.583
28338,87,107,20,26,45,19,0.211,0.656
28339,84,104,20,23,42,19,0.194,0.611
28340,96,115,19,29,50,21,0.228,0.700
28341,89,108,19,27,47,20,0.194,0.633
28342,87,106,19,24,44,20,0.267,0.644
28343,97,116,19,31,52,21,0.239,0.600
28344,86,106,20,24,43,19,0.194,0.633
28345,94,113,19,30,50,20,0.211,0.656
28347,89,109,20,27,46,19,0.211,0.656
28348,90,109,19,26,46,20,0.267,0.644
28349,92,111,19,30,50,20,0.278,0.778
28350,86,106,20,25,43,18,0.167,0.522
28351,97,116,19,31,52,21,0.239,0.600
28352,98,117,19,32,53,21,0.239,0.600
28356,87,107,20,25,44,19,0.267,0.644
28357,92,111,19,27,47,20,0.228,0.700
28358,93,112,19,27,47,20,0.228,0.700
28360,93,112,19,27,48,21,0.228,0.700
28363,93,112,19,29,49,20,0.239,0.600
28364,95,114,19,29,50,21,0.228,0.700
28365,90,109,19,28,48,20,0.200,0.533
28366,87,106,19,25,45,20,0.194,0.633
28367,81,102,21,22,40,18,0.211,0.656
28369,96,115,19,29,50,21,0.228,0.700
28371,91,110,19,26,46,20,0.228,0.700
28372,94,113,19,28,48,20,0.228,0.700
28373,88,108,20,26,45,19,0.167,0.522
28374,84,104,20,23,41,18,0.167,0.522
28375,96,115,19,29,50,21,0.228,0.700
28376,91,110,19,27,47,20,0.250,0.606
28377,92,112,20,27,48,21,0.228,0.700
28379,95,114,19,32,52,20,0.211,0.656
28382,89,108,19,25,45,20,0.194,0.633
28383,95,114,19,29,50,21,0.228,0.700
28384,92,111,19,26,46,20,0.228,0.700
28385,87,107,20,24,44,20,0.194,0.633
28386,92,111,19,27,47,20,0.228,0.700
28387,84,105,21,23,41,18,0.167,0.522
28390,87,106,19,26,45,19,0.267,0.644
28391,88,108,20,25,44,19,0.267,0.644
28392,91,110,19,25,45,20,0.178,0.583
28393,90,109,19,28,47,19,0.194,0.633
28394,87,107,20,26,45,19,0.167,0.522
28395,87,107,20,25,44,19,0.267,0.644
28396,93,112,19,28,48,20,0.239,0.600
28398,92,111,19,31,51,20,0.278,0.778
28399,91,110,19,25,45,20,0.178,0.583
28401,91,109,18,24,45,21,0.094,0.350
28403,89,106,17,22,42,20,0.094,0.350
28405,89,106,17,22,43,21,0.094,0.350
28409,86,104,18,19,39,20,0.094,0.350
28411,88,105,17,21,41,20,0.094,0.350
28412,87,106,19,22,42,20,0.094,0.350
28420,92,112,20,26,47,21,0.144,0.606
28421,91,111,20,25,45,20,0.150,0.556
28422,87,105,18,20,40,20,0.144,0.606
28423,90,110,20,24,45,21,0.222,0.711
28424,93,112,19,26,47,21,0.222,0.711
28425,91,111,20,26,46,20,0.150,0.556
28428,84,104,20,21,41,20,0.094,0.350
28429,92,109,17,25,47,22,0.094,0.350
28430,95,114,19,29,49,20,0.222,0.711
28431,93,112,19,27,47,20,0.222,0.711
28432,95,114,19,27,48,21,0.222,0.711
28433,90,110,20,24,44,20,0.178,0.583
28434,90,109,19,24,44,20,0.178,0.583
28435,91,111,20,25,46,21,0.150,0.556
28436,93,113,20,27,48,21,0.222,0.711
28438,94,113,19,28,49,21,0.222,0.711
28439,98,116,18,31,52,21,0.222,0.711
28441,90,109,19,25,45,20,0.194,0.633
28442,93,112,19,26,47,21,0.222,0.711
28443,86,104,18,19,39,20,0.150,0.556
28444,91,111,20,25,46,21,0.194,0.633
28445,85,103,18,19,38,19,0.128,0.572
28447,92,111,19,26,46,20,0.194,0.633
28448,90,110,20,24,44,20,0.178,0.583
28449,84,104,20,20,41,21,0.094,0.350
28450,92,112,20,26,47,21,0.222,0.711
28451,92,110,18,25,47,22,0.144,0.606
28452,91,110,19,25,46,21,0.144,0.606
28453,91,110,19,28,47,19,0.278,0.778
28454,93,112,19,29,50,21,0.128,0.572
28455,93,113,20,26,47,21,0.222,0.711
28456,90,110,20,24,44,20,0.222,0.711
28457,92,110,18,26,47,21,0.150,0.556
28458,91,111,20,27,47,20,0.278,0.778
28460,84,102,18,18,37,19,0.128,0.572
28461,84,103,19,19,39,20,0.144,0.606
28462,85,103,18,19,38,19,0.144,0.606
28463,94,114,20,27,48,21,0.222,0.711
28464,93,112,19,27,48,21,0.278,0.778
28465,79,98,19,15,32,17,0.144,0.606
28466,92,112,20,26,46,20,0.278,0.778
28467,90,109,19,23,44,21,0.144,0.606
28468,90,106,16,21,42,21,0.144,0.606
28469,89,106,17,21,42,21,0.144,0.606
28470,89,106,17,22,42,20,0.144,0.606
28472,93,112,19,26,47,21,0.222,0.711
28478,92,112,20,26,46,20,0.150,0.556
28479,89,107,18,22,43,21,0.144,0.606
28480,85,103,18,18,38,20,0.094,0.350
28501,88,108,20,25,45,20,0.150,0.489
28504,90,109,19,27,47,20,0.150,0.489
28508,89,109,20,27,47,20,0.278,0.778
28510,84,103,19,21,41,20,0.111,0.578
28511,85,102,17,20,41,21,0.022,0.167
28512,84,101,17,17,37,20,0.022,0.167
28513,89,108,19,28,48,20,0.150,0.661
28515,88,108,20,26,47,21,0.111,0.578
28516,82,101,19,17,37,20,0.022,0.167
28518,89,109,20,25,45,20,0.278,0.778
28519,89,109,20,28,49,21,0.133,0.606
28520,88,104,16,24,46,22,0.022,0.167
28521,90,110,20,25,45,20,0.278,0.778
28523,91,110,19,28,49,21,0.133,0.606
28524,83,100,17,17,37,20,0.022,0.167
28525,88,108,20,26,45,19,0.150,0.489
28526,88,107,19,25,45,20,0.133,0.606
28527,92,112,20,31,52,21,0.133,0.606
28528,82,100,18,16,36,20,0.022,0.167
28529,86,106,20,24,45,21,0.111,0.578
28530,91,110,19,28,49,21,0.150,0.661
28531,81,99,18,15,34,19,0.022,0.167
28532,80,100,20,18,37,19,0.133,0.606
28537,86,106,20,25,47,22,0.111,0.578
28538,94,113,19,31,52,21,0.111,0.489
28539,85,105,20,21,42,21,0.128,0.572
28540,90,110,20,26,48,22,0.128,0.572
28544,91,110,19,26,48,22,0.128,0.572
28546,93,112,19,29,50,21,0.128,0.572
28547,88,107,19,24,45,21,0.128,0.572
28551,91,110,19,29,49,20,0.150,0.489
28552,85,105,20,26,47,21,0.111,0.578
28553,82,100,18,16,36,20,0.022,0.167
28554,94,113,19,30,52,22,0.111,0.489
28555,93,112,19,29,51,22,0.128,0.572
28556,88,107,19,25,46,21,0.111,0.578
28557,84,102,18,17,37,20,0.022,0.167
28560,88,108,20,26,47,21,0.133,0.606
28562,88,108,20,27,47,20,0.133,0.606
28570,83,101,18,16,36,20,0.022,0.167
28571,87,106,19,24,45,21,0.111,0.578
28572,88,108,20,25,45,20,0.278,0.778
28573,90,110,20,27,48,21,0.111,0.567
28574,94,113,19,30,52,22,0.128,0.572
28575,73,93,20,9,24,15,0.022,0.167
28577,85,102,17,20,41,21,0.022,0.167
28578,90,109,19,28,48,20,0.200,0.533
28579,82,99,17,16,36,20,0.022,0.167
28580,93,111,18,30,51,21,0.111,0.489
28581,84,101,17,19,40,21,0.022,0.167
28582,85,105,20,21,41,20,0.022,0.167
28583,88,108,20,25,46,21,0.111,0.578
28584,82,102,20,18,37,19,0.128,0.572
28585,87,107,20,24,44,20,0.111,0.567
28586,94,112,18,31,52,21,0.133,0.606
28587,88,108,20,27,48,21,0.111,0.578
28589,82,100,18,17,37,20,,
28590,87,106,19,27,46,19,0.150,0.661
28594,77,98,21,13,30,17,0.022,0.167
28601,62,84,22,12,25,13,0.028,0.172
28602,65,87,22,14,28,14,0.028,0.172
28604,1,6,5,0,0,0,0.000,0.006
28605,8,21,13,0,1,1,0.000,0.006
28606,47,69,22,6,15,9,0.017,0.072
28607,5,14,9,0,1,1,0.000,0.006
28609,70,91,21,16,31,15,0.028,0.172
28610,68,89,21,15,30,15,0.028,0.172
28611,49,70,21,8,18,10,0.022,0.078
28612,59,81,22,11,23,12,0.039,0.100
28613,66,88,22,14,28,14,0.028,0.172
28615,2,10,8,0,0,0,0.000,0.006
28616,2,8,6,0,0,0,0.017,0.022
28617,8,20,12,0,1,1,0.000,0.006
28618,23,40,17,1,5,4,0.000,0.006
28619,58,81,23,10,22,12,0.039,0.100
28621,58,79,21,9,22,13,0.006,0.050
28622,2,8,6,0,0,0,0.017,0.022
28623,16,32,16,1,3,2,0.000,0.017
28624,49,70,21,6,16,10,0.017,0.072
28625,70,91,21,16,31,15,0.050,0.189
28626,6,17,11,0,1,1,0.000,0.006
28627,18,34,16,1,3,2,0.000,0.017
28628,71,93,22,16,33,17,0.039,0.100
28629,14,30,16,0,2,2,0.000,0.006
28630,62,84,22,12,26,14,0.022,0.078
28631,8,22,14,0,1,1,0.000,0.006
28634,68,89,21,15,30,15,0.050,0.189
28635,47,69,22,5,15,10,0.017,0.072
28636,63,84,21,12,26,14,0.028,0.100
28637,62,84,22,12,25,13,0.039,0.100
28638,61,83,22,12,25,13,0.022,0.078
28640,8,21,13,0,1,1,0.000,0.006
28642,56,78,22,8,20,12,0.017,0.083
28643,6,16,10,0,0,0,0.000,0.006
28644,10,23,13,0,1,1,0.000,0.006
28645,60,82,22,11,24,13,0.022,0.078
28646,3,10,7,0,0,0,0.017,0.022
28647,5,16,11,0,1,1,0.039,0.100
28649,40,61,21,3,11,8,0.017,0.072
28650,68,89,21,15,29,14,0.028,0.172
28651,45,66,21,5,14,9,0.017,0.072
28652,1,6,5,0,0,0,0.017,0.022
28654,40,60,20,4,11,7,0.017,0.072
28655,66,88,22,14,29,15,0.039,0.100
28657,4,11,7,0,0,0,0.017,0.022
28658,67,89,22,15,29,14,0.028,0.172
28659,52,74,22,7,18,11,0.017,0.072
28660,68,89,21,15,30,15,0.050,0.189
28662,3,10,7,0,0,0,0.017,0.022
28663,8,20,12,0,1,1,0.000,0.017
28665,43,64,21,5,13,8,0.017,0.072
28666,60,82,22,11,24,13,0.039,0.100
28667,61,83,22,12,24,12,0.022,0.078
28668,23,41,18,1,5,4,0.000,0.017
28669,54,75,21,8,19,11,0.017,0.072
28670,57,79,22,9,21,12,0.017,0.072
28671,56,78,22,9,21,12,0.039,0.100
28672,9,22,13,0,1,1,0.000,0.006
28673,75,95,20,19,35,16,0.028,0.172
28675,10,24,14,0,1,1,0.000,0.017
28676,54,76,22,8,19,11,0.006,0.050
28677,70,91,21,16,32,16,0.050,0.189
28678,66,87,21,14,28,14,0.028,0.100
28679,6,17,11,0,0,0,0.000,0.006
28681,62,84,22,12,26,14,0.028,0.100
28682,76,96,20,19,36,17,0.028,0.172
28683,50,71,21,6,16,10,0.006,0.050
28684,4,13,9,0,0,0,0.000,0.006
28685,47,69,22,5,15,10,0.017,0.072
28689,60,82,22,11,24,13,0.050,0.189
28690,58,80,22,10,22,12,0.039,0.100
28692,4,13,9,0,0,0,0.000,0.006
28693,4,13,9,0,0,0,0.000,0.006
28694,6,17,11,0,1,1,0.000,0.006
28697,50,71,21,7,17,10,0.017,0.072
28698,2,7,5,0,0,0,0.000,0.006
28701,45,68,23,5,15,10,0.000,0.017
28702,30,52,22,1,7,6,0.011,0.033
28704,34,55,21,2,8,6,0.000,0.017
28705,8,20,12,0,1,1,0.011,0.017
28707,1,7,6,0,0,0,0.011,0.039
28708,26,46,20,2,7,5,0.017,0.050
28709,12,26,14,0,2,2,0.000,0.017
28711,23,41,18,2,5,3,0.000,0.017
28712,40,61,22,5,14,8,0.017,0.050
28713,27,48,21,1,6,5,0.011,0.028
28714,8,21,13,0,1,1,0.000,0.011
28715,30,51,21,2,7,5,0.000,0.017
28716,14,30,16,0,2,2,0.000,0.006
28717,13,28,15,1,3,2,0.011,0.039
28718,29,49,20,3,9,6,0.017,0.050
28719,22,42,20,1,5,4,0.011,0.028
28720,62,84,22,12,26,14,0.072,0.206
28721,16,33,17,0,3,3,0.000,0.006
28722,77,99,22,20,38,18,0.072,0.200
28723,15,31,16,0,3,3,0.011,0.039
28725,33,56,23,1,7,6,0.011,0.039
28726,47,70,23,6,16,10,0.022,0.056
28729,32,52,20,2,8,6,0.022,0.056
28730,23,41,18,1,5,4,0.000,0.017
28731,47,69,22,7,17,10,0.022,0.056
28732,31,52,21,2,7,5,0.022,0.056
28733,14,30,16,0,3,3,0.011,0.033
28734,25,45,20,1,5,4,0.006,0.028
28735,28,48,20,2,7,5,0.022,0.056
28736,8,20,12,0,1,1,0.011,0.039
28739,34,55,21,3,9,6,0.022,0.056
28740,15,32,17,0,3,3,0.000,0.011
28741,17,34,17,1,4,3,0.006,0.028
28742,33,54,21,2,8,6,0.022,0.056
28743,24,42,18,2,7,5,0.000,0.033
28745,20,38,18,1,4,3,0.000,0.006
28746,75,96,21,19,36,17,0.072,0.206
28747,30,51,21,3,10,7,0.017,0.050
28748,34,56,22,2,9,7,0.000,0.017
28749,40,62,22,4,12,8,0.050,0.139
28751,5,15,10,0,1,1,0.000,0.006
28752,61,84,23,12,26,14,0.050,0.139
28753,39,61,22,4,13,9,0.000,0.033
28754,22,38,16,2,6,4,0.000,0.033
28756,76,97,21,20,37,17,0.072,0.200
28757,18,36,18,0,3,3,0.000,0.017
28759,35,57,22,2,9,7,0.022,0.056
28761,69,91,22,16,31,15,0.050,0.139
28762,53,76,23,8,19,11,0.050,0.139
28763,25,46,21,1,5,4,0.006,0.028
28766,31,51,20,2,8,6,0.017,0.050
28768,30,50,20,2,7,5,0.017,0.050
28771,27,49,22,2,7,5,0.011,0.033
28772,35,56,22,4,12,8,0.017,0.050
28773,53,75,22,10,22,12,0.072,0.200
28774,23,42,19,2,7,5,0.011,0.039
28775,11,24,13,0,2,2,0.006,0.028
28777,14,29,15,1,2,1,0.011,0.017
28778,16,32,16,1,3,2,0.000,0.017
28779,22,41,19,1,4,3,0.011,0.039
28781,11,25,14,0,2,2,0.006,0.028
28782,73,95,22,18,34,16,0.072,0.200
28783,15,31,16,0,3,3,0.011,0.039
28785,17,34,17,0,3,3,0.000,0.006
28786,12,26,14,0,2,2,0.000,0.006
28787,32,52,20,2,9,7,0.000,0.017
28789,28,50,22,1,6,5,0.011,0.039
28790,50,72,23,8,20,12,0.022,0.056
28791,36,58,22,3,10,7,0.022,0.056
28792,40,62,22,4,12,8,0.022,0.056
28801,39,61,22,3,11,8,0.000,0.017
28803,30,51,21,2,7,5,0.000,0.017
28804,35,57,22,3,10,7,0.000,0.017
28805,33,54,21,2,8,6,0.000,0.017
28806,39,61,22,3,11,8,0.000,0.017
28901,29,49,20,3,9,6,0.011,0.050
28902,46,70,24,5,15,10,0.006,0.044
28904,37,59,22,3,11,8,0.006,0.044
28905,43,67,24,5,14,9,0.011,0.050
28906,49,74,24,6,17,11,0.011,0.050
28909,44,68,24,5,14,9,0.006,0.044
29001,109,126,17,39,61,22,0.244,0.739
29003,107,125,18,34,57,23,0.289,0.700
29006,99,117,18,31,52,21,0.289,0.683
29009,94,113,19,29,49,20,0.211,0.633
29010,96,115,19,29,49,20,0.294,0.822
29014,89,109,20,26,45,19,0.206,0.394
29015,95,114,19,30,50,20,0.194,0.411
29016,95,114,19,29,49,20,0.289,0.694
29018,109,127,18,35,59,24,0.178,0.550
29020,89,109,20,24,43,19,0.211,0.633
29030,108,126,18,35,59,24,0.233,0.678
29031,92,112,20,29,49,20,0.133,0.278
29032,92,111,19,26,46,20,0.211,0.633
29033,108,125,17,39,61,22,0.289,0.683
29036,96,115,19,30,50,20,0.289,0.683
29037,97,116,19,32,52,20,0.139,0.411
29038,106,125,19,33,56,23,0.178,0.550
29039,106,125,19,33,56,23,0.178,0.550
29040,96,115,19,27,47,20,0.294,0.822
29042,107,125,18,34,57,23,0.289,0.700
29044,102,121,19,31,52,21,0.289,0.694
29045,94,114,20,28,48,20,0.211,0.633
29046,100,119,19,32,53,21,0.294,0.822
29047,108,127,19,36,59,23,0.178,0.550
29048,110,128,18,37,61,24,0.178,0.550
29051,106,123,17,36,58,22,0.294,0.822
29052,107,125,18,36,59,23,0.289,0.694
29053,100,119,19,31,52,21,0.289,0.683
29054,98,116,18,30,50,20,0.289,0.683
29055,90,110,20,26,45,19,0.206,0.394
29056,107,125,18,37,60,23,0.228,0.900
29058,84,105,21,23,41,18,0.228,0.528
29059,111,130,19,37,61,24,0.178,0.550
29061,102,121,19,33,54,21,0.289,0.694
29062,101,120,19,31,52,21,0.294,0.822
29063,101,119,18,34,54,20,0.289,0.694
29065,97,115,18,31,51,20,0.194,0.411
29067,88,108,20,25,43,18,0.228,0.528
29069,100,118,18,32,53,21,0.300,0.806
29070,98,117,19,31,52,21,0.289,0.683
29072,99,117,18,31,52,21,0.289,0.683
29073,100,119,19,32,53,21,0.289,0.683
29074,93,112,19,28,47,19,0.211,0.633
29075,93,112,19,27,47,20,0.139,0.411
29078,90,110,20,25,44,19,0.211,0.633
29079,99,117,18,32,53,21,0.300,0.806
29080,103,121,18,34,55,21,0.294,0.822
29081,113,131,18,39,63,24,0.289,0.700
29082,114,132,18,40,64,24,0.306,0.739
29101,93,113,20,28,48,20,0.278,0.817
29102,110,127,17,40,63,23,0.244,0.739
29104,102,120,18,33,54,21,0.294,0.822
29105,99,118,19,31,52,21,0.156,0.544
29107,105,124,19,33,56,23,0.178,0.550
29108,99,117,18,33,54,21,0.139,0.411
29111,106,124,18,36,58,22,0.244,0.739
29112,104,123,19,33,56,23,0.178,0.550
29113,107,125,18,34,57,23,0.178,0.550
29114,105,122,17,35,57,22,0.317,0.833
29115,105,124,19,33,56,23,0.178,0.550
29117,105,124,19,33,55,22,0.178,0.550
29118,105,123,18,33,56,23,0.178,0.550
29122,97,115,18,31,51,20,0.139,0.411
29123,101,120,19,30,51,21,0.289,0.683
29125,107,125,18,36,58,22,0.244,0.739
29126,96,115,19,30,51,21,0.139,0.411
29127,96,115,19,30,50,20,0.139,0.411
29128,94,114,20,26,46,20,0.294,0.822
29129,100,118,18,32,53,21,0.156,0.544
29130,91,111,20,27,46,19,0.194,0.411
29133,107,126,19,34,57,23,0.178,0.550
29135,103,122,19,32,54,22,0.233,0.678
29137,105,124,19,34,57,23,0.156,0.544
29138,100,118,18,34,55,21,0.172,0.500
29142,109,128,19,36,60,24,0.178,0.550
29145,99,117,18,33,54,21,0.139,0.411
29146,110,129,19,38,62,24,0.178,0.550
29147,101,120,19,33,54,21,0.289,0.694
29148,110,128,18,38,61,23,0.244,0.739
29150,103,121,18,32,54,22,0.294,0.822
29152,95,115,20,26,46,20,0.294,0.822
29153,102,120,18,32,53,21,0.294,0.822
29154,102,121,19,31,53,22,0.294,0.822
29160,102,121,19,32,54,22,0.289,0.683
29161,102,120,18,33,55,22,0.317,0.833
29162,105,123,18,36,58,22,0.244,0.739
29163,110,129,19,37,60,23,0.178,0.550
29164,103,121,18,32,54,22,0.156,0.544
29166,97,116,19,31,51,20,0.172,0.500
29168,103,122,19,31,52,21,0.294,0.822
29169,106,124,18,37,59,22,0.289,0.683
29170,103,121,18,35,56,21,0.289,0.683
29172,104,122,18,35,56,21,0.289,0.683
29175,88,108,20,25,43,18,0.211,0.633
29178,95,114,19,31,52,21,0.139,0.411
29180,93,112,19,29,48,19,0.194,0.411
29201,108,126,18,39,61,22,0.289,0.694
29202,108,126,18,39,61,22,0.289,0.694
29203,104,122,18,36,57,21,0.289,0.694
29204,106,124,18,37,59,22,0.289,0.694
29205,107,125,18,38,59,21,0.289,0.694
29206,104,122,18,35,56,21,0.289,0.694
29207,103,121,18,34,56,22,0.289,0.694
29208,108,126,18,39,61,22,0.289,0.694
29209,105,123,18,35,57,22,0.289,0.694
29210,105,123,18,37,59,22,0.289,0.694
29212,102,120,18,35,56,21,0.289,0.683
29223,99,117,18,31,51,20,0.289,0.694
29225,108,126,18,39,61,22,0.289,0.694
29229,96,115,19,29,49,20,0.289,0.694
29301,82,102,20,22,39,17,0.100,0.228
29302,84,105,21,23,41,18,0.100,0.228
29303,81,102,21,21,39,18,0.100,0.228
29306,85,105,20,23,41,18,0.100,0.228
29307,83,104,21,22,40,18,0.100,0.228
29316,80,100,20,21,38,17,0.100,0.228
29320,81,102,21,21,39,18,0.100,0.228
29321,88,108,20,27,46,19,0.133,0.278
29322,77,98,21,20,37,17,0.100,0.228
29323,79,100,21,21,38,17,0.100,0.228
29324,83,104,21,22,40,18,0.100,0.228
29325,89,109,20,27,46,19,0.106,0.283
29329,83,104,21,22,40,18,0.100,0.228
29330,80,100,20,21,38,17,0.100,0.228
29331,86,106,20,25,43,18,0.100,0.228
29332,94,113,19,29,49,20,0.106,0.283
29333,84,104,20,23,41,18,0.100,0.228
29334,77,97,20,19,36,17,0.100,0.228
29335,85,105,20,24,42,18,0.100,0.228
29338,83,102,19,23,41,18,0.100,0.228
29340,74,95,21,18,33,15,0.094,0.239
29341,75,96,21,18,34,16,0.094,0.239
29346,84,104,20,23,41,18,0.100,0.228
29349,78,98,20,20,37,17,0.100,0.228
29351,91,111,20,28,47,19,0.106,0.283
29353,84,104,20,23,41,18,0.133,0.278
29355,96,114,18,31,51,20,0.106,0.283
29356,68,89,22,16,30,15,0.050,0.133
29360,90,109,19,27,46,19,0.106,0.283
29364,90,110,20,28,47,19,0.133,0.278
29365,75,96,21,19,35,16,0.100,0.228
29368,80,101,21,21,39,18,0.100,0.228
29369,82,103,21,22,39,17,0.100,0.228
29370,92,111,19,28,48,20,0.106,0.283
29372,83,103,20,22,40,18,0.100,0.228
29373,83,103,20,22,40,18,0.100,0.228
29374,83,104,21,23,40,17,0.100,0.228
29375,77,97,20,19,35,16,0.100,0.228
29376,82,103,21,22,39,17,0.100,0.228
29377,78,98,20,20,36,16,0.100,0.228
29378,83,104,21,22,40,18,0.100,0.228
29379,90,110,20,28,47,19,0.133,0.278
29384,91,111,20,28,47,19,0.106,0.283
29385,77,98,21,20,36,16,0.100,0.228
29388,80,101,21,21,38,17,0.100,0.228
29401,91,110,19,22,43,21,0.139,0.522
29403,89,109,20,21,42,21,0.139,0.522
29404,102,120,18,30,53,23,0.139,0.522
29405,95,114,19,24,46,22,0.139,0.522
29406,102,121,19,31,53,22,0.139,0.522
29407,93,112,19,23,45,22,0.139,0.522
29410,102,121,19,31,53,22,0.228,0.933
29412,94,111,17,23,44,21,0.139,0.522
29414,99,117,18,27,50,23,0.139,0.522
29418,103,121,18,31,54,23,0.139,0.522
29420,104,123,19,33,56,23,0.172,0.517
29424,89,109,20,21,42,21,0.139,0.522
29426,109,127,18,37,61,24,0.139,0.522
29429,99,117,18,27,49,22,0.139,0.522
29431,112,129,17,44,68,24,0.228,0.933
29432,109,128,19,35,59,24,0.178,0.550
29434,116,132,16,48,73,25,0.228,0.933
29435,108,126,18,34,57,23,0.306,0.739
29436,109,127,18,38,62,24,0.228,0.933
29437,109,128,19,37,60,23,0.172,0.517
29438,103,118,15,31,55,24,0.139,0.522
29439,97,113,16,27,49,22,0.139,0.522
29440,105,124,19,34,57,23,0.244,0.933
29445,108,125,17,37,60,23,0.228,0.933
29446,114,131,17,42,67,25,0.306,0.739
29448,110,129,19,37,61,24,0.172,0.517
29449,103,120,17,30,54,24,0.139,0.522
29450,106,124,18,35,58,23,0.228,0.933
29451,97,114,17,25,47,22,0.139,0.522
29452,112,129,17,40,65,25,0.306,0.739
29453,110,128,18,40,65,25,0.228,0.933
29455,100,116,16,28,51,23,0.139,0.522
29456,109,127,18,38,62,24,0.172,0.517
29458,104,122,18,32,56,24,0.139,0.522
29461,111,128,17,42,66,24,0.228,0.933
29464,98,116,18,26,49,23,0.139,0.522
29466,98,116,18,26,48,22,0.139,0.522
29468,109,127,18,39,62,23,0.228,0.933
29469,110,127,17,41,65,24,0.228,0.933
29470,104,122,18,32,56,24,0.139,0.522
29471,110,129,19,36,60,24,0.172,0.517
29472,105,124,19,33,56,23,0.172,0.517
29474,111,129,18,37,61,24,0.306,0.739
29475,112,130,18,37,61,24,0.306,0.739
29477,111,129,18,37,61,24,0.172,0.517
29479,110,128,18,41,64,23,0.228,0.933
29481,111,130,19,38,61,23,0.306,0.739
29482,99,115,16,28,51,23,0.139,0.522
29483,106,125,19,35,59,24,0.172,0.517
29485,108,126,18,37,61,24,0.172,0.517
29487,103,118,15,30,54,24,0.139,0.522
29488,111,130,19,36,60,24,0.306,0.739
29492,95,114,19,23,45,22,0.228,0.933
29493,113,131,18,39,63,24,0.306,0.739
29501,100,119,19,32,54,22,0.317,0.833
29505,101,119,18,33,54,21,0.317,0.833
29506,100,119,19,32,53,21,0.317,0.833
29510,107,126,19,37,61,24,0.244,0.933
29511,99,118,19,31,53,22,0.244,0.789
29512,96,115,19,30,51,21,0.206,0.678
29516,98,117,19,31,53,22,0.206,0.678
29518,106,123,17,36,58,22,0.228,0.900
29519,104,122,18,36,58,22,0.239,0.789
29520,93,112,19,29,49,20,0.278,0.817
29525,96,115,19,30,51,21,0.206,0.678
29526,96,114,18,27,49,22,0.244,0.789
29527,100,119,19,31,54,23,0.244,0.789
29530,104,122,18,35,57,22,0.317,0.833
29532,101,120,19,33,54,21,0.300,0.806
29536,97,115,18,31,52,21,0.222,0.700
29540,100,118,18,32,53,21,0.300,0.806
29541,102,121,19,34,56,22,0.317,0.833
29543,101,119,18,34,55,21,0.222,0.700
29544,101,119,18,33,55,22,0.244,0.789
29545,97,116,19,30,51,21,0.244,0.789
29546,104,122,18,35,57,22,0.239,0.789
29547,96,114,18,29,50,21,0.222,0.700
29550,97,116,19,31,52,21,0.300,0.806
29554,103,121,18,34,56,22,0.228,0.900
29555,104,122,18,35,57,22,0.317,0.833
29556,106,124,18,36,59,23,0.228,0.900
29560,104,122,18,34,57,23,0.317,0.833
29563,99,117,18,32,53,21,0.222,0.700
29564,108,126,18,37,61,24,0.228,0.900
29565,100,118,18,32,54,22,0.222,0.700
29566,89,107,18,21,42,21,0.244,0.789
29567,95,114,19,29,50,21,0.222,0.700
29568,90,108,18,23,43,20,0.244,0.789
29569,95,115,20,28,49,21,0.244,0.789
29570,98,116,18,31,52,21,0.206,0.678
29571,105,123,18,36,59,23,0.239,0.789
29572,88,104,16,19,38,19,0.244,0.789
29574,102,121,19,35,57,22,0.239,0.789
29575,90,106,16,21,41,20,0.244,0.789
29576,95,112,17,26,47,21,0.244,0.789
29577,85,102,17,17,35,18,0.244,0.789
29579,86,104,18,18,37,19,0.244,0.789
29580,105,123,18,35,58,23,0.228,0.900
29581,100,119,19,33,54,21,0.244,0.789
29582,89,106,17,21,41,20,0.244,0.789
29583,104,122,18,36,58,22,0.317,0.833
29584,93,113,20,29,49,20,0.278,0.817
29585,99,117,18,29,51,22,0.244,0.933
29588,89,107,18,21,41,20,0.244,0.789
29590,107,125,18,37,60,23,0.228,0.900
29591,104,122,18,34,57,23,0.317,0.833
29592,102,120,18,34,56,22,0.222,0.700
29593,98,117,19,32,53,21,0.300,0.806
29594,96,115,19,30,51,21,0.206,0.678
29596,94,113,19,29,50,21,0.206,0.678
29601,63,86,23,12,25,13,0.050,0.133
29605,66,88,22,14,27,13,0.050,0.133
29607,63,86,23,12,25,13,0.050,0.133
29609,62,84,22,12,24,12,0.050,0.133
29611,66,88,22,14,27,13,0.050,0.133
29613,66,89,23,13,28,15,0.050,0.133
29614,60,82,22,11,22,11,0.050,0.133
29615,65,86,21,13,26,13,0.050,0.133
29617,65,87,22,13,27,14,0.050,0.133
29620,90,110,20,27,46,19,0.078,0.178
29621,85,105,20,24,42,18,0.061,0.122
29624,84,105,21,23,42,19,0.061,0.122
29625,84,104,20,23,42,19,0.061,0.122
29626,84,104,20,23,41,18,0.061,0.122
29627,81,102,21,21,39,18,0.061,0.122
29628,93,112,19,30,49,19,0.078,0.178
29630,81,101,20,22,40,18,0.044,0.100
29631,82,102,20,23,41,18,0.044,0.100
29634,83,103,20,23,42,19,0.044,0.100
29635,61,84,23,12,26,14,0.050,0.133
29638,86,106,20,24,42,18,0.078,0.178
29639,87,107,20,24,43,19,0.078,0.178
29640,73,95,22,18,34,16,0.044,0.100
29642,74,95,21,18,34,16,0.044,0.100
29643,84,105,21,23,42,19,0.050,0.100
29644,78,98,20,19,36,17,0.050,0.133
29645,83,103,20,23,40,17,0.106,0.283
29646,89,109,20,25,44,19,0.172,0.422
29649,88,108,20,25,44,19,0.172,0.422
29650,71,92,21,17,31,14,0.050,0.133
29651,73,94,21,18,33,15,0.050,0.133
29653,88,108,20,25,44,19,0.172,0.422
29654,83,103,20,22,40,18,0.061,0.122
29655,86,107,21,24,43,19,0.061,0.122
29657,78,99,21,21,38,17,0.044,0.100
29658,62,85,23,12,26,14,0.050,0.100
29659,89,109,20,26,45,19,0.078,0.178
29661,62,85,22,13,27,14,0.050,0.133
29662,66,88,22,14,27,13,0.050,0.133
29664,59,83,24,12,25,13,0.050,0.100
29665,78,100,22,20,37,17,0.050,0.100
29666,94,113,19,29,49,20,0.172,0.422
29667,80,101,21,22,40,18,0.044,0.100
29669,79,100,21,21,38,17,0.061,0.122
29670,82,103,21,23,41,18,0.061,0.122
29671,75,97,22,19,36,17,0.044,0.100
29672,78,100,22,20,38,18,0.050,0.100
29673,74,95,21,18,34,16,0.050,0.133
29676,77,99,22,19,37,18,0.050,0.100
29678,79,101,22,20,38,18,0.050,0.100
29680,73,94,21,17,32,15,0.050,0.133
29681,72,94,22,17,32,15,0.050,0.133
29682,77,98,21,20,37,17,0.044,0.100
29683,70,92,22,16,31,15,0.050,0.133
29684,83,104,21,22,40,18,0.061,0.122
29685,48,68,20,10,20,11,0.044,0.100
29686,70,92,22,15,31,16,0.050,0.100
29687,69,90,21,15,30,15,0.050,0.133
29689,84,105,21,24,42,18,0.061,0.122
29690,61,84,22,12,25,12,0.050,0.133
29691,74,96,22,17,34,17,0.050,0.100
29692,88,108,20,26,44,18,0.172,0.422
29693,79,101,22,20,38,18,0.050,0.100
29696,76,98,22,18,35,17,0.050,0.100
29697,80,101,21,21,39,18,0.061,0.122
29702,71,92,21,16,31,15,0.094,0.239
29704,84,104,20,23,41,18,0.189,0.383
29706,86,106,20,25,43,18,0.206,0.394
29707,82,102,20,22,39,17,0.228,0.528
29708,81,101,20,22,39,17,0.189,0.383
29709,95,113,18,30,50,20,0.278,0.817
29710,78,98,20,20,36,16,0.189,0.383
29712,85,104,19,24,41,17,0.206,0.394
29714,86,106,20,24,42,18,0.206,0.394
29715,82,102,20,22,40,18,0.189,0.383
29717,78,98,20,19,36,17,0.189,0.383
29718,92,112,20,29,48,19,0.278,0.817
29720,85,105,20,23,42,19,0.228,0.528
29724,85,105,20,24,42,18,,
29726,83,103,20,23,40,17,0.189,0.383
29727,91,111,20,28,48,20,0.278,0.817
29728,91,111,20,28,48,20,0.278,0.817
29729,86,106,20,24,42,18,0.206,0.394
29730,84,103,19,23,41,18,0.189,0.383
29732,83,103,20,23,41,18,0.189,0.383
29733,84,104,20,24,42,18,0.189,0.383
29741,92,111,19,29,48,19,0.278,0.817
29742,83,103,20,23,41,18,0.189,0.383
29743,75,96,21,18,34,16,0.189,0.383
29745,80,100,20,21,38,17,0.189,0.383
29801,109,127,18,38,61,23,0.156,0.544
29803,109,128,19,38,61,23,0.156,0.544
29805,108,126,18,38,60,22,0.156,0.544
29809,111,129,18,40,64,24,0.156,0.544
29810,113,131,18,40,64,24,0.256,0.750
29812,113,131,18,40,64,24,0.206,0.622
29816,106,124,18,34,56,22,0.156,0.544
29817,111,130,19,38,62,24,0.206,0.622
29819,93,112,19,27,47,20,0.172,0.422
29821,105,123,18,35,57,22,0.122,0.311
29824,98,117,19,31,52,21,0.178,0.456
29826,113,131,18,39,64,25,0.206,0.622
29827,114,132,18,40,64,24,0.256,0.750
29828,108,126,18,36,59,23,0.156,0.544
29829,108,126,18,37,60,23,0.156,0.544
29831,111,129,18,39,62,23,0.156,0.544
29832,96,115,19,29,50,21,0.178,0.456
29834,107,125,18,34,57,23,0.156,0.544
29835,97,116,19,30,51,21,0.122,0.311
29836,113,131,18,40,64,24,0.256,0.750
29838,104,122,18,36,57,21,0.122,0.311
29840,94,113,19,29,49,20,0.122,0.311
29841,106,124,18,34,56,22,0.156,0.544
29842,107,126,19,35,58,23,0.156,0.544
29843,111,129,18,38,62,24,0.289,0.700
29844,104,122,18,36,57,21,0.122,0.311
29845,100,119,19,33,54,21,0.122,0.311
29847,99,118,19,31,52,21,0.178,0.456
29848,95,114,19,29,49,20,0.172,0.422
29849,113,131,18,40,64,24,0.256,0.750
29850,107,125,18,36,59,23,0.156,0.544
29851,108,126,18,36,59,23,0.156,0.544
29853,112,130,18,39,63,24,0.206,0.622
29856,109,128,19,37,61,24,0.156,0.544
29860,100,118,18,29,50,21,0.178,0.456
29899,97,117,20,31,51,20,0.122,0.311
29902,107,124,17,33,58,25,0.189,0.617
29906,107,125,18,33,58,25,0.189,0.617
29907,107,123,16,33,58,25,0.189,0.617
29909,108,126,18,34,59,25,0.189,0.617
29910,106,124,18,31,55,24,0.189,0.617
29911,115,133,18,41,65,24,0.300,0.783
29912,111,129,18,38,62,24,0.211,0.683
29915,105,122,17,29,54,25,0.189,0.617
29916,120,137,17,47,73,26,0.300,0.783
29918,115,133,18,40,65,25,0.300,0.783
29920,104,119,15,31,56,25,0.189,0.617
29921,114,133,19,39,64,25,0.300,0.783
29922,117,135,18,44,69,25,0.300,0.783
29923,114,132,18,40,64,24,0.300,0.783
29924,115,133,18,40,65,25,0.300,0.783
29926,103,120,17,29,53,24,0.189,0.617
29927,114,131,17,41,66,25,0.211,0.683
29928,103,120,17,29,53,24,0.189,0.617
29929,114,132,18,39,64,25,0.306,0.739
29932,115,133,18,41,65,24,0.300,0.783
29934,116,134,18,42,68,26,0.211,0.683
29935,107,124,17,33,58,25,0.189,0.617
29936,113,131,18,40,65,25,0.211,0.683
29939,117,134,17,43,68,25,0.300,0.783
29940,108,126,18,36,60,24,0.189,0.617
29941,111,129,18,38,63,25,0.189,0.617
29943,118,136,18,44,69,25,0.211,0.683
29944,115,133,18,40,65,25,0.300,0.783
29945,118,135,17,45,71,26,0.306,0.739
30002,79,102,23,18,36,18,0.033,0.139
30004,63,87,24,11,24,13,0.022,0.106
30005,63,87,24,11,25,14,0.022,0.106
30008,71,95,24,14,29,15,0.033,0.172
30009,62,86,24,11,24,13,0.022,0.106
30011,76,99,23,18,34,16,0.050,0.150
30012,86,108,22,22,41,19,0.056,0.206
30013,89,110,21,24,43,19,0.056,0.206
30014,92,113,21,26,46,20,0.061,0.228
30016,93,114,21,27,48,21,0.061,0.228
30017,75,98,23,16,32,16,0.039,0.144
30019,74,97,23,17,32,15,0.039,0.144
30021,78,100,22,18,34,16,0.033,0.139
30022,66,90,24,13,27,14,0.022,0.106
30024,70,94,24,15,30,15,0.039,0.144
30025,88,109,21,24,42,18,0.044,0.150
30028,59,83,24,10,22,12,0.022,0.111
30030,78,101,23,17,34,17,0.033,0.139
30032,83,105,22,21,39,18,0.033,0.139
30033,75,98,23,16,32,16,0.033,0.139
30034,87,109,22,23,42,19,0.033,0.139
30035,85,106,21,22,40,18,0.033,0.139
30038,89,110,21,24,43,19,0.033,0.139
30039,81,103,22,19,37,18,0.039,0.144
30040,62,86,24,11,24,13,0.022,0.111
30041,65,89,24,12,26,14,0.022,0.111
30043,71,94,23,15,30,15,0.039,0.144
30044,75,98,23,17,33,16,0.039,0.144
30045,76,99,23,17,33,16,0.039,0.144
30046,73,96,23,16,31,15,0.039,0.144
30047,77,99,22,17,34,17,0.039,0.144
30052,80,102,22,19,36,17,0.044,0.150
30054,88,109,21,23,42,19,0.061,0.228
30055,94,115,21,28,48,20,0.083,0.261
30056,95,115,20,28,49,21,0.083,0.261
30058,84,106,22,21,39,18,0.033,0.139
30060,71,95,24,14,29,15,0.033,0.172
30062,69,93,24,13,28,15,0.033,0.172
30064,73,97,24,15,31,16,0.033,0.172
30066,68,92,24,13,27,14,0.033,0.172
30067,73,96,23,15,31,16,0.033,0.172
30068,70,94,24,14,29,15,0.033,0.172
30070,93,114,21,27,48,21,0.061,0.228
30071,70,94,24,14,29,15,0.039,0.144
30072,79,101,22,18,35,17,0.033,0.139
30075,65,89,24,12,25,13,0.022,0.106
30076,65,89,24,12,26,14,0.022,0.106
30078,75,98,23,16,32,16,0.039,0.144
30079,78,101,23,18,35,17,0.033,0.139
30080,77,100,23,17,33,16,0.033,0.172
30082,76,100,24,16,33,17,0.033,0.172
30083,79,102,23,18,35,17,0.033,0.139
30084,72,96,24,15,30,15,0.033,0.139
30087,81,103,22,20,37,17,0.033,0.139
30088,82,104,22,20,38,18,0.033,0.139
30092,67,91,24,13,27,14,0.039,0.144
30093,73,96,23,15,31,16,0.039,0.144
30094,90,111,21,24,44,20,0.056,0.206
30096,71,95,24,15,30,15,0.039,0.144
30097,70,93,23,15,30,15,0.039,0.144
30101,79,101,22,18,35,17,0.033,0.172
30102,74,97,23,16,32,16,0.028,0.144
30103,78,101,23,19,36,17,0.072,0.294
30104,84,106,22,22,40,18,0.067,0.294
30105,85,105,20,24,42,18,0.056,0.256
30106,75,99,24,16,32,16,0.033,0.172
30107,60,84,24,10,22,12,0.028,0.144
30108,80,103,23,17,34,17,0.022,0.133
30110,70,94,24,12,27,15,0.017,0.117
30113,72,96,24,14,29,15,0.017,0.117
30114,67,91,24,12,27,15,0.028,0.144
30115,66,90,24,12,26,14,0.028,0.144
30116,78,101,23,16,33,17,0.022,0.133
30117,77,101,24,16,33,17,0.022,0.133
30118,78,102,24,17,34,17,0.022,0.133
30120,85,107,22,23,42,19,0.072,0.294
30121,82,104,22,21,39,18,0.072,0.294
30122,80,103,23,18,35,17,0.022,0.083
30124,87,108,21,24,43,19,0.056,0.256
30125,85,106,21,22,40,18,0.067,0.294
30126,78,101,23,17,34,17,0.033,0.172
30127,79,102,23,18,35,17,0.033,0.172
30132,80,102,22,19,36,17,0.044,0.239
30134,77,100,23,16,33,17,0.022,0.083
30135,83,105,22,19,38,19,0.022,0.083
30137,83,105,22,22,40,18,0.072,0.294
30139,72,95,23,15,31,16,0.044,0.217
30141,80,103,23,18,36,18,0.044,0.239
30143,49,73,24,7,17,10,0.017,0.094
30144,74,97,23,15,31,16,0.033,0.172
30145,84,106,22,23,41,18,0.072,0.294
30147,81,103,22,20,37,17,0.056,0.256
30148,51,75,24,7,17,10,0.017,0.094
30149,83,104,21,23,41,18,0.056,0.256
30152,73,97,24,15,31,16,0.033,0.172
30153,78,100,22,18,34,16,0.067,0.294
30157,77,100,23,17,34,17,0.044,0.239
30161,81,103,22,21,38,17,0.056,0.256
30165,88,108,20,26,45,19,0.056,0.256
30168,78,101,23,17,33,16,0.033,0.172
30170,82,105,23,19,36,17,0.022,0.133
30171,72,95,23,15,31,16,0.072,0.294
30173,82,103,21,20,38,18,0.056,0.256
30175,54,78,24,8,20,12,0.017,0.094
30176,74,97,23,15,31,16,0.017,0.117
30177,58,82,24,9,21,12,0.017,0.094
30178,85,106,21,23,41,18,0.072,0.294
30179,74,98,24,14,30,16,0.022,0.133
30180,75,99,24,15,31,16,0.022,0.133
30182,72,96,24,14,29,15,0.017,0.117
30183,62,87,25,10,24,14,0.028,0.144
30184,77,99,22,17,34,17,0.072,0.294
30185,90,112,22,23,43,20,0.022,0.133
30187,79,102,23,17,34,17,0.022,0.083
30188,69,93,24,13,28,15,0.028,0.144
30189,74,97,23,16,32,16,0.028,0.144
30204,100,120,20,32,54,22,0.144,0.472
30205,93,114,21,26,47,21,0.039,0.117
30206,99,118,19,31,53,22,0.144,0.472
30213,83,106,23,20,38,18,0.022,0.106
30214,89,110,21,24,43,19,0.039,0.117
30215,90,111,21,24,44,20,0.039,0.117
30216,103,123,20,34,57,23,0.111,0.311
30217,95,115,20,26,47,21,0.056,0.211
30218,99,118,19,30,52,22,0.056,0.211
30220,94,115,21,26,47,21,0.033,0.178
30222,98,118,20,30,51,21,0.056,0.211
30223,89,110,21,24,43,19,0.089,0.206
30224,92,113,21,26,46,20,0.089,0.206
30228,89,110,21,24,43,19,0.072,0.228
30230,97,117,20,28,49,21,0.078,0.250
30233,100,120,20,32,54,22,0.111,0.311
30234,97,117,20,29,51,22,0.111,0.311
30236,91,112,21,26,46,20,0.033,0.139
30238,90,111,21,25,44,19,0.033,0.139
30240,97,116,19,28,49,21,0.078,0.250
30241,95,115,20,26,47,21,0.078,0.250
30248,95,116,21,28,49,21,0.072,0.228
30250,88,109,21,23,42,19,0.033,0.139
30251,95,116,21,27,48,21,0.056,0.211
30252,95,115,20,29,50,21,0.072,0.228
30253,90,112,22,26,45,19,0.072,0.228
30256,104,124,20,36,60,24,0.144,0.472
30257,99,119,20,31,53,22,0.144,0.472
30258,100,120,20,32,54,22,0.144,0.472
30259,92,114,22,25,45,20,0.033,0.178
30260,90,111,21,25,45,20,0.033,0.139
30263,89,111,22,22,42,20,0.033,0.178
30265,90,111,21,23,43,20,0.033,0.178
30268,85,108,23,20,39,19,0.022,0.106
30269,90,112,22,24,44,20,0.039,0.117
30273,92,113,21,27,47,20,0.033,0.139
30274,89,110,21,24,44,20,0.033,0.139
30275,91,112,21,23,43,20,0.033,0.178
30276,94,114,20,26,47,21,0.033,0.178
30277,89,111,22,23,43,20,0.033,0.178
30281,92,113,21,27,47,20,0.072,0.228
30284,87,109,22,22,41,19,0.089,0.206
30285,106,125,19,38,61,23,0.122,0.406
30286,109,128,19,39,63,24,0.122,0.406
30288,87,108,21,23,42,19,0.033,0.139
30289,90,111,21,23,43,20,0.033,0.178
30290,86,108,22,21,40,19,0.039,0.117
30291,83,105,22,19,38,19,0.022,0.106
30292,93,113,20,26,47,21,0.144,0.472
30293,99,119,20,30,52,22,0.056,0.211
30294,89,110,21,24,43,19,0.033,0.139
30295,99,119,20,32,54,22,0.144,0.472
30296,87,109,22,23,42,19,0.033,0.139
30297,85,107,22,22,40,18,0.033,0.139
30303,78,101,23,17,34,17,0.022,0.106
30305,80,102,22,18,35,17,0.022,0.106
30306,77,100,23,17,34,17,0.022,0.106
30307,78,101,23,18,34,16,0.033,0.139
30308,78,101,23,17,34,17,0.022,0.106
30309,78,101,23,17,34,17,0.022,0.106
30310,80,102,22,18,35,17,0.022,0.106
30311,78,101,23,17,34,17,0.022,0.106
30312,79,102,23,18,35,17,0.022,0.106
30313,78,100,22,17,34,17,0.022,0.106
30314,77,100,23,17,33,16,0.022,0.106
30315,82,104,22,20,37,17,0.022,0.106
30316,83,105,22,20,38,18,0.033,0.139
30317,79,102,23,18,35,17,0.033,0.139
30318,79,101,22,17,34,17,0.022,0.106
30319,74,97,23,15,31,16,0.033,0.139
30322,77,99,22,17,33,16,0.033,0.139
30324,78,100,22,17,34,17,0.022,0.106
30326,79,102,23,18,35,17,0.022,0.106
30327,77,100,23,17,34,17,0.022,0.106
30328,68,92,24,13,27,14,0.022,0.106
30329,76,99,23,16,32,16,0.033,0.139
30331,81,103,22,18,35,17,0.022,0.106
30332,78,101,23,17,34,17,0.022,0.106
30334,79,101,22,18,35,17,0.022,0.106
30336,82,104,22,19,36,17,0.022,0.106
30337,78,100,22,17,34,17,0.022,0.106
30338,66,90,24,12,26,14,0.033,0.139
30339,79,102,23,18,35,17,0.033,0.172
30340,69,93,24,13,28,15,0.033,0.139
30341,71,94,23,14,29,15,0.033,0.139
30342,74,97,23,15,31,16,0.022,0.106
30344,78,101,23,17,34,17,0.022,0.106
30345,73,96,23,15,31,16,0.033,0.139
30346,68,92,24,13,27,14,0.033,0.139
30349,83,105,22,19,37,18,0.022,0.106
30350,66,90,24,12,26,14,0.022,0.106
30354,83,104,21,20,37,17,0.022,0.106
30360,67,91,24,13,27,14,0.033,0.139
30363,78,101,23,17,34,17,0.022,0.106
30401,117,136,19,43,68,25,0.144,0.461
30410,118,137,19,41,66,25,0.089,0.333
30411,119,138,19,43,69,26,0.133,0.339
30412,119,138,19,42,68,26,0.089,0.333
30413,112,130,18,38,62,24,0.078,0.267
30415,122,139,17,50,75,25,0.317,1.067
30417,119,136,17,45,70,25,0.244,0.633
30420,121,139,18,46,71,25,0.244,0.633
30421,118,136,18,43,68,25,0.244,0.633
30423,120,138,18,46,72,26,0.244,0.633
30425,117,135,18,44,69,25,0.144,0.461
30426,115,133,18,42,66,24,0.183,0.544
30427,122,139,17,46,72,26,0.244,0.633
30428,120,139,19,44,70,26,0.133,0.339
30429,118,136,18,43,68,25,0.244,0.633
30434,112,131,19,39,62,23,0.078,0.267
30436,120,137,17,43,68,25,0.150,0.372
30438,117,135,18,41,66,25,0.244,0.633
30439,125,142,17,51,77,26,0.183,0.572
30441,114,133,19,41,65,24,0.144,0.461
30442,119,137,18,46,71,25,0.211,0.739
30445,120,138,18,43,68,25,0.089,0.333
30446,119,137,18,47,73,26,0.289,0.956
30448,119,137,18,44,70,26,0.144,0.461
30449,121,138,17,50,75,25,0.289,0.956
30450,121,139,18,49,74,25,0.317,1.067
30451,123,141,18,50,76,26,0.183,0.572
30452,123,140,17,50,76,26,0.317,1.067
30453,120,137,17,43,68,25,0.244,0.633
30454,118,137,19,44,69,25,0.139,0.356
30455,118,136,18,47,71,24,0.289,0.956
30456,114,133,19,41,65,24,0.183,0.544
30457,117,136,19,41,66,25,0.061,0.278
30458,122,140,18,51,77,26,0.317,1.067
30460,122,139,17,51,76,25,0.317,1.067
30461,122,140,18,53,78,25,0.317,1.067
30464,123,141,18,48,74,26,0.144,0.461
30467,116,134,18,44,68,24,0.289,0.956
30470,117,135,18,40,65,25,0.089,0.333
30471,120,138,18,46,71,25,0.144,0.461
30473,121,139,18,44,70,26,0.150,0.372
30474,117,136,19,40,65,25,0.150,0.372
30475,117,135,18,39,64,25,,
30477,113,132,19,40,64,24,0.078,0.267
30501,59,83,24,10,22,12,0.039,0.144
30504,59,84,25,10,22,12,0.039,0.144
30506,63,87,24,11,25,14,0.039,0.144
30507,69,93,24,14,29,15,0.039,0.144
30510,61,85,24,11,24,13,0.011,0.083
30511,68,91,23,14,29,15,0.039,0.128
30512,37,60,23,3,11,8,0.011,0.039
30513,50,74,24,6,17,11,0.017,0.094
30516,77,99,22,19,36,17,0.072,0.122
30517,78,101,23,19,36,17,0.056,0.150
30518,68,91,23,14,28,14,0.039,0.144
30519,69,92,23,14,29,15,0.039,0.144
30520,79,101,22,20,37,17,0.056,0.122
30521,83,104,21,23,41,18,0.056,0.122
30522,43,66,23,5,14,9,0.017,0.094
30523,53,77,24,8,19,11,0.011,0.083
30525,44,67,23,5,15,10,0.006,0.061
30527,53,78,25,8,19,11,0.039,0.144
30528,49,73,24,6,16,10,0.000,0.033
30529,76,99,23,18,35,17,0.056,0.150
30530,80,101,21,21,38,17,0.039,0.128
30531,55,79,24,9,20,11,0.011,0.083
30533,52,77,25,7,18,11,0.011,0.056
30534,56,81,25,9,21,12,0.011,0.061
30535,52,76,24,8,18,10,0.011,0.083
30536,44,67,23,5,14,9,0.017,0.094
30537,18,35,17,1,4,3,0.006,0.061
30538,79,101,22,20,37,17,0.044,0.106
30540,59,83,24,10,23,13,0.017,0.094
30541,50,74,24,7,18,11,0.017,0.094
30542,69,92,23,14,29,15,0.039,0.144
30543,74,97,23,17,33,16,0.039,0.144
30545,54,78,24,8,19,11,0.000,0.033
30546,32,54,22,2,9,7,0.000,0.033
30547,77,99,22,19,35,16,0.039,0.128
30548,79,102,23,20,37,17,0.056,0.150
30549,83,104,21,22,40,18,0.056,0.150
30552,50,73,23,8,18,10,0.006,0.061
30553,82,103,21,21,39,18,0.056,0.122
30554,65,88,23,12,26,14,0.039,0.144
30555,58,83,25,9,22,13,0.017,0.094
30557,83,104,21,22,41,19,0.044,0.106
30558,76,98,22,18,35,17,0.056,0.150
30559,54,79,25,8,20,12,0.017,0.094
30560,46,70,24,5,15,10,0.017,0.094
30562,34,56,22,3,10,7,0.006,0.061
30563,59,83,24,11,23,12,0.011,0.083
30564,57,81,24,9,21,12,0.039,0.144
30565,84,105,21,22,41,19,0.056,0.150
30566,60,85,25,10,23,13,0.039,0.144
30567,78,100,22,19,36,17,0.056,0.150
30568,29,50,21,2,7,5,0.006,0.061
30571,52,77,25,7,18,11,0.000,0.033
30572,30,51,21,2,8,6,0.011,0.039
30573,58,82,24,11,24,13,0.006,0.061
30575,77,99,22,18,35,17,0.056,0.150
30576,43,67,24,5,14,9,0.006,0.061
30577,78,100,22,19,36,17,0.044,0.106
30581,51,75,24,8,19,11,0.006,0.061
30582,34,56,22,3,9,6,0.000,0.033
30601,87,107,20,24,43,19,0.061,0.144
30602,88,109,21,25,44,19,0.061,0.144
30605,89,109,20,26,44,18,0.061,0.144
30606,89,109,20,26,45,19,0.061,0.144
30607,88,108,20,25,44,19,0.061,0.144
30609,88,108,20,25,44,19,0.061,0.144
30619,89,109,20,25,45,20,0.100,0.200
30620,83,105,22,22,40,18,0.050,0.150
30621,90,110,20,25,45,20,0.061,0.189
30622,89,109,20,25,44,19,0.061,0.189
30623,90,110,20,25,45,20,0.039,0.167
30624,83,104,21,22,40,18,0.094,0.172
30625,99,119,20,32,53,21,0.039,0.167
30627,90,109,19,26,45,19,0.100,0.200
30628,87,107,20,25,43,18,0.100,0.172
30629,87,108,21,25,44,19,0.100,0.172
30630,88,108,20,24,43,19,0.100,0.200
30631,96,115,19,28,49,21,0.061,0.156
30633,84,105,21,23,42,19,0.100,0.172
30634,79,101,22,19,36,17,0.094,0.172
30635,83,104,21,22,39,17,0.094,0.172
30641,89,110,21,25,44,19,0.044,0.150
30642,98,118,20,31,53,22,0.061,0.183
30643,81,102,21,21,39,18,0.072,0.122
30646,83,104,21,22,40,18,0.100,0.172
30648,90,110,20,26,46,20,0.100,0.200
30650,95,115,20,29,50,21,0.039,0.167
30655,85,107,22,23,41,18,0.044,0.150
30656,84,105,21,22,40,18,0.044,0.150
30660,94,114,20,29,50,21,0.100,0.217
30662,81,103,22,21,39,18,0.056,0.122
30663,92,112,20,26,46,20,0.039,0.167
30664,95,115,20,27,47,20,0.061,0.156
30665,94,113,19,28,47,19,0.061,0.183
30666,85,106,21,23,42,19,0.050,0.150
30667,91,111,20,26,46,20,0.100,0.200
30668,95,115,20,30,51,21,0.100,0.217
30669,94,114,20,28,48,20,0.061,0.183
30673,95,114,19,29,49,20,0.100,0.217
30677,90,110,20,26,45,19,0.061,0.189
30678,97,116,19,29,49,20,0.061,0.183
30680,82,104,22,22,39,17,0.050,0.150
30683,86,106,20,23,42,19,0.061,0.144
30701,84,105,21,24,42,18,0.044,0.217
30705,82,103,21,23,42,19,0.044,0.233
30707,78,99,21,21,39,18,0.033,0.133
30708,69,92,23,16,32,16,0.044,0.233
30710,82,103,21,23,42,19,0.044,0.233
30711,77,99,22,20,38,18,0.044,0.233
30720,86,107,21,25,45,20,0.044,0.233
30721,87,108,21,26,47,21,0.044,0.233
30725,73,95,22,18,35,17,0.033,0.133
30726,76,97,21,19,36,17,0.033,0.144
30728,76,98,22,20,37,17,0.033,0.133
30730,87,107,20,25,45,20,0.039,0.200
30731,75,96,21,21,38,17,0.039,0.200
30733,82,103,21,22,40,18,0.044,0.217
30734,71,94,23,15,31,16,0.044,0.217
30735,86,107,21,25,45,20,0.044,0.217
30736,76,98,22,19,37,18,0.033,0.144
30738,59,81,22,13,27,14,0.022,0.122
30739,76,98,22,19,36,17,0.033,0.133
30740,77,99,22,20,38,18,0.044,0.233
30741,77,98,21,20,38,18,0.033,0.133
30742,80,101,21,23,41,18,0.033,0.144
30746,86,106,20,25,44,19,0.044,0.217
30747,84,104,20,24,42,18,0.039,0.200
30750,64,86,22,15,30,15,0.033,0.133
30751,75,97,22,19,36,17,0.044,0.233
30752,66,89,23,16,32,16,0.022,0.122
30753,81,102,21,22,41,19,0.039,0.200
30755,78,100,22,20,38,18,0.044,0.233
30756,80,102,22,21,40,19,0.044,0.233
30757,59,82,23,13,28,15,0.022,0.122
30802,97,116,19,28,49,21,0.078,0.222
30803,105,123,18,33,55,22,0.078,0.267
30805,101,120,19,30,51,21,0.117,0.372
30807,94,114,20,25,46,21,0.039,0.150
30808,98,117,19,28,49,21,0.044,0.139
30809,101,119,18,31,52,21,0.078,0.222
30810,102,121,19,31,52,21,0.061,0.167
30812,105,124,19,34,56,22,0.117,0.372
30813,96,115,19,26,47,21,0.078,0.222
30814,95,115,20,26,47,21,0.078,0.222
30815,103,121,18,31,53,22,0.117,0.372
30816,105,124,19,33,55,22,0.183,0.544
30817,98,117,19,30,51,21,0.067,0.194
30818,103,122,19,32,53,21,0.078,0.267
30820,101,120,19,31,52,21,0.061,0.167
30821,95,114,19,26,47,21,0.039,0.150
30822,116,134,18,42,66,24,0.211,0.739
30823,103,122,19,31,53,22,0.078,0.267
30824,95,115,20,27,47,20,0.044,0.139
30828,96,116,20,28,48,20,0.039,0.150
30830,108,126,18,35,58,23,0.183,0.544
30833,104,122,18,32,54,22,0.078,0.267
30901,108,126,18,37,59,22,0.117,0.372
30903,95,114,19,25,45,20,0.117,0.372
30904,105,124,19,34,56,22,0.117,0.372
30905,98,117,19,27,48,21,0.117,0.372
30906,104,123,19,33,55,22,0.117,0.372
30907,98,117,19,27,47,20,0.078,0.222
30909,98,117,19,27,47,20,0.117,0.372
30912,107,125,18,36,58,22,0.117,0.372
31001,121,139,18,45,72,27,0.089,0.339
31002,116,135,19,41,66,25,0.144,0.461
31003,114,132,18,40,65,25,0.161,0.444
31005,114,133,19,41,66,25,0.083,0.328
31006,107,127,20,34,57,23,0.072,0.294
31007,120,138,18,45,71,26,0.256,0.700
31008,107,126,19,34,57,23,0.072,0.294
31009,118,136,18,44,70,26,0.139,0.356
31011,119,137,18,44,69,25,0.156,0.350
31012,117,135,18,43,68,25,0.156,0.350
31014,116,134,18,41,67,26,0.067,0.272
31015,125,143,18,50,77,27,0.250,0.700
31016,107,126,19,36,59,23,0.111,0.328
31017,113,131,18,39,64,25,0.067,0.278
31018,107,125,18,34,57,23,0.139,0.389
31019,118,136,18,45,70,25,0.139,0.356
31020,111,130,19,38,62,24,0.067,0.278
31021,119,137,18,47,72,25,0.139,0.356
31022,117,135,18,44,69,25,0.139,0.356
31023,119,137,18,44,71,27,0.156,0.350
31024,103,122,19,34,56,22,0.056,0.194
31025,114,132,18,38,63,25,0.083,0.328
31027,118,136,18,46,71,25,0.139,0.356
31028,110,128,18,35,59,24,0.083,0.328
31029,104,123,19,33,55,22,0.111,0.328
31030,109,129,20,35,59,24,0.072,0.294
31031,114,133,19,42,67,25,0.161,0.444
31032,105,124,19,33,56,23,0.078,0.289
31033,106,125,19,35,57,22,0.078,0.289
31035,106,125,19,34,57,23,0.139,0.389
31036,118,136,18,43,69,26,0.083,0.311
31037,120,138,18,44,70,26,0.156,0.350
31038,102,121,19,32,54,22,0.083,0.261
31039,106,126,20,33,57,24,0.072,0.294
31041,114,133,19,39,65,26,0.178,0.494
31042,116,135,19,44,68,24,0.161,0.444
31044,111,130,19,37,61,24,0.067,0.278
31045,101,120,19,31,53,22,0.039,0.150
31046,108,127,19,36,59,23,0.111,0.328
31047,114,133,19,40,65,25,0.083,0.328
31049,116,134,18,42,66,24,0.083,0.328
31050,106,125,19,33,56,23,0.083,0.300
31051,123,142,19,49,76,27,0.256,0.700
31052,109,128,19,36,59,23,0.072,0.294
31054,116,134,18,44,68,24,0.161,0.444
31055,120,138,18,43,68,25,0.156,0.350
31057,112,132,20,37,62,25,0.178,0.494
31058,103,123,20,30,52,22,0.050,0.206
31060,119,137,18,42,68,26,0.156,0.350
31061,109,127,18,39,62,23,0.161,0.444
31062,113,130,17,42,67,25,0.161,0.444
31063,117,136,19,43,68,25,0.178,0.494
31064,99,119,20,31,52,21,0.083,0.261
31065,115,133,18,42,67,25,0.139,0.356
31066,107,126,19,34,57,23,0.083,0.300
31067,112,130,18,39,63,24,0.139,0.389
31068,117,136,19,42,68,26,0.178,0.494
31069,114,133,19,40,65,25,0.083,0.328
31070,119,137,18,44,70,26,0.256,0.700
31071,120,138,18,45,72,27,0.089,0.339
31072,119,137,18,43,69,26,0.089,0.339
31075,118,136,18,45,70,25,0.139,0.356
31076,113,132,19,39,64,25,0.072,0.294
31077,121,139,18,44,70,26,0.156,0.350
31078,109,128,19,36,60,24,0.083,0.300
31079,119,137,18,43,69,26,0.089,0.339
31081,112,131,19,38,63,25,0.072,0.294
31082,99,118,19,29,49,20,0.139,0.389
31083,119,137,18,42,67,25,0.156,0.350
31084,120,137,17,44,70,26,,
31085,98,119,21,31,53,22,0.083,0.261
31087,102,121,19,32,54,22,0.100,0.289
31088,113,131,18,39,63,24,0.083,0.328
31089,101,121,20,31,52,21,0.139,0.389
31090,116,134,18,43,68,25,0.161,0.444
31091,117,136,19,42,68,26,0.256,0.700
31092,124,142,18,50,76,26,0.256,0.700
31093,112,130,18,38,62,24,0.083,0.328
31094,98,118,20,28,48,20,0.139,0.389
31096,113,132,19,40,64,24,0.083,0.328
31097,105,125,20,36,59,23,0.122,0.406
31098,115,134,19,42,67,25,0.083,0.328
31201,113,132,19,40,65,25,0.072,0.294
31204,111,130,19,38,62,24,0.072,0.294
31206,113,132,19,40,64,24,0.072,0.294
31207,111,130,19,38,61,23,0.072,0.294
31210,109,127,18,36,59,23,0.072,0.294
31211,110,129,19,37,61,24,0.072,0.294
31213,115,134,19,42,67,25,0.072,0.294
31216,112,131,19,38,63,25,0.072,0.294
31217,111,130,19,38,62,24,0.072,0.294
31220,108,127,19,35,59,24,0.072,0.294
31301,128,145,17,56,82,26,0.228,0.761
31302,116,133,17,42,68,26,0.200,0.561
31303,119,136,17,46,71,25,0.244,0.772
31304,113,127,14,40,64,24,0.128,0.450
31305,115,130,15,43,67,24,0.128,0.450
31307,118,136,18,45,71,26,0.244,0.772
31308,121,139,18,48,74,26,0.228,0.761
31309,120,137,17,47,73,26,0.228,0.761
31312,118,136,18,45,71,26,0.244,0.772
31313,129,146,17,57,83,26,0.228,0.761
31314,129,146,17,57,83,26,0.228,0.761
31315,129,146,17,58,83,25,0.228,0.761
31316,126,143,17,52,78,26,0.228,0.606
31318,116,133,17,43,69,26,0.244,0.772
31320,117,133,16,44,69,25,0.228,0.761
31321,122,140,18,50,75,25,0.228,0.761
31322,114,132,18,40,66,26,0.200,0.561
31323,121,137,16,49,74,25,0.228,0.761
31324,113,130,17,39,64,25,0.228,0.761
31326,116,134,18,42,68,26,0.244,0.772
31327,111,125,14,40,63,23,0.128,0.450
31328,106,121,15,31,56,25,0.200,0.561
31329,119,136,17,46,71,25,0.244,0.772
31331,113,129,16,40,64,24,0.128,0.450
31401,112,130,18,38,64,26,0.200,0.561
31404,109,127,18,34,60,26,0.200,0.561
31405,112,130,18,38,63,25,0.200,0.561
31406,108,125,17,32,57,25,0.200,0.561
31407,114,132,18,40,66,26,0.200,0.561
31408,115,132,17,41,67,26,0.200,0.561
31409,109,126,17,33,58,25,0.200,0.561
31410,106,123,17,30,55,25,0.200,0.561
31411,107,124,17,32,57,25,0.200,0.561
31415,115,132,17,41,68,27,0.200,0.561
31419,111,129,18,36,62,26,0.200,0.561
31501,129,146,17,51,78,27,0.117,0.483
31503,128,145,17,49,77,28,0.117,0.483
31510,122,141,19,43,69,26,0.056,0.267
31512,123,141,18,45,71,26,0.078,0.272
31513,121,139,18,43,69,26,0.139,0.361
31516,130,147,17,53,80,27,0.089,0.389
31518,124,142,18,45,71,26,0.139,0.361
31519,123,140,17,45,71,26,0.078,0.272
31520,121,136,15,48,73,25,0.094,0.372
31522,107,122,15,31,55,24,0.094,0.372
31523,123,139,16,49,75,26,0.094,0.372
31524,119,134,15,48,73,25,0.094,0.372
31525,121,136,15,50,75,25,0.094,0.372
31527,109,126,17,32,56,24,0.094,0.372
31532,121,139,18,43,69,26,0.083,0.311
31533,126,143,17,48,74,26,0.078,0.272
31535,125,143,18,46,73,27,0.078,0.272
31537,135,152,17,57,83,26,0.156,0.589
31539,120,138,18,43,68,25,0.083,0.311
31542,128,145,17,50,76,26,0.156,0.533
31543,123,141,18,44,71,27,0.156,0.533
31544,121,139,18,43,69,26,0.156,0.350
31545,126,143,17,52,77,25,0.156,0.461
31546,126,143,17,51,76,25,0.156,0.461
31547,114,133,19,32,58,26,0.128,0.411
31548,121,140,19,40,67,27,0.128,0.411
31549,120,138,18,43,68,25,0.156,0.350
31550,126,144,18,45,73,28,0.117,0.483
31551,123,141,18,45,71,26,0.089,0.389
31552,125,143,18,45,72,27,0.117,0.483
31553,122,140,18,42,68,26,0.156,0.533
31554,124,142,18,44,71,27,0.078,0.272
31555,123,141,18,48,73,25,0.156,0.461
31556,126,143,17,48,74,26,0.089,0.389
31557,125,143,18,48,73,25,0.089,0.389
31558,114,132,18,31,57,26,0.128,0.411
31560,123,141,18,46,71,25,0.156,0.461
31561,108,122,14,34,57,23,0.094,0.372
31562,133,150,17,50,77,27,0.156,0.589
31563,121,139,18,44,69,25,0.139,0.361
31565,120,137,17,43,70,27,0.128,0.411
31566,124,143,19,45,72,27,0.156,0.533
31567,123,141,18,44,71,27,0.078,0.272
31568,124,142,18,45,71,26,0.128,0.411
31569,120,138,18,40,67,27,0.128,0.411
31601,130,148,18,46,76,30,0.089,0.161
31602,129,147,18,46,75,29,0.089,0.161
31605,127,146,19,44,73,29,0.089,0.161
31606,130,149,19,46,76,30,0.089,0.161
31620,127,145,18,47,75,28,0.061,0.228
31622,124,143,19,42,70,28,0.094,0.222
31623,125,143,18,44,71,27,0.106,0.328
31624,125,143,18,44,71,27,0.078,0.211
31625,127,145,18,45,74,29,0.039,0.161
31626,128,147,19,43,74,31,0.117,0.344
31627,127,145,18,45,74,29,0.061,0.228
31629,128,146,18,44,74,30,0.039,0.161
31630,127,145,18,45,72,27,0.106,0.328
31631,135,152,17,53,82,29,0.106,0.328
31632,128,146,18,45,74,29,0.089,0.161
31634,125,143,18,44,71,27,0.106,0.328
31635,126,144,18,43,71,28,0.111,0.211
31636,131,150,19,46,76,30,0.089,0.161
31637,125,143,18,43,71,28,0.061,0.228
31638,128,146,18,45,74,29,0.039,0.161
31639,126,145,19,42,70,28,0.094,0.222
31641,128,146,18,45,74,29,0.089,0.161
31642,124,142,18,42,70,28,0.078,0.211
31643,129,147,18,45,75,30,0.039,0.161
31645,126,144,18,42,70,28,0.094,0.222
31647,127,145,18,46,74,28,0.061,0.228
31648,131,149,18,47,76,29,0.067,0.189
31649,127,145,18,44,72,28,0.111,0.211
31650,125,143,18,43,71,28,0.078,0.211
31698,130,148,18,46,76,30,0.089,0.161
31699,126,144,18,42,70,28,0.089,0.161
31701,127,145,18,51,79,28,0.094,0.500
31705,126,144,18,49,77,28,0.094,0.500
31707,126,145,19,50,78,28,0.094,0.500
31709,115,134,19,38,64,26,0.256,0.694
31711,116,135,19,40,65,25,0.256,0.694
31712,118,136,18,40,66,26,0.250,0.700
31714,115,134,19,37,63,26,0.044,0.294
31716,127,145,18,49,77,28,0.117,0.539
31719,113,132,19,36,61,25,0.256,0.694
31720,127,145,18,42,71,29,0.117,0.344
31721,126,144,18,49,77,28,0.094,0.500
31722,127,145,18,45,73,28,0.117,0.344
31730,128,147,19,47,75,28,0.117,0.539
31733,118,137,19,40,67,27,0.028,0.189
31735,125,144,19,51,78,27,0.256,0.694
31738,125,144,19,38,67,29,0.117,0.344
31743,122,141,19,46,73,27,0.256,0.694
31744,122,141,19,41,68,27,0.117,0.344
31747,127,145,18,47,75,28,0.117,0.344
31749,122,141,19,42,69,27,0.094,0.222
31750,120,138,18,45,71,26,0.078,0.267
31756,123,142,19,40,68,28,0.117,0.344
31757,128,147,19,43,72,29,0.117,0.344
31763,124,143,19,48,75,27,0.172,0.578
31764,121,140,19,44,71,27,0.256,0.694
31765,125,144,19,41,70,29,0.117,0.344
31768,122,140,18,39,66,27,0.117,0.344
31771,124,143,19,44,71,27,0.117,0.344
31772,123,141,18,46,73,27,0.167,0.539
31773,128,147,19,43,72,29,0.117,0.344
31774,122,140,18,44,71,27,0.056,0.267
31775,122,141,19,42,70,28,0.028,0.189
31778,126,144,18,41,69,28,0.117,0.344
31779,124,143,19,41,69,28,0.117,0.539
31780,110,129,19,34,57,23,0.256,0.694
31781,118,137,19,38,65,27,0.167,0.539
31783,119,137,18,42,69,27,0.044,0.294
31784,123,142,19,41,69,28,0.117,0.539
31787,120,138,18,42,69,27,0.172,0.578
31788,124,142,18,41,68,27,0.117,0.344
31789,119,138,19,40,66,26,0.167,0.539
31790,117,135,18,39,65,26,0.044,0.294
31791,119,138,19,40,67,27,0.167,0.539
31792,128,147,19,42,72,30,0.117,0.344
31793,119,137,18,40,66,26,0.028,0.189
31794,119,137,18,40,66,26,0.028,0.189
31795,120,138,18,40,67,27,0.028,0.189
31796,122,141,19,46,73,27,0.167,0.539
31798,122,140,18,44,70,26,0.056,0.267
31801,104,124,20,32,55,23,0.050,0.206
31803,107,126,19,33,56,23,0.050,0.206
31804,99,119,20,28,49,21,0.039,0.200
31805,108,127,19,35,59,24,0.117,0.411
31806,111,130,19,35,60,25,0.072,0.272
31807,100,120,20,28,50,22,0.039,0.200
31808,102,121,19,30,52,22,0.039,0.200
31810,103,123,20,31,54,23,0.072,0.206
31811,98,118,20,27,48,21,0.039,0.200
31812,103,123,20,31,53,22,0.072,0.206
31814,112,131,19,37,62,25,,
31815,113,133,20,37,61,24,0.178,0.394
31816,96,116,20,26,47,21,0.056,0.211
31820,105,124,19,33,56,23,0.117,0.411
31821,110,128,18,36,60,24,0.178,0.394
31822,92,113,21,24,43,19,0.039,0.200
31823,91,112,21,22,41,19,0.039,0.200
31824,111,131,20,35,60,25,0.067,0.289
31825,110,130,20,35,59,24,0.178,0.394
31826,95,115,20,25,45,20,0.039,0.200
31827,99,120,21,29,51,22,0.072,0.206
31829,107,126,19,35,58,23,0.117,0.411
31830,92,113,21,24,43,19,0.056,0.211
31831,98,118,20,27,48,21,0.039,0.200
31832,113,132,19,35,60,25,0.067,0.289
31833,98,117,19,29,50,21,0.078,0.250
31836,102,122,20,31,53,22,0.072,0.206
31901,111,129,18,38,62,24,0.117,0.411
31903,111,129,18,38,63,25,0.117,0.411
31904,107,126,19,35,58,23,0.117,0.411
31905,112,130,18,40,64,25,0.117,0.411
31906,110,128,18,37,61,24,0.117,0.411
31907,108,126,18,35,59,24,0.117,0.411
31909,106,125,19,34,56,22,0.117,0.411
32003,127,144,17,40,68,28,0.128,0.428
32008,143,160,17,56,87,31,0.083,0.311
32009,132,149,17,48,76,28,0.133,0.494
32011,126,144,18,45,73,28,0.133,0.494
32024,138,156,18,51,81,30,0.067,0.256
32025,135,153,18,47,78,31,0.067,0.256
32033,134,150,16,46,74,28,0.072,0.239
32034,111,128,17,28,53,25,0.133,0.494
32038,146,163,17,58,89,31,0.067,0.256
32040,130,147,17,44,72,28,0.061,0.228
32043,134,151,17,47,75,28,0.128,0.428
32044,135,152,17,45,74,29,0.072,0.256
32046,128,146,18,47,73,26,0.133,0.494
32052,134,152,18,47,78,31,0.039,0.183
32053,134,152,18,47,77,30,0.039,0.183
32054,139,156,17,50,80,30,0.056,0.250
32055,134,152,18,46,76,30,0.067,0.256
32058,129,147,18,41,68,27,0.072,0.256
32059,138,156,18,50,82,32,0.033,0.122
32060,142,159,17,54,85,31,0.083,0.311
32061,137,155,18,48,78,30,0.067,0.256
32062,141,159,18,53,85,32,0.083,0.311
32063,129,146,17,42,69,27,0.061,0.228
32064,147,165,18,60,91,31,0.083,0.311
32065,130,147,17,44,72,28,0.128,0.428
32066,139,156,17,51,82,31,0.083,0.311
32068,131,148,17,47,74,27,0.128,0.428
32071,142,159,17,54,86,32,0.083,0.311
32072,133,151,18,45,74,29,,
32073,130,147,17,44,72,28,0.128,0.428
32079,138,155,17,53,82,29,0.128,0.428
32080,123,141,18,34,60,26,0.072,0.239
32081,123,141,18,37,64,27,0.072,0.239
32082,114,129,15,26,50,24,0.072,0.239
32083,134,151,17,46,74,28,0.056,0.250
32084,126,142,16,37,64,27,0.072,0.239
32086,127,144,17,38,65,27,0.072,0.239
32087,132,149,17,46,75,29,0.061,0.228
32091,132,149,17,43,71,28,0.072,0.256
32092,131,148,17,44,72,28,0.072,0.239
32094,139,157,18,52,82,30,0.083,0.311
32095,125,141,16,37,64,27,0.072,0.239
32096,138,156,18,52,82,30,0.039,0.183
32097,116,135,19,34,60,26,0.133,0.494
32102,138,155,17,47,76,29,0.106,0.261
32110,136,153,17,46,75,29,0.061,0.222
32112,137,155,18,49,79,30,0.111,0.372
32113,150,166,16,57,87,30,0.133,0.361
32114,129,146,17,29,54,25,0.072,0.233
32117,129,147,18,30,56,26,0.072,0.233
32118,127,145,18,26,51,25,0.072,0.233
32119,132,148,16,32,58,26,0.072,0.233
32124,133,150,17,36,64,28,0.072,0.233
32127,132,150,18,32,58,26,0.072,0.233
32128,133,151,18,34,61,27,0.072,0.233
32129,133,150,17,33,60,27,0.072,0.233
32130,142,159,17,46,75,29,0.072,0.233
32131,134,151,17,46,75,29,0.111,0.372
32132,134,152,18,32,60,28,0.072,0.233
32133,154,171,17,62,92,30,0.133,0.361
32134,151,166,15,63,91,28,0.133,0.361
32136,124,141,17,29,55,26,0.061,0.222
32137,128,145,17,38,65,27,0.061,0.222
32139,135,151,16,47,76,29,0.111,0.372
32140,144,160,16,58,87,29,0.111,0.372
32141,135,153,18,34,62,28,0.072,0.233
32145,134,150,16,45,74,29,0.072,0.239
32147,142,159,17,54,83,29,0.111,0.372
32148,149,165,16,63,92,29,0.111,0.372
32157,140,158,18,52,82,30,,
32159,154,171,17,61,91,30,0.106,0.261
32162,156,174,18,64,94,30,0.106,0.261
32164,132,149,17,41,69,28,0.061,0.222
32168,135,152,17,35,62,27,0.072,0.233
32169,133,150,17,30,57,27,0.072,0.233
32174,132,149,17,35,62,27,0.072,0.233
32176,128,146,18,30,57,27,0.072,0.233
32177,137,153,16,49,78,29,0.111,0.372
32179,152,168,16,61,90,29,0.133,0.361
32180,140,157,17,49,78,29,0.072,0.233
32181,140,158,18,52,82,30,0.111,0.372
32187,135,152,17,47,76,29,0.111,0.372
32189,140,157,17,53,82,29,0.111,0.372
32190,138,155,17,50,79,29,0.072,0.233
32193,140,157,17,52,82,30,0.111,0.372
32195,153,170,17,61,90,29,0.133,0.361
32202,124,142,18,39,67,28,0.094,0.372
32204,126,144,18,40,68,28,0.094,0.372
32205,127,145,18,41,69,28,0.094,0.372
32206,124,141,17,40,67,27,0.094,0.372
32207,127,144,17,42,71,29,0.094,0.372
32208,124,142,18,41,68,27,0.094,0.372
32209,126,144,18,41,69,28,0.094,0.372
32210,130,148,18,44,72,28,0.094,0.372
32211,127,143,16,45,73,28,0.094,0.372
32212,127,144,17,41,69,28,0.094,0.372
32216,130,146,16,47,75,28,0.094,0.372
32217,128,145,17,43,71,28,0.094,0.372
32218,123,140,17,40,67,27,0.094,0.372
32219,126,144,18,43,71,28,0.094,0.372
32220,131,149,18,46,75,29,0.094,0.372
32221,132,150,18,47,76,29,0.094,0.372
32222,131,149,18,45,74,29,0.094,0.372
32223,127,144,17,41,69,28,0.094,0.372
32224,121,136,15,36,62,26,0.094,0.372
32225,121,136,15,39,65,26,0.094,0.372
32226,119,135,16,36,62,26,0.094,0.372
32227,115,129,14,30,55,25,0.094,0.372
32233,113,127,14,26,50,24,0.094,0.372
32234,133,150,17,49,77,28,0.094,0.372
32244,130,148,18,44,72,28,0.094,0.372
32246,125,141,16,43,70,27,0.094,0.372
32250,112,127,15,24,47,23,0.094,0.372
32254,127,145,18,42,70,28,0.094,0.372
32256,129,146,17,45,73,28,0.094,0.372
32257,128,145,17,43,71,28,0.094,0.372
32258,128,145,17,42,70,28,0.094,0.372
32259,129,147,18,43,71,28,0.072,0.239
32266,112,127,15,25,48,23,0.094,0.372
32277,124,140,16,41,69,28,0.094,0.372
32301,132,150,18,45,78,33,0.067,0.294
32303,131,149,18,45,77,32,0.067,0.294
32304,132,151,19,47,79,32,0.067,0.294
32305,136,154,18,51,85,34,0.067,0.294
32308,131,149,18,44,76,32,0.067,0.294
32309,129,147,18,42,74,32,0.067,0.294
32310,132,151,19,46,79,33,0.067,0.294
32311,133,151,18,46,78,32,0.067,0.294
32312,129,148,19,43,75,32,0.067,0.294
32317,130,148,18,42,74,32,0.067,0.294
32320,126,140,14,41,74,33,0.050,0.206
32321,128,147,19,40,72,32,0.044,0.161
32322,134,148,14,55,87,32,0.050,0.206
32323,135,148,13,61,89,28,,
32324,127,145,18,42,73,31,0.033,0.133
32327,140,155,15,62,94,32,0.156,0.806
32328,131,144,13,49,81,32,0.050,0.206
32330,125,144,19,39,69,30,0.033,0.133
32331,134,152,18,46,79,33,0.033,0.122
32332,124,144,20,37,67,30,0.033,0.133
32333,129,147,18,43,74,31,0.033,0.133
32334,131,149,18,42,75,33,0.044,0.161
32336,134,151,17,49,81,32,0.122,0.672
32340,135,154,19,48,80,32,0.033,0.122
32343,130,149,19,44,76,32,0.033,0.133
32344,128,147,19,41,72,31,0.122,0.672
32346,140,154,14,69,99,30,0.156,0.806
32347,143,161,18,57,90,33,0.100,0.494
32348,139,156,17,59,90,31,0.100,0.494
32350,134,153,19,47,78,31,0.033,0.122
32351,127,146,19,41,71,30,0.033,0.133
32352,126,145,19,39,70,31,0.033,0.133
32355,145,159,14,77,106,29,0.156,0.806
32356,136,152,16,52,84,32,0.100,0.494
32358,135,151,16,53,85,32,0.156,0.806
32359,137,153,16,53,86,33,0.100,0.494
32361,139,157,18,52,86,34,0.122,0.672
32399,132,150,18,46,78,32,0.067,0.294
32401,122,138,16,32,63,31,0.056,0.172
32403,117,135,18,30,60,30,0.056,0.172
32404,118,136,18,27,56,29,0.056,0.172
32405,123,139,16,32,63,31,0.056,0.172
32407,126,140,14,40,71,31,0.056,0.172
32408,126,140,14,40,72,32,0.056,0.172
32409,120,139,19,28,57,29,0.056,0.172
32410,118,136,18,29,59,30,0.056,0.172
32413,124,138,14,37,67,30,0.056,0.172
32420,123,142,19,36,65,29,0.111,0.417
32421,129,147,18,41,72,31,0.044,0.167
32423,129,147,18,46,76,30,0.111,0.417
32424,131,150,19,44,76,32,0.044,0.167
32425,123,141,18,36,65,29,0.072,0.189
32426,125,144,19,40,69,29,0.111,0.417
32427,124,142,18,37,66,29,0.050,0.111
32428,127,146,19,35,65,30,0.050,0.111
32430,129,148,19,40,71,31,0.044,0.167
32431,125,144,19,39,69,30,0.111,0.417
32432,128,146,18,44,74,30,0.111,0.417
32433,124,142,18,37,67,30,0.067,0.161
32435,125,143,18,37,67,30,0.067,0.161
32437,124,143,19,32,62,30,0.050,0.111
32438,126,146,20,32,63,31,0.056,0.172
32439,117,135,18,27,55,28,0.067,0.161
32440,124,142,18,38,67,29,0.111,0.417
32442,129,146,17,45,75,30,0.111,0.417
32443,128,146,18,44,73,29,0.111,0.417
32444,120,137,17,28,58,30,0.056,0.172
32445,127,145,18,43,72,29,0.111,0.417
32446,127,145,18,42,72,30,0.111,0.417
32447,127,146,19,42,72,30,0.111,0.417
32448,127,145,18,41,71,30,0.111,0.417
32449,124,144,20,31,62,31,0.044,0.167
32455,124,142,18,35,65,30,0.067,0.161
32456,122,139,17,32,64,32,0.061,0.183
32459,119,134,15,28,57,29,0.067,0.161
32460,130,148,18,47,78,31,0.111,0.417
32461,123,137,14,35,66,31,0.067,0.161
32462,124,143,19,34,64,30,0.050,0.111
32463,126,144,18,35,65,30,0.050,0.111
32464,119,138,19,34,61,27,0.072,0.189
32465,120,140,20,30,60,30,0.061,0.183
32466,120,140,20,26,55,29,0.056,0.172
32501,117,130,13,35,65,30,0.044,0.133
32502,117,130,13,35,64,29,0.044,0.133
32503,118,131,13,38,68,30,0.044,0.133
32504,118,131,13,39,69,30,0.044,0.133
32505,120,132,12,39,69,30,0.044,0.133
32506,118,131,13,36,66,30,0.044,0.133
32507,117,130,13,34,65,31,0.044,0.133
32508,117,130,13,35,65,30,0.044,0.133
32509,120,132,12,39,68,29,0.044,0.133
32514,121,133,12,41,71,30,0.044,0.133
32526,120,133,13,39,69,30,0.044,0.133
32530,115,131,16,29,58,29,0.028,0.144
32531,123,141,18,37,66,29,0.050,0.122
32533,122,135,13,39,68,29,0.044,0.133
32534,122,134,12,41,71,30,0.044,0.133
32535,122,140,18,37,64,27,0.044,0.133
32536,124,141,17,37,66,29,0.050,0.122
32539,125,143,18,38,67,29,0.050,0.122
32541,108,127,19,20,45,25,0.050,0.122
32542,115,132,17,27,54,27,0.050,0.122
32544,114,128,14,27,56,29,0.050,0.122
32547,113,129,16,25,53,28,0.050,0.122
32548,111,127,16,23,51,28,0.050,0.122
32550,112,130,18,21,48,27,0.067,0.161
32561,115,129,14,35,65,30,0.044,0.133
32563,115,129,14,33,63,30,0.028,0.144
32564,120,138,18,34,62,28,0.050,0.122
32565,122,139,17,36,63,27,0.028,0.144
32566,115,129,14,31,61,30,0.028,0.144
32567,121,139,18,37,65,28,0.050,0.122
32568,121,139,18,36,63,27,0.044,0.133
32569,114,128,14,27,56,29,0.050,0.122
32570,118,135,17,32,60,28,0.028,0.144
32571,120,134,14,35,65,30,0.028,0.144
32577,120,136,16,33,61,28,0.044,0.133
32578,110,128,18,21,46,25,0.050,0.122
32579,110,127,17,21,47,26,0.050,0.122
32580,109,128,19,20,45,25,0.050,0.122
32583,117,132,15,32,61,29,0.028,0.144
32601,141,158,17,48,79,31,0.083,0.256
32603,140,157,17,47,78,31,0.083,0.256
32605,141,158,17,48,79,31,0.083,0.256
32606,143,160,17,52,83,31,0.083,0.256
32607,145,162,17,53,84,31,0.083,0.256
32608,146,163,17,54,85,31,0.083,0.256
32609,139,156,17,47,77,30,0.083,0.256
32612,143,160,17,50,82,32,0.083,0.256
32615,143,160,17,52,83,31,0.083,0.256
32616,145,162,17,54,85,31,,
32617,150,167,17,56,87,31,0.133,0.361
32618,145,162,17,54,85,31,0.083,0.256
32619,143,160,17,54,86,32,0.056,0.211
32621,145,162,17,50,83,33,0.350,1.094
32622,139,156,17,49,79,30,0.072,0.256
32625,150,162,12,80,106,26,0.350,1.094
32626,147,164,17,54,87,33,0.350,1.094
32628,132,149,17,37,70,33,0.144,0.628
32631,137,154,17,45,74,29,0.083,0.256
32639,147,163,16,58,90,32,0.350,1.094
32640,152,167,15,63,92,29,0.111,0.372
32641,142,159,17,50,80,30,0.083,0.256
32643,149,166,17,59,90,31,0.083,0.256
32648,140,154,14,62,91,29,0.144,0.628
32653,139,156,17,46,77,31,0.083,0.256
32656,141,157,16,50,78,28,0.128,0.428
32658,141,157,16,49,80,31,0.083,0.256
32664,146,163,17,53,84,31,0.133,0.361
32666,144,160,16,53,82,29,0.111,0.372
32667,144,160,16,50,82,32,0.083,0.256
32668,146,164,18,49,82,33,0.350,1.094
32669,145,161,16,54,86,32,0.083,0.256
32680,140,157,17,49,81,32,0.144,0.628
32681,146,163,17,53,84,31,0.133,0.361
32683,147,164,17,56,89,33,0.350,1.094
32686,145,162,17,50,81,31,0.133,0.361
32692,146,160,14,70,99,29,0.144,0.628
32693,144,161,17,52,85,33,0.056,0.211
32694,136,153,17,45,74,29,0.083,0.256
32696,145,163,18,50,83,33,0.350,1.094
32697,143,160,17,54,84,30,0.056,0.250
32701,157,174,17,60,92,32,0.061,0.161
32702,147,163,16,54,83,29,0.106,0.261
32703,158,175,17,61,93,32,0.067,0.222
32707,156,173,17,59,90,31,0.061,0.161
32708,154,171,17,57,88,31,0.061,0.161
32709,150,168,18,48,79,31,0.067,0.222
32712,157,174,17,61,92,31,0.067,0.222
32713,152,169,17,56,87,31,0.072,0.233
32714,157,174,17,60,92,32,0.061,0.161
32720,143,161,18,47,76,29,0.072,0.233
32724,141,159,18,44,72,28,0.072,0.233
32725,148,164,16,50,80,30,0.072,0.233
32726,152,169,17,56,87,31,0.106,0.261
32730,156,173,17,59,91,32,0.061,0.161
32732,145,162,17,44,74,30,0.061,0.161
32735,147,165,18,52,83,31,0.106,0.261
32736,151,168,17,55,86,31,0.106,0.261
32738,143,161,18,43,72,29,0.072,0.233
32744,141,159,18,42,71,29,0.072,0.233
32746,154,171,17,57,89,32,0.061,0.161
32750,156,173,17,59,91,32,0.061,0.161
32751,156,173,17,59,91,32,0.067,0.222
32754,148,166,18,53,84,31,0.094,0.300
32757,155,172,17,59,90,31,0.106,0.261
32759,142,159,17,43,73,30,0.072,0.233
32763,149,166,17,52,82,30,0.072,0.233
32764,143,160,17,43,72,29,0.072,0.233
32765,153,170,17,56,87,31,0.061,0.161
32766,149,166,17,49,80,31,0.061,0.161
32767,144,161,17,48,77,29,0.106,0.261
32771,152,169,17,55,86,31,0.061,0.161
32773,151,168,17,52,83,31,0.061,0.161
32776,156,173,17,60,91,31,0.106,0.261
32778,152,169,17,55,87,32,0.106,0.261
32779,157,174,17,60,92,32,0.061,0.161
32780,148,166,18,51,83,32,0.094,0.300
32784,147,164,17,54,84,30,0.106,0.261
32789,156,173,17,58,90,32,0.067,0.222
32792,156,173,17,58,90,32,0.067,0.222
32796,150,167,17,55,86,31,0.094,0.300
32798,157,174,17,61,92,31,0.067,0.222
32801,157,174,17,59,91,32,0.067,0.222
32803,157,174,17,59,91,32,0.067,0.222
32804,156,174,18,58,91,33,0.067,0.222
32805,158,175,17,60,93,33,0.067,0.222
32806,158,176,18,61,94,33,0.067,0.222
32807,157,174,17,59,92,33,0.067,0.222
32808,158,175,17,60,92,32,0.067,0.222
32809,160,177,17,62,94,32,0.067,0.222
32810,157,174,17,60,92,32,0.067,0.222
32811,159,176,17,61,94,33,0.067,0.222
32812,159,176,17,62,94,32,0.067,0.222
32814,156,174,18,58,91,33,0.067,0.222
32817,157,173,16,59,91,32,0.067,0.222
32818,158,176,18,61,93,32,0.067,0.222
32819,161,178,17,62,95,33,0.067,0.222
32820,149,166,17,50,81,31,0.067,0.222
32821,162,179,17,63,96,33,0.067,0.222
32822,159,176,17,61,94,33,0.067,0.222
32824,161,179,18,64,96,32,0.067,0.222
32825,158,175,17,61,93,32,0.067,0.222
32826,153,170,17,57,88,31,0.067,0.222
32827,160,177,17,63,95,32,0.067,0.222
32828,155,172,17,58,90,32,0.067,0.222
32829,159,176,17,62,94,32,0.067,0.222
32830,162,179,17,62,95,33,0.067,0.222
32831,157,174,17,60,92,32,0.067,0.222
32832,160,177,17,64,96,32,0.067,0.222
32833,150,167,17,50,81,31,0.067,0.222
32835,160,177,17,62,94,32,0.067,0.222
32836,161,179,18,62,95,33,0.067,0.222
32837,162,180,18,63,96,33,0.067,0.222
32839,159,177,18,62,94,32,0.067,0.222
32901,144,159,15,43,73,30,0.094,0.300
32903,138,153,15,32,62,30,0.094,0.300
32904,148,163,15,49,80,31,0.094,0.300
32905,145,160,15,43,75,32,0.094,0.300
32907,150,166,16,50,82,32,0.094,0.300
32908,155,172,17,55,87,32,0.094,0.300
32909,153,169,16,53,85,32,0.094,0.300
32920,133,153,20,27,58,31,0.094,0.300
32922,145,164,19,42,75,33,0.094,0.300
32925,133,151,18,21,50,29,0.094,0.300
32926,146,165,19,44,77,33,0.094,0.300
32927,144,163,19,43,76,33,0.094,0.300
32931,133,154,21,26,57,31,0.094,0.300
32934,145,161,16,42,74,32,0.094,0.300
32935,143,159,16,39,70,31,0.094,0.300
32937,135,153,18,25,55,30,0.094,0.300
32940,143,160,17,36,68,32,0.094,0.300
32948,162,180,18,57,92,35,0.078,0.300
32949,148,163,15,45,79,34,0.094,0.300
32950,146,161,15,44,77,33,0.094,0.300
32951,138,153,15,33,63,30,0.094,0.300
32952,138,158,20,31,63,32,0.094,0.300
32953,141,160,19,36,69,33,0.094,0.300
32955,144,162,18,38,71,33,0.094,0.300
32958,149,167,18,43,79,36,0.078,0.300
32960,149,167,18,41,78,37,0.078,0.300
32962,154,172,18,48,85,37,0.078,0.300
32963,145,163,18,37,72,35,0.078,0.300
32966,154,173,19,46,83,37,0.078,0.300
32967,150,170,20,41,77,36,0.078,0.300
32968,155,173,18,48,85,37,0.078,0.300
32970,147,167,20,39,76,37,0.078,0.300
32976,148,165,17,44,78,34,0.094,0.300
33004,162,180,18,44,83,39,0.089,0.294
33009,159,178,19,38,78,40,0.089,0.294
33010,169,189,20,49,92,43,0.144,0.789
33012,171,191,20,53,96,43,0.144,0.789
33013,169,189,20,50,92,42,0.144,0.789
33014,172,193,21,55,97,42,0.144,0.789
33015,173,194,21,54,97,43,0.144,0.789
33016,173,194,21,56,98,42,0.144,0.789
33018,174,195,21,57,99,42,0.144,0.789
33019,157,175,18,38,76,38,0.089,0.294
33020,161,180,19,41,82,41,0.089,0.294
33021,165,184,19,46,88,42,0.089,0.294
33023,166,186,20,46,88,42,0.089,0.294
33024,168,187,19,48,89,41,0.089,0.294
33025,170,190,20,49,92,43,0.089,0.294
33026,170,191,21,50,92,42,0.089,0.294
33027,174,195,21,57,99,42,0.089,0.294
33028,175,195,20,58,99,41,0.089,0.294
33029,179,199,20,64,105,41,0.089,0.294
33030,179,200,21,72,112,40,0.144,0.789
33031,177,197,20,68,108,40,0.144,0.789
33032,166,186,20,48,92,44,0.144,0.789
33033,172,193,21,55,100,45,0.144,0.789
33034,182,204,22,78,116,38,0.144,0.789
33035,175,195,20,63,106,43,0.144,0.789
33037,175,193,18,75,110,35,0.267,0.967
33039,169,191,22,49,95,46,0.144,0.789
33054,167,187,20,48,91,43,0.144,0.789
33055,171,192,21,52,95,43,0.144,0.789
33056,168,188,20,50,92,42,0.144,0.789
33060,169,186,17,59,98,39,0.089,0.294
33062,166,183,17,55,94,39,0.089,0.294
33063,172,189,17,60,99,39,0.089,0.294
33064,170,189,19,57,97,40,0.089,0.294
33065,174,193,19,65,105,40,0.089,0.294
33066,172,190,18,61,100,39,0.089,0.294
33067,174,194,20,63,104,41,0.089,0.294
33068,170,188,18,56,96,40,0.089,0.294
33069,171,189,18,61,100,39,0.089,0.294
33071,173,192,19,64,104,40,0.089,0.294
33073,174,194,20,61,102,41,0.089,0.294
33076,177,196,19,69,109,40,0.089,0.294
33101,154,175,21,30,70,40,0.144,0.789
33109,143,162,19,16,48,32,0.144,0.789
33122,169,190,21,50,92,42,0.144,0.789
33125,159,180,21,36,78,42,0.144,0.789
33126,165,184,19,45,86,41,0.144,0.789
33127,154,175,21,30,71,41,0.144,0.789
33128,153,174,21,29,69,40,0.144,0.789
33129,152,170,18,29,67,38,0.144,0.789
33130,152,170,18,29,67,38,0.144,0.789
33131,152,170,18,28,67,39,0.144,0.789
33132,153,174,21,29,69,40,0.144,0.789
33133,157,175,18,36,76,40,0.144,0.789
33134,161,179,18,41,82,41,0.144,0.789
33135,156,174,18,34,74,40,0.144,0.789
33136,154,175,21,30,70,40,0.144,0.789
33137,154,174,20,29,69,40,0.144,0.789
33138,152,173,21,27,66,39,0.144,0.789
33139,140,160,20,14,44,30,0.144,0.789
33140,137,157,20,11,38,27,0.144,0.789
33141,143,163,20,17,49,32,0.144,0.789
33142,160,180,20,36,78,42,0.144,0.789
33143,163,181,18,47,87,40,0.144,0.789
33144,165,183,18,49,89,40,0.144,0.789
33145,156,174,18,34,74,40,0.144,0.789
33146,161,179,18,43,83,40,0.144,0.789
33147,162,182,20,40,82,42,0.144,0.789
33149,145,164,19,19,52,33,0.144,0.789
33150,156,177,21,32,73,41,0.144,0.789
33154,147,167,20,22,58,36,0.144,0.789
33155,165,183,18,49,89,40,0.144,0.789
33156,164,182,18,50,90,40,0.144,0.789
33157,165,182,17,51,91,40,0.144,0.789
33158,164,181,17,50,90,40,0.144,0.789
33160,153,173,20,31,69,38,0.144,0.789
33161,155,176,21,31,72,41,0.144,0.789
33162,158,179,21,34,75,41,0.144,0.789
33165,169,187,18,57,96,39,0.144,0.789
33166,170,191,21,50,93,43,0.144,0.789
33167,162,183,21,40,83,43,0.144,0.789
33168,158,179,21,35,76,41,0.144,0.789
33169,164,184,20,42,85,43,0.144,0.789
33170,167,186,19,52,94,42,0.144,0.789
33172,170,190,20,52,94,42,0.144,0.789
33173,170,187,17,58,96,38,0.144,0.789
33174,169,186,17,56,95,39,0.144,0.789
33175,172,190,18,60,100,40,0.144,0.789
33176,168,185,17,55,95,40,0.144,0.789
33177,169,187,18,55,96,41,0.144,0.789
33178,173,193,20,57,99,42,0.144,0.789
33179,161,181,20,39,81,42,0.144,0.789
33180,157,176,19,34,75,41,0.144,0.789
33181,153,174,21,29,69,40,0.144,0.789
33182,174,193,19,60,101,41,0.144,0.789
33183,172,190,18,59,99,40,0.144,0.789
33184,172,191,19,61,100,39,0.144,0.789
33185,174,192,18,65,104,39,0.144,0.789
33186,171,189,18,57,98,41,0.144,0.789
33187,177,197,20,69,108,39,0.144,0.789
33189,164,181,17,48,89,41,0.144,0.789
33190,162,180,18,44,86,42,0.144,0.789
33193,173,192,19,63,102,39,0.144,0.789
33194,189,209,20,88,123,35,0.144,0.789
33196,173,192,19,60,101,41,0.144,0.789
33301,163,179,16,48,86,38,0.089,0.294
33304,163,179,16,48,86,38,0.089,0.294
33305,166,183,17,54,93,39,0.089,0.294
33306,167,184,17,55,94,39,0.089,0.294
33308,167,184,17,57,95,38,0.089,0.294
33309,170,187,17,57,96,39,0.089,0.294
33311,167,185,18,52,92,40,0.089,0.294
33312,166,184,18,49,89,40,0.089,0.294
33313,168,185,17,51,91,40,0.089,0.294
33314,167,185,18,48,89,41,0.089,0.294
33315,166,183,17,48,88,40,0.089,0.294
33316,162,178,16,46,84,38,0.089,0.294
33317,167,184,17,49,89,40,0.089,0.294
33319,169,186,17,53,94,41,0.089,0.294
33321,172,190,18,60,100,40,0.089,0.294
33322,170,189,19,53,94,41,0.089,0.294
33323,173,192,19,59,99,40,0.089,0.294
33324,169,188,19,51,92,41,0.089,0.294
33325,173,193,20,58,98,40,0.089,0.294
33326,177,196,19,64,104,40,0.089,0.294
33327,181,202,21,68,109,41,0.089,0.294
33328,169,188,19,49,91,42,0.089,0.294
33330,172,192,20,54,95,41,0.089,0.294
33331,175,195,20,61,102,41,0.089,0.294
33332,182,203,21,70,111,41,0.089,0.294
33334,168,185,17,57,95,38,0.089,0.294
33351,170,189,19,54,95,41,0.089,0.294
33401,159,176,17,46,85,39,0.078,0.294
33403,160,177,17,53,90,37,0.078,0.294
33404,160,177,17,51,89,38,0.078,0.294
33405,157,175,18,43,83,40,0.078,0.294
33406,160,178,18,48,88,40,0.078,0.294
33407,160,178,18,49,88,39,0.078,0.294
33408,160,177,17,52,90,38,0.078,0.294
33409,161,179,18,50,89,39,0.078,0.294
33410,162,178,16,55,92,37,0.078,0.294
33411,170,191,21,59,99,40,0.078,0.294
33412,171,191,20,65,103,38,0.078,0.294
33413,164,184,20,51,92,41,0.078,0.294
33414,172,192,20,61,101,40,0.078,0.294
33415,163,181,18,50,90,40,0.078,0.294
33417,162,180,18,51,90,39,0.078,0.294
33418,164,181,17,58,95,37,0.078,0.294
33426,162,181,19,47,88,41,0.078,0.294
33428,173,193,20,63,104,41,0.078,0.294
33430,175,193,18,73,108,35,0.078,0.294
33431,167,186,19,53,95,42,0.078,0.294
33432,166,185,19,50,93,43,0.078,0.294
33433,174,193,19,62,103,41,0.078,0.294
33434,172,192,20,61,102,41,0.078,0.294
33435,160,180,20,45,86,41,0.078,0.294
33436,164,183,19,51,91,40,0.078,0.294
33437,166,186,20,52,93,41,0.078,0.294
33438,173,189,16,72,106,34,0.078,0.294
33440,183,201,18,84,117,33,0.233,0.856
33441,169,189,20,55,96,41,0.089,0.294
33442,173,193,20,60,102,42,0.089,0.294
33444,162,183,21,46,88,42,0.078,0.294
33445,168,188,20,54,96,42,0.078,0.294
33446,170,191,21,56,98,42,0.078,0.294
33449,168,189,21,56,97,41,0.078,0.294
33455,160,175,15,58,93,35,0.050,0.261
33458,162,178,16,58,94,36,0.078,0.294
33460,157,176,19,43,83,40,0.078,0.294
33461,161,179,18,48,88,40,0.078,0.294
33462,160,178,18,46,86,40,0.078,0.294
33463,163,181,18,50,90,40,0.078,0.294
33467,165,185,20,51,92,41,0.078,0.294
33469,159,174,15,54,89,35,0.078,0.294
33470,174,194,20,67,105,38,0.078,0.294
33471,175,193,18,72,108,36,0.083,0.322
33472,165,185,20,51,92,41,0.078,0.294
33473,166,187,21,52,94,42,0.078,0.294
33476,172,189,17,73,106,33,0.078,0.294
33477,161,176,15,56,91,35,0.078,0.294
33478,167,184,17,62,99,37,0.078,0.294
33480,156,174,18,42,81,39,0.078,0.294
33483,162,183,21,45,88,43,0.078,0.294
33484,169,190,21,56,98,42,0.078,0.294
33486,171,190,19,59,100,41,0.078,0.294
33487,166,186,20,51,93,42,0.078,0.294
33493,176,194,18,75,110,35,0.078,0.294
33496,171,192,21,59,100,41,0.078,0.294
33498,172,192,20,60,101,41,0.078,0.294
33503,173,191,18,77,110,33,0.094,0.361
33510,180,196,16,89,119,30,0.094,0.361
33511,178,194,16,84,116,32,0.094,0.361
33513,164,181,17,64,97,33,0.106,0.261
33514,162,179,17,64,96,32,0.106,0.261
33521,161,178,17,63,94,31,0.106,0.261
33523,170,186,16,73,105,32,0.478,2.133
33525,172,188,16,75,108,33,0.478,2.133
33527,178,194,16,82,113,31,0.094,0.361
33534,167,184,17,70,105,35,0.094,0.361
33538,161,178,17,62,94,32,0.106,0.261
33540,169,186,17,70,103,33,0.478,2.133
33541,170,187,17,71,105,34,0.478,2.133
33542,170,187,17,70,104,34,0.478,2.133
33543,173,189,16,77,110,33,0.478,2.133
33544,170,186,16,73,107,34,0.478,2.133
33545,171,187,16,72,106,34,0.478,2.133
33547,175,191,16,76,109,33,0.094,0.361
33548,167,183,16,69,104,35,0.094,0.361
33549,168,184,16,71,106,35,0.094,0.361
33556,163,180,17,66,102,36,0.094,0.361
33558,166,183,17,69,104,35,0.094,0.361
33559,170,186,16,75,108,33,0.094,0.361
33563,170,187,17,67,102,35,0.094,0.361
33565,174,190,16,73,107,34,0.094,0.361
33566,172,188,16,70,104,34,0.094,0.361
33567,172,189,17,69,104,35,0.094,0.361
33569,175,192,17,81,113,32,0.094,0.361
33570,163,180,17,68,103,35,0.094,0.361
33572,165,182,17,70,105,35,0.094,0.361
33573,172,189,17,76,110,34,0.094,0.361
33576,174,190,16,77,109,32,0.478,2.133
33578,171,188,17,75,109,34,0.094,0.361
33579,174,191,17,78,111,33,0.094,0.361
33584,182,198,16,92,121,29,0.094,0.361
33585,162,179,17,63,95,32,0.106,0.261
33592,183,199,16,92,122,30,0.094,0.361
33594,180,196,16,85,116,31,0.094,0.361
33596,178,195,17,83,115,32,0.094,0.361
33597,165,182,17,66,99,33,0.106,0.261
33598,173,191,18,77,111,34,0.094,0.361
33602,161,178,17,64,101,37,0.094,0.361
33603,163,180,17,66,102,36,0.094,0.361
33604,167,183,16,70,105,35,0.094,0.361
33605,163,179,16,67,103,36,0.094,0.361
33606,161,177,16,64,100,36,0.094,0.361
33607,159,175,16,59,97,38,0.094,0.361
33609,159,175,16,61,98,37,0.094,0.361
33610,171,187,16,80,112,32,0.094,0.361
33611,159,175,16,66,101,35,0.094,0.361
33612,170,187,17,73,108,35,0.094,0.361
33613,167,184,17,70,105,35,0.094,0.361
33614,161,177,16,60,97,37,0.094,0.361
33615,157,173,16,58,95,37,0.094,0.361
33616,159,173,14,71,103,32,0.094,0.361
33617,177,193,16,86,117,31,0.094,0.361
33618,165,182,17,65,102,37,0.094,0.361
33619,169,185,16,73,108,35,0.094,0.361
33620,176,192,16,84,115,31,0.094,0.361
33621,159,175,16,66,101,35,0.094,0.361
33624,164,181,17,63,100,37,0.094,0.361
33625,162,180,18,61,99,38,0.094,0.361
33626,160,178,18,61,99,38,0.094,0.361
33629,159,175,16,63,100,37,0.094,0.361
33634,157,173,16,57,94,37,0.094,0.361
33635,159,176,17,61,99,38,0.094,0.361
33637,180,196,16,91,120,29,0.094,0.361
33647,175,191,16,80,112,32,0.094,0.361
33701,152,166,14,61,96,35,0.478,2.133
33702,154,168,14,68,100,32,0.478,2.133
33703,153,167,14,64,98,34,0.478,2.133
33704,152,166,14,61,95,34,0.478,2.133
33705,152,166,14,63,97,34,0.478,2.133
33706,154,168,14,72,102,30,0.478,2.133
33707,153,167,14,68,100,32,0.478,2.133
33708,156,170,14,76,105,29,0.478,2.133
33709,154,168,14,72,102,30,0.478,2.133
33710,154,168,14,70,101,31,0.478,2.133
33711,152,167,15,66,99,33,0.478,2.133
33712,151,166,15,64,97,33,0.478,2.133
33713,152,166,14,65,98,33,0.478,2.133
33714,153,167,14,68,99,31,0.478,2.133
33715,154,168,14,71,102,31,0.478,2.133
33716,155,170,15,72,102,30,0.478,2.133
33744,154,169,15,75,104,29,0.478,2.133
33755,156,170,14,79,107,28,0.478,2.133
33756,156,170,14,79,108,29,0.478,2.133
33759,157,172,15,75,106,31,0.478,2.133
33760,156,171,15,72,104,32,0.478,2.133
33761,159,174,15,76,107,31,0.478,2.133
33762,156,170,14,74,104,30,0.478,2.133
33763,157,171,14,76,106,30,0.478,2.133
33764,157,172,15,74,106,32,0.478,2.133
33765,157,172,15,75,106,31,0.478,2.133
33767,168,180,12,97,121,24,0.478,2.133
33770,156,170,14,79,108,29,0.478,2.133
33771,157,171,14,75,106,31,0.478,2.133
33772,155,169,14,77,106,29,0.478,2.133
33773,156,170,14,78,106,28,0.478,2.133
33774,155,169,14,78,106,28,0.478,2.133
33776,156,170,14,79,107,28,0.478,2.133
33777,155,169,14,76,105,29,0.478,2.133
33778,156,170,14,79,107,28,0.478,2.133
33781,154,169,15,73,103,30,0.478,2.133
33782,155,169,14,74,104,30,0.478,2.133
33785,155,170,15,78,107,29,0.478,2.133
33786,156,170,14,79,108,29,0.478,2.133
33801,168,185,17,67,100,33,0.056,0.206
33803,168,185,17,68,101,33,0.056,0.206
33805,168,185,17,68,100,32,0.056,0.206
33809,167,184,17,67,100,33,0.056,0.206
33810,168,184,16,68,101,33,0.056,0.206
33811,168,185,17,68,101,33,0.056,0.206
33812,167,184,17,65,99,34,0.056,0.206
33813,167,184,17,67,100,33,0.056,0.206
33815,169,186,17,70,102,32,0.056,0.206
33823,165,182,17,60,95,35,0.056,0.206
33825,169,187,18,67,102,35,0.089,0.317
33827,169,187,18,67,101,34,0.056,0.206
33830,169,186,17,68,101,33,0.056,0.206
33834,171,189,18,71,105,34,0.061,0.233
33837,166,183,17,66,99,33,0.056,0.206
33838,169,186,17,67,100,33,0.056,0.206
33839,168,185,17,65,99,34,0.056,0.206
33841,170,188,18,70,104,34,0.056,0.206
33843,169,187,18,68,102,34,0.056,0.206
33844,167,184,17,66,100,34,0.056,0.206
33847,170,187,17,70,104,34,0.056,0.206
33848,164,181,17,63,96,33,0.089,0.300
33849,168,185,17,69,102,33,0.056,0.206
33850,165,182,17,63,97,34,0.056,0.206
33851,168,185,17,66,99,33,0.056,0.206
33852,177,194,17,76,110,34,0.089,0.317
33853,170,188,18,69,102,33,0.056,0.206
33854,167,185,18,63,97,34,0.056,0.206
33855,168,185,17,65,98,33,0.056,0.206
33856,167,185,18,62,97,35,0.056,0.206
33857,173,191,18,71,105,34,0.089,0.317
33859,170,188,18,69,103,34,0.056,0.206
33860,169,186,17,69,102,33,0.056,0.206
33865,169,187,18,66,101,35,0.061,0.233
33867,170,187,17,70,103,33,0.056,0.206
33868,165,182,17,64,97,33,0.056,0.206
33870,170,188,18,70,104,34,0.089,0.317
33872,170,188,18,68,103,35,0.089,0.317
33873,172,190,18,72,106,34,0.061,0.233
33875,172,190,18,72,105,33,0.089,0.317
33876,173,191,18,73,107,34,0.089,0.317
33877,169,187,18,68,101,33,0.056,0.206
33880,167,184,17,64,98,34,0.056,0.206
33881,166,184,18,63,97,34,0.056,0.206
33884,169,186,17,68,101,33,0.056,0.206
33890,171,189,18,70,104,34,0.061,0.233
33896,164,181,17,64,97,33,0.056,0.206
33897,164,181,17,63,96,33,0.056,0.206
33898,168,186,18,66,100,34,0.056,0.206
33901,176,193,17,73,110,37,0.272,1.061
33903,174,191,17,71,108,37,0.272,1.061
33904,173,189,16,74,109,35,0.272,1.061
33905,178,196,18,69,108,39,0.272,1.061
33907,176,193,17,72,110,38,0.272,1.061
33908,172,187,15,78,110,32,0.272,1.061
33909,175,192,17,74,110,36,0.272,1.061
33912,176,193,17,73,110,37,0.272,1.061
33913,179,196,17,73,111,38,0.272,1.061
33914,172,188,16,76,109,33,0.272,1.061
33916,176,193,17,71,109,38,0.272,1.061
33917,176,195,19,68,107,39,0.272,1.061
33919,174,190,16,74,110,36,0.272,1.061
33920,181,199,18,74,112,38,0.272,1.061
33921,168,181,13,86,112,26,0.272,1.061
33922,170,185,15,82,111,29,0.272,1.061
33924,189,201,12,124,145,21,0.272,1.061
33928,177,193,16,80,114,34,0.272,1.061
33930,189,207,18,87,122,35,0.233,0.856
33931,182,195,13,102,128,26,0.272,1.061
33935,184,202,18,82,117,35,0.233,0.856
33936,182,200,18,76,114,38,0.272,1.061
33944,178,195,17,74,110,36,0.083,0.322
33945,191,202,11,126,147,21,0.272,1.061
33946,168,181,13,84,111,27,0.144,0.706
33947,169,183,14,84,112,28,0.144,0.706
33948,174,190,16,77,110,33,0.144,0.706
33950,177,193,16,78,111,33,0.144,0.706
33952,177,194,17,78,111,33,0.144,0.706
33953,171,187,16,74,108,34,0.144,0.706
33954,179,196,17,79,113,34,0.144,0.706
33955,178,193,15,83,114,31,0.144,0.706
33956,170,185,15,82,111,29,0.272,1.061
33957,192,204,12,126,146,20,0.272,1.061
33960,178,195,17,76,110,34,0.089,0.317
33965,176,192,16,79,113,34,0.272,1.061
33966,176,193,17,72,110,38,0.272,1.061
33967,175,191,16,79,112,33,0.272,1.061
33971,179,197,18,72,111,39,0.272,1.061
33972,180,199,19,73,112,39,0.272,1.061
33973,178,196,18,71,110,39,0.272,1.061
33974,187,206,19,81,119,38,0.272,1.061
33976,179,197,18,73,111,38,0.272,1.061
33980,178,195,17,78,111,33,0.144,0.706
33981,170,185,15,80,110,30,0.144,0.706
33982,181,198,17,77,113,36,0.144,0.706
33983,180,197,17,77,111,34,0.144,0.706
33990,173,189,16,72,108,36,0.272,1.061
33991,173,189,16,77,110,33,0.272,1.061
33993,174,190,16,79,112,33,0.272,1.061
34101,175,191,16,81,115,34,0.339,1.328
34102,177,192,15,88,117,29,0.339,1.328
34103,181,196,15,95,122,27,0.339,1.328
34104,179,195,16,89,118,29,0.339,1.328
34105,180,196,16,90,119,29,0.339,1.328
34108,178,193,15,92,119,27,0.339,1.328
34109,180,195,15,92,120,28,0.339,1.328
34110,179,195,16,88,119,31,0.339,1.328
34112,178,193,15,89,117,28,0.339,1.328
34113,178,193,15,89,118,29,0.339,1.328
34114,185,202,17,97,125,28,0.339,1.328
34116,181,197,16,92,121,29,0.339,1.328
34117,200,218,18,111,137,26,0.339,1.328
34119,182,199,17,91,121,30,0.339,1.328
34120,200,218,18,105,135,30,0.339,1.328
34134,176,191,15,85,115,30,0.272,1.061
34135,179,195,16,86,117,31,0.272,1.061
34137,203,222,19,115,142,27,,
34138,183,203,20,88,123,35,0.339,1.328
34139,186,206,20,94,127,33,0.339,1.328
34140,174,191,17,79,114,35,0.339,1.328
34141,201,220,19,108,138,30,0.339,1.328
34142,202,221,19,109,138,29,0.339,1.328
34145,174,191,17,76,113,37,0.339,1.328
34201,169,186,17,73,109,36,0.122,0.472
34202,178,195,17,83,117,34,0.122,0.472
34203,164,181,17,69,105,36,0.122,0.472
34205,162,178,16,69,104,35,0.122,0.472
34207,161,176,15,64,101,37,0.122,0.472
34208,163,180,17,70,105,35,0.122,0.472
34209,162,177,15,70,105,35,0.122,0.472
34210,160,175,15,68,103,35,0.122,0.472
34211,173,190,17,76,112,36,0.122,0.472
34212,167,184,17,70,107,37,0.122,0.472
34215,159,174,15,72,105,33,0.122,0.472
34216,159,174,15,75,106,31,0.122,0.472
34217,159,174,15,73,105,32,0.122,0.472
34219,165,183,18,67,104,37,0.122,0.472
34221,162,178,16,70,105,35,0.122,0.472
34222,163,180,17,68,104,36,0.122,0.472
34223,165,179,14,80,110,30,0.117,0.333
34224,167,182,15,83,111,28,0.144,0.706
34228,160,175,15,71,104,33,0.117,0.333
34229,167,182,15,79,111,32,0.117,0.333
34231,166,181,15,80,111,31,0.117,0.333
34232,171,186,15,80,113,33,0.117,0.333
34233,171,186,15,81,114,33,0.117,0.333
34234,163,178,15,73,106,33,0.117,0.333
34235,168,183,15,75,110,35,0.117,0.333
34236,163,178,15,76,108,32,0.117,0.333
34237,166,182,16,76,109,33,0.117,0.333
34238,169,184,15,82,113,31,0.117,0.333
34239,166,181,15,79,110,31,0.117,0.333
34240,180,196,16,91,122,31,0.117,0.333
34241,178,193,15,90,121,31,0.117,0.333
34242,163,178,15,79,108,29,0.117,0.333
34243,164,181,17,69,105,36,0.122,0.472
34251,174,191,17,71,107,36,0.122,0.472
34266,174,192,18,67,105,38,0.117,0.322
34268,174,193,19,67,105,38,0.117,0.322
34269,183,201,18,78,114,36,0.117,0.322
34275,168,183,15,79,111,32,0.117,0.333
34285,165,180,15,78,109,31,0.117,0.333
34286,181,198,17,81,116,35,0.117,0.333
34287,175,192,17,74,110,36,0.117,0.333
34288,183,200,17,80,115,35,0.117,0.333
34289,185,201,16,84,119,35,0.117,0.333
34291,180,197,17,81,116,35,0.117,0.333
34292,168,184,16,77,110,33,0.117,0.333
34293,166,182,16,76,109,33,0.117,0.333
34420,157,173,16,65,94,29,0.133,0.361
34428,158,174,16,71,102,31,0.672,2.456
34429,162,177,15,80,108,28,0.672,2.456
34431,146,163,17,47,81,34,0.133,0.361
34432,150,167,17,51,84,33,0.133,0.361
34433,145,161,16,53,85,32,0.672,2.456
34434,149,165,16,50,83,33,0.672,2.456
34436,160,177,17,62,95,33,0.672,2.456
34442,157,173,16,59,92,33,0.672,2.456
34445,153,170,17,55,88,33,0.672,2.456
34446,165,179,14,80,109,29,0.672,2.456
34448,166,181,15,84,111,27,0.672,2.456
34449,152,167,15,68,97,29,0.350,1.094
34450,157,173,16,58,91,33,0.672,2.456
34452,159,175,16,61,94,33,0.672,2.456
34453,158,175,17,62,95,33,0.672,2.456
34461,159,175,16,66,99,33,0.672,2.456
34465,153,168,15,58,91,33,0.672,2.456
34470,153,170,17,58,88,30,0.133,0.361
34471,153,170,17,57,88,31,0.133,0.361
34472,156,172,16,62,92,30,0.133,0.361
34473,155,171,16,59,90,31,0.133,0.361
34474,151,168,17,54,86,32,0.133,0.361
34475,152,168,16,55,86,31,0.133,0.361
34476,154,170,16,57,88,31,0.133,0.361
34479,152,169,17,56,87,31,0.133,0.361
34480,156,172,16,61,91,30,0.133,0.361
34481,150,167,17,52,85,33,0.133,0.361
34482,150,166,16,52,84,32,0.133,0.361
34484,157,173,16,63,93,30,0.106,0.261
34488,154,169,15,63,92,29,0.133,0.361
34491,156,173,17,66,95,29,0.133,0.361
34498,155,169,14,75,103,28,0.350,1.094
34601,167,184,17,72,106,34,0.689,2.689
34602,170,187,17,73,106,33,0.689,2.689
34604,168,185,17,75,108,33,0.689,2.689
34606,169,184,15,90,116,26,0.689,2.689
34607,170,183,13,96,119,23,0.689,2.689
34608,167,181,14,84,112,28,0.689,2.689
34609,167,183,16,77,109,32,0.689,2.689
34610,167,182,15,78,109,31,0.478,2.133
34613,168,183,15,85,113,28,0.689,2.689
34614,167,182,15,83,111,28,0.689,2.689
34637,170,186,16,74,108,34,0.478,2.133
34638,168,185,17,72,106,34,0.478,2.133
34639,170,187,17,75,108,33,0.478,2.133
34652,164,179,15,87,115,28,0.478,2.133
34653,163,178,15,84,112,28,0.478,2.133
34654,165,181,16,80,110,30,0.478,2.133
34655,162,178,16,77,108,31,0.478,2.133
34661,165,182,17,66,100,34,0.689,2.689
34667,172,185,13,101,124,23,0.478,2.133
34668,166,180,14,92,117,25,0.478,2.133
34669,166,181,15,82,111,29,0.478,2.133
34677,159,174,15,75,106,31,0.478,2.133
34679,166,180,14,96,117,21,0.478,2.133
34681,160,174,14,86,112,26,0.478,2.133
34683,161,176,15,81,111,30,0.478,2.133
34684,161,176,15,79,110,31,0.478,2.133
34685,161,176,15,78,109,31,0.478,2.133
34688,162,177,15,80,110,30,0.478,2.133
34689,163,179,16,87,115,28,0.478,2.133
34690,164,179,15,85,114,29,0.478,2.133
34691,164,179,15,87,115,28,0.478,2.133
34695,158,172,14,77,107,30,0.478,2.133
34698,157,172,15,79,108,29,0.478,2.133
34705,156,173,17,59,91,32,0.106,0.261
34711,162,179,17,62,94,32,0.106,0.261
34714,163,180,17,63,96,33,0.106,0.261
34715,161,178,17,62,94,32,0.106,0.261
34731,153,170,17,56,87,31,0.106,0.261
34734,160,178,18,62,94,32,0.067,0.222
34736,161,179,18,63,95,32,0.106,0.261
34737,157,174,17,60,91,31,0.106,0.261
34739,167,184,17,69,101,32,0.089,0.300
34741,163,181,18,63,96,33,0.089,0.300
34743,163,180,17,64,96,32,0.089,0.300
34744,163,180,17,64,97,33,0.089,0.300
34746,164,181,17,64,97,33,0.089,0.300
34747,164,181,17,63,96,33,0.089,0.300
34748,155,172,17,57,89,32,0.106,0.261
34753,162,179,17,64,96,32,0.106,0.261
34756,160,177,17,62,94,32,0.106,0.261
34758,165,183,18,65,98,33,0.089,0.300
34759,167,184,17,67,100,33,0.056,0.206
34760,161,178,17,63,95,32,0.067,0.222
34761,159,176,17,61,93,32,0.067,0.222
34762,157,174,17,59,91,32,0.106,0.261
34769,164,181,17,64,97,33,0.089,0.300
34771,163,180,17,65,97,32,0.089,0.300
34772,165,182,17,65,98,33,0.089,0.300
34773,163,180,17,64,96,32,0.089,0.300
34785,158,175,17,62,93,31,0.106,0.261
34786,161,178,17,63,95,32,0.067,0.222
34787,161,178,17,63,95,32,0.067,0.222
34788,147,165,18,51,82,31,0.106,0.261
34797,154,172,18,57,89,32,0.106,0.261
34945,163,181,18,59,95,36,0.072,0.272
34946,158,175,17,58,93,35,0.072,0.272
34947,160,176,16,59,94,35,0.072,0.272
34949,156,172,16,52,89,37,0.072,0.272
34950,158,173,15,56,92,36,0.072,0.272
34951,159,177,18,57,94,37,0.072,0.272
34952,161,177,16,56,92,36,0.072,0.272
34953,160,178,18,56,92,36,0.072,0.272
34956,172,190,18,70,105,35,0.050,0.261
34957,162,177,15,57,92,35,0.050,0.261
34972,169,187,18,63,98,35,0.072,0.289
34974,168,186,18,61,98,37,0.072,0.289
34981,159,175,16,57,92,35,0.072,0.272
34982,159,175,16,56,92,36,0.072,0.272
34983,159,175,16,56,91,35,0.072,0.272
34984,160,177,17,54,90,36,0.072,0.272
34986,160,177,17,57,92,35,0.072,0.272
34987,165,183,18,62,98,36,0.072,0.272
34990,162,180,18,56,93,37,0.050,0.261
34994,161,178,17,57,92,35,0.050,0.261
34996,161,177,16,57,92,35,0.050,0.261
34997,166,183,17,63,99,36,0.050,0.261
35004,93,112,19,28,48,20,0.061,0.189
35005,100,118,18,34,55,21,0.050,0.183
35006,105,123,18,39,61,22,0.050,0.183
35007,101,120,19,33,54,21,0.061,0.250
35010,104,123,19,35,58,23,0.122,0.350
35013,89,108,19,25,44,19,0.033,0.200
35014,106,124,18,39,61,22,0.089,0.317
35016,80,101,21,20,37,17,0.044,0.144
35019,83,103,20,21,38,17,0.033,0.222
35020,105,123,18,40,61,21,0.050,0.183
35022,105,122,17,39,60,21,0.050,0.183
35023,107,124,17,42,63,21,0.050,0.183
35031,88,108,20,25,44,19,0.033,0.200
35032,107,126,19,39,61,22,0.089,0.317
35033,95,113,18,30,50,20,0.033,0.222
35034,106,123,17,38,59,21,0.128,0.333
35035,105,123,18,37,58,21,0.128,0.333
35036,101,119,18,35,56,21,0.050,0.183
35040,102,120,18,33,54,21,0.061,0.250
35042,108,125,17,41,62,21,0.128,0.333
35043,102,121,19,35,57,22,0.061,0.250
35044,108,127,19,40,62,22,0.089,0.317
35045,101,120,19,32,53,21,0.056,0.183
35046,103,122,19,34,56,22,0.056,0.183
35049,96,115,19,32,53,21,0.033,0.200
35051,104,122,18,36,57,21,0.061,0.250
35052,94,113,19,29,49,20,0.061,0.189
35053,93,112,19,29,48,19,0.033,0.222
35054,103,122,19,37,59,22,0.061,0.189
35055,90,109,19,25,44,19,0.033,0.222
35057,90,109,19,26,45,19,0.033,0.222
35058,86,106,20,22,41,19,0.033,0.222
35060,101,119,18,36,57,21,0.050,0.183
35061,106,123,17,41,62,21,0.050,0.183
35062,101,118,17,35,56,21,0.050,0.183
35063,97,115,18,31,51,20,0.028,0.178
35064,102,120,18,37,58,21,0.050,0.183
35068,97,116,19,32,52,20,0.050,0.183
35070,90,109,19,26,45,19,0.033,0.222
35071,97,116,19,32,52,20,0.050,0.183
35072,98,117,19,30,51,21,0.106,0.306
35073,100,118,18,34,55,21,0.050,0.183
35074,104,122,18,37,58,21,0.128,0.333
35077,94,112,18,29,49,20,0.033,0.222
35078,110,128,18,41,64,23,0.061,0.250
35079,96,114,18,31,51,20,0.033,0.200
35080,104,122,18,37,58,21,0.061,0.250
35082,93,113,20,26,47,21,0.089,0.317
35083,87,107,20,24,43,19,0.033,0.222
35085,99,119,20,31,51,20,0.056,0.183
35087,81,102,21,20,38,18,0.033,0.222
35089,101,121,20,33,55,22,0.106,0.306
35091,101,119,18,35,56,21,0.050,0.183
35094,95,115,20,30,50,20,0.050,0.183
35096,101,119,18,35,57,22,0.089,0.317
35097,94,113,19,30,50,20,0.033,0.200
35098,91,110,19,27,46,19,0.033,0.222
35111,104,122,18,37,58,21,0.122,0.428
35112,93,112,19,28,48,20,0.061,0.189
35114,102,120,18,34,55,21,0.061,0.250
35115,103,121,18,34,55,21,0.061,0.250
35116,100,118,18,34,55,21,0.050,0.183
35117,98,117,19,33,54,21,0.050,0.183
35118,103,120,17,37,58,21,0.050,0.183
35119,96,115,19,30,50,20,0.050,0.183
35120,92,112,20,28,47,19,0.061,0.189
35121,85,105,20,22,40,18,0.033,0.200
35124,101,120,19,34,55,21,0.061,0.250
35125,99,117,18,34,55,21,0.061,0.189
35126,90,110,20,26,45,19,0.050,0.183
35127,104,121,17,38,59,21,0.050,0.183
35128,101,119,18,35,57,22,0.061,0.189
35130,103,121,18,37,58,21,0.028,0.178
35131,99,117,18,33,55,22,0.061,0.189
35133,88,108,20,24,43,19,0.033,0.200
35135,101,119,18,35,57,22,0.061,0.189
35136,101,120,19,32,53,21,0.106,0.306
35139,101,119,18,35,56,21,0.050,0.183
35143,104,123,19,36,58,22,0.061,0.250
35146,92,111,19,27,47,20,0.061,0.189
35147,102,120,18,35,56,21,0.061,0.250
35148,99,117,18,33,54,21,0.028,0.178
35149,102,121,19,35,57,22,0.089,0.317
35150,100,119,19,33,54,21,0.089,0.317
35151,100,119,19,32,54,22,0.089,0.317
35160,103,121,18,38,60,22,0.089,0.317
35171,100,119,19,32,52,20,0.056,0.183
35172,98,116,18,33,54,21,0.033,0.200
35173,95,114,19,30,50,20,0.050,0.183
35175,80,101,21,20,38,18,0.044,0.144
35176,101,119,18,34,55,21,0.061,0.250
35178,107,126,19,40,63,23,0.061,0.250
35179,85,105,20,22,40,18,0.033,0.222
35180,99,117,18,34,54,20,0.050,0.183
35183,97,117,20,30,50,20,0.106,0.306
35184,106,124,18,40,61,21,0.128,0.333
35186,106,125,19,38,60,22,0.061,0.250
35187,103,122,19,35,55,20,0.061,0.250
35188,105,122,17,37,59,22,0.128,0.333
35203,95,114,19,30,50,20,0.050,0.183
35204,97,116,19,32,52,20,0.050,0.183
35205,94,114,20,29,50,21,0.050,0.183
35206,92,112,20,28,48,20,0.050,0.183
35207,97,116,19,32,53,21,0.050,0.183
35208,100,118,18,35,56,21,0.050,0.183
35209,95,114,19,30,50,20,0.050,0.183
35210,96,115,19,31,52,21,0.050,0.183
35211,97,116,19,32,53,21,0.050,0.183
35212,94,113,19,29,49,20,0.050,0.183
35213,95,114,19,30,50,20,0.050,0.183
35214,99,118,19,34,55,21,0.050,0.183
35215,91,111,20,26,46,20,0.050,0.183
35216,101,119,18,36,57,21,0.050,0.183
35217,95,114,19,30,50,20,0.050,0.183
35218,101,119,18,35,56,21,0.050,0.183
35221,100,118,18,35,56,21,0.050,0.183
35222,94,113,19,29,49,20,0.050,0.183
35223,97,116,19,32,53,21,0.050,0.183
35224,102,120,18,36,57,21,0.050,0.183
35226,102,120,18,37,58,21,0.050,0.183
35228,102,120,18,37,58,21,0.050,0.183
35229,96,115,19,31,51,20,0.050,0.183
35233,94,113,19,29,49,20,0.050,0.183
35234,97,116,19,32,52,20,0.050,0.183
35235,92,112,20,27,47,20,0.050,0.183
35242,96,115,19,30,51,21,0.061,0.250
35243,100,119,19,35,56,21,0.050,0.183
35244,103,121,18,37,58,21,0.050,0.183
35254,100,118,18,34,55,21,0.050,0.183
35401,111,128,17,44,66,22,0.122,0.428
35404,109,126,17,41,63,22,0.122,0.428
35405,109,126,17,42,63,21,0.122,0.428
35406,109,126,17,42,64,22,0.122,0.428
35441,115,131,16,45,68,23,0.117,0.411
35442,113,129,16,45,68,23,0.150,0.461
35443,114,130,16,44,67,23,0.156,0.461
35444,104,122,18,37,58,21,0.122,0.428
35446,110,126,16,42,64,22,0.122,0.428
35447,112,127,15,45,67,22,0.150,0.461
35452,111,127,16,43,65,22,0.122,0.428
35453,108,125,17,41,62,21,0.122,0.428
35456,109,126,17,41,63,22,0.122,0.428
35457,111,127,16,44,66,22,0.122,0.428
35458,110,126,16,43,65,22,0.122,0.428
35459,115,131,16,45,68,23,0.139,0.411
35460,115,131,16,46,69,23,0.139,0.411
35461,110,126,16,43,65,22,0.150,0.461
35462,113,129,16,44,67,23,0.156,0.461
35463,113,129,16,45,67,22,0.122,0.428
35464,113,129,16,44,66,22,0.139,0.411
35466,109,125,16,43,65,22,0.150,0.461
35469,114,130,16,45,67,22,0.156,0.461
35470,116,133,17,46,69,23,0.139,0.411
35473,111,128,17,44,65,21,0.122,0.428
35474,111,128,17,42,64,22,0.117,0.411
35475,107,124,17,41,62,21,0.122,0.428
35476,112,128,16,44,66,22,0.122,0.428
35477,113,129,16,44,67,23,0.139,0.411
35480,112,128,16,44,65,21,0.122,0.428
35481,110,126,16,43,65,22,0.150,0.461
35490,105,122,17,38,59,21,0.122,0.428
35501,101,118,17,36,56,20,0.028,0.178
35503,95,113,18,31,51,20,0.028,0.178
35504,98,115,17,33,53,20,0.028,0.178
35540,88,107,19,25,44,19,0.022,0.172
35541,92,111,19,28,48,20,0.022,0.172
35542,101,118,17,36,57,21,0.067,0.300
35543,89,109,20,29,48,19,0.122,0.533
35544,97,115,18,33,53,20,0.122,0.528
35545,103,121,18,37,58,21,0.067,0.300
35546,101,119,18,36,56,20,0.067,0.300
35548,93,112,19,30,50,20,0.122,0.533
35549,97,115,18,32,52,20,0.028,0.178
35550,102,119,17,36,57,21,0.028,0.178
35552,100,118,18,36,56,20,0.122,0.533
35553,89,108,19,26,45,19,0.022,0.172
35554,95,113,18,31,51,20,0.067,0.300
35555,105,121,16,39,61,22,0.067,0.300
35559,96,114,18,32,52,20,0.067,0.300
35563,94,113,19,31,51,20,0.122,0.533
35564,89,108,19,29,48,19,0.122,0.533
35565,87,106,19,27,45,18,0.022,0.172
35570,98,116,18,35,55,20,0.122,0.533
35571,90,110,20,30,50,20,0.094,0.533
35572,89,108,19,27,45,18,0.022,0.172
35574,105,122,17,39,60,21,0.122,0.528
35575,91,110,19,28,47,19,0.022,0.172
35576,107,123,16,41,62,21,0.122,0.528
35577,90,109,19,28,47,19,0.022,0.172
35578,93,112,19,29,49,20,0.028,0.178
35579,102,119,17,36,57,21,0.028,0.178
35580,102,119,17,36,57,21,0.028,0.178
35581,85,105,20,25,44,19,0.094,0.533
35582,98,116,18,36,57,21,0.094,0.533
35584,102,119,17,36,57,21,0.028,0.178
35585,83,103,20,24,43,19,0.094,0.533
35586,101,119,18,36,57,21,0.122,0.528
35587,99,117,18,34,55,21,0.028,0.178
35592,103,120,17,37,58,21,0.122,0.528
35593,96,115,19,34,55,21,0.094,0.533
35594,96,114,18,32,52,20,0.122,0.533
35601,89,108,19,29,48,19,0.050,0.161
35603,88,107,19,27,47,20,0.050,0.161
35610,85,105,20,27,46,19,0.161,0.694
35611,87,106,19,27,46,19,0.106,0.261
35613,84,104,20,25,44,19,0.106,0.261
35614,85,104,19,26,45,19,0.106,0.261
35615,90,109,19,30,50,20,0.106,0.261
35616,93,111,18,33,53,20,0.122,0.522
35618,92,111,19,32,52,20,0.094,0.300
35619,89,109,20,28,47,19,0.050,0.161
35620,83,103,20,24,43,19,0.106,0.261
35621,83,103,20,20,38,18,0.050,0.161
35622,85,105,20,23,41,18,0.050,0.161
35630,95,114,19,36,56,20,0.161,0.694
35633,95,114,19,35,55,20,0.161,0.694
35634,92,111,19,33,53,20,0.161,0.694
35640,89,108,19,27,47,20,0.050,0.161
35643,90,109,19,30,49,19,0.094,0.300
35645,91,110,19,31,51,20,0.161,0.694
35646,92,111,19,33,53,20,0.122,0.522
35647,86,106,20,28,47,19,0.106,0.261
35648,87,106,19,28,47,19,0.161,0.694
35649,90,109,19,31,50,19,0.106,0.261
35650,92,111,19,31,50,19,0.094,0.300
35651,91,110,19,31,50,19,0.094,0.300
35652,91,110,19,31,51,20,0.161,0.694
35653,88,107,19,28,47,19,0.094,0.533
35654,88,107,19,28,47,19,0.094,0.533
35660,97,115,18,37,58,21,0.122,0.522
35661,95,113,18,35,55,20,0.122,0.522
35670,86,106,20,25,44,19,0.050,0.161
35671,90,109,19,30,50,20,0.106,0.261
35672,92,112,20,32,52,20,0.094,0.300
35673,88,108,20,27,47,20,0.094,0.300
35674,93,112,19,33,53,20,0.122,0.522
35677,92,111,19,32,53,21,0.161,0.694
35739,80,100,20,21,39,18,0.106,0.261
35740,84,104,20,26,45,19,0.061,0.178
35741,83,103,20,24,43,19,0.039,0.106
35744,73,94,21,19,36,17,0.061,0.178
35745,72,93,21,18,35,17,0.061,0.178
35746,83,103,20,26,44,18,0.061,0.178
35747,84,104,20,24,43,19,0.044,0.144
35748,80,101,21,23,41,18,0.039,0.106
35749,81,101,20,22,40,18,0.039,0.106
35750,82,102,20,23,42,19,0.039,0.106
35751,74,96,22,19,36,17,0.061,0.178
35752,90,109,19,30,50,20,0.061,0.178
35754,80,101,21,21,39,18,0.050,0.161
35755,84,104,20,24,43,19,0.044,0.144
35756,87,106,19,27,46,19,0.106,0.261
35757,82,102,20,23,41,18,0.039,0.106
35758,84,104,20,25,44,19,0.039,0.106
35759,83,103,20,24,43,19,0.039,0.106
35760,90,109,19,29,49,20,0.039,0.106
35761,79,100,21,22,40,18,0.039,0.106
35763,88,107,19,27,47,20,0.039,0.106
35764,80,101,21,22,41,19,0.061,0.178
35765,70,92,22,18,34,16,0.061,0.178
35766,71,93,22,17,34,17,0.061,0.178
35768,88,108,20,29,48,19,0.061,0.178
35769,90,109,19,29,49,20,0.061,0.178
35771,75,96,21,20,37,17,0.061,0.178
35772,86,106,20,28,47,19,0.061,0.178
35773,81,101,20,22,40,18,0.039,0.106
35774,77,98,21,21,38,17,0.061,0.178
35775,84,104,20,24,43,19,0.050,0.161
35776,85,105,20,25,44,19,0.061,0.178
35801,82,102,20,23,42,19,0.039,0.106
35802,82,102,20,23,42,19,0.039,0.106
35803,82,102,20,22,41,19,0.039,0.106
35805,87,106,19,27,46,19,0.039,0.106
35806,83,104,21,24,43,19,0.039,0.106
35808,84,104,20,25,43,18,0.039,0.106
35810,84,104,20,25,44,19,0.039,0.106
35811,82,103,21,24,42,18,0.039,0.106
35816,86,106,20,27,46,19,0.039,0.106
35824,87,107,20,27,46,19,0.039,0.106
35896,85,105,20,25,44,19,0.039,0.106
35901,96,115,19,33,53,20,0.111,0.289
35903,96,114,18,32,52,20,0.111,0.289
35904,95,113,18,31,52,21,0.111,0.289
35905,92,111,19,28,48,20,0.111,0.289
35906,96,114,18,32,52,20,0.111,0.289
35907,95,114,19,31,51,20,0.111,0.289
35950,81,101,20,21,39,18,0.044,0.144
35951,80,101,21,21,39,18,0.044,0.144
35952,85,105,20,23,41,18,0.111,0.289
35953,95,114,19,31,51,20,0.061,0.189
35954,93,111,18,30,50,20,0.111,0.289
35956,81,102,21,21,39,18,0.111,0.289
35957,80,101,21,20,38,18,0.044,0.144
35958,65,87,22,16,32,16,0.061,0.178
35959,94,113,19,30,51,21,0.078,0.250
35960,94,112,18,29,50,21,0.078,0.250
35961,82,102,20,23,41,18,0.061,0.161
35962,77,98,21,20,37,17,0.061,0.161
35963,78,99,21,21,39,18,0.061,0.161
35966,68,90,22,17,34,17,0.061,0.178
35967,75,96,21,21,38,17,0.061,0.161
35968,81,101,20,24,42,18,0.061,0.161
35971,74,96,22,19,36,17,0.061,0.161
35972,86,106,20,24,43,19,0.111,0.289
35973,89,109,20,27,47,20,0.078,0.250
35974,75,96,21,19,36,17,0.061,0.161
35975,77,98,21,20,37,17,0.061,0.161
35976,86,106,20,26,45,19,0.044,0.144
35978,68,91,23,17,33,16,0.061,0.161
35979,68,90,22,17,34,17,0.061,0.161
35980,86,106,20,24,43,19,0.044,0.144
35981,65,88,23,16,32,16,0.061,0.161
35983,94,113,19,31,52,21,0.078,0.250
35984,68,90,22,18,34,16,0.061,0.161
35986,74,96,22,19,36,17,0.061,0.161
35987,95,113,18,31,52,21,0.061,0.189
35988,72,94,22,17,34,17,0.061,0.161
35989,72,94,22,19,36,17,0.061,0.161
35990,85,105,20,23,42,19,0.111,0.289
36003,112,130,18,39,63,24,0.094,0.278
36005,111,130,19,35,60,25,0.172,0.450
36006,106,124,18,35,57,22,0.094,0.278
36009,120,137,17,42,68,26,0.122,0.322
36010,114,133,19,36,61,25,0.172,0.450
36013,112,130,18,40,64,24,0.172,0.439
36016,109,129,20,32,56,24,0.156,0.378
36017,112,132,20,34,59,25,0.156,0.378
36020,115,132,17,42,66,24,0.089,0.322
36022,107,126,19,36,59,23,0.089,0.322
36024,100,120,20,29,51,22,0.089,0.322
36025,112,130,18,40,64,24,0.089,0.322
36026,100,120,20,30,52,22,0.106,0.306
36027,113,132,19,36,61,25,0.156,0.378
36028,119,138,19,40,67,27,0.078,0.278
36029,111,130,19,38,62,24,0.167,0.433
36030,117,136,19,39,65,26,0.072,0.333
36031,110,129,19,37,61,24,0.167,0.433
36032,114,133,19,38,63,25,0.089,0.289
36033,118,137,19,40,66,26,0.072,0.333
36034,118,136,18,40,66,26,0.172,0.450
36035,116,135,19,39,65,26,0.172,0.450
36036,113,132,19,37,61,24,0.172,0.439
36037,119,138,19,42,68,26,0.072,0.333
36038,121,139,18,40,67,27,0.078,0.278
36039,111,129,18,39,63,24,0.106,0.339
36040,113,131,18,39,64,25,0.089,0.289
36041,112,132,20,36,60,24,0.122,0.322
36042,115,134,19,38,63,25,0.122,0.322
36043,113,132,19,40,64,24,0.172,0.439
36046,112,132,20,36,60,24,0.122,0.322
36047,114,132,18,39,63,24,0.089,0.289
36048,110,130,20,33,58,25,0.156,0.378
36049,116,135,19,40,66,26,0.122,0.322
36051,103,122,19,33,55,22,0.094,0.278
36052,112,131,19,39,63,24,0.172,0.439
36053,109,128,19,34,58,24,0.167,0.433
36054,113,131,18,40,64,24,0.089,0.322
36064,112,130,18,39,64,25,0.172,0.439
36066,111,130,19,38,62,24,0.094,0.278
36067,109,128,19,36,60,24,0.094,0.278
36069,112,131,19,37,61,24,0.172,0.439
36071,119,137,18,42,68,26,0.122,0.322
36075,110,129,19,39,63,24,0.106,0.339
36078,106,125,19,34,57,23,0.089,0.322
36079,115,134,19,38,64,26,0.172,0.450
36080,106,125,19,36,59,23,0.089,0.322
36081,114,133,19,38,63,25,0.172,0.450
36082,115,134,19,38,64,26,0.172,0.450
36083,107,126,19,35,59,24,0.106,0.339
36088,106,125,19,35,58,23,0.106,0.339
36089,107,126,19,33,57,24,0.167,0.433
36091,104,123,19,34,56,22,0.056,0.183
36092,108,127,19,37,60,23,0.089,0.322
36093,109,128,19,38,61,23,0.089,0.322
36104,112,131,19,39,63,24,0.172,0.439
36105,114,133,19,41,66,25,0.172,0.439
36106,113,131,18,40,64,24,0.172,0.439
36107,112,130,18,39,63,24,0.172,0.439
36108,114,133,19,41,66,25,0.172,0.439
36109,111,130,19,38,63,25,0.172,0.439
36110,113,131,18,40,64,24,0.172,0.439
36111,114,132,18,41,65,24,0.172,0.439
36112,112,131,19,39,63,24,0.172,0.439
36113,113,132,19,40,64,24,0.172,0.439
36115,113,131,18,40,65,25,0.172,0.439
36116,113,132,19,41,65,24,0.172,0.439
36117,112,131,19,40,64,24,0.172,0.439
36201,90,110,20,26,45,19,0.089,0.222
36203,93,113,20,28,48,20,0.089,0.222
36205,84,105,21,23,41,18,0.089,0.222
36206,88,108,20,25,44,19,0.089,0.222
36207,92,112,20,28,48,20,0.089,0.222
36250,96,114,18,30,51,21,0.089,0.222
36251,83,105,22,19,37,18,0.083,0.239
36255,86,107,21,21,39,18,0.083,0.239
36256,99,118,19,30,51,21,0.122,0.350
36258,83,105,22,20,38,18,0.083,0.239
36260,99,118,19,33,54,21,0.089,0.222
36262,80,102,22,19,36,17,0.022,0.139
36263,82,104,22,18,35,17,0.039,0.189
36264,84,105,21,22,40,18,0.022,0.139
36265,89,109,20,26,45,19,0.089,0.222
36266,84,105,21,20,38,18,0.083,0.239
36267,90,110,20,24,43,19,0.083,0.239
36268,95,115,20,30,51,21,0.089,0.317
36269,78,101,23,17,34,17,0.022,0.139
36271,98,116,18,32,54,22,0.089,0.222
36272,87,107,20,24,43,19,0.089,0.222
36273,80,103,23,17,35,18,0.022,0.139
36274,97,116,19,27,48,21,0.039,0.189
36276,97,116,19,27,48,21,0.039,0.189
36277,93,112,19,28,48,20,0.089,0.222
36278,87,108,21,21,39,18,0.039,0.189
36279,96,114,18,31,52,21,0.089,0.222
36280,81,104,23,17,34,17,0.039,0.189
36301,119,138,19,36,63,27,0.122,0.422
36303,118,136,18,36,62,26,0.122,0.422
36305,117,136,19,35,61,26,0.122,0.422
36310,115,134,19,35,61,26,0.056,0.256
36311,115,134,19,35,61,26,0.039,0.150
36312,122,141,19,39,67,28,0.122,0.422
36313,113,133,20,31,56,25,0.072,0.189
36314,116,135,19,32,58,26,0.072,0.189
36316,113,133,20,31,56,25,0.072,0.189
36317,114,133,19,35,61,26,0.056,0.256
36318,114,133,19,32,57,25,0.072,0.189
36319,124,142,18,42,70,28,0.122,0.422
36320,125,143,18,41,69,28,0.122,0.422
36321,120,139,19,38,65,27,0.122,0.422
36322,114,134,20,33,58,25,0.039,0.150
36323,117,136,19,38,64,26,0.072,0.206
36330,112,132,20,31,56,25,0.072,0.206
36340,116,135,19,32,58,26,0.072,0.189
36343,128,146,18,45,74,29,0.122,0.422
36344,115,134,19,31,57,26,0.072,0.189
36345,119,137,18,39,65,26,0.056,0.256
36346,115,134,19,36,62,26,0.072,0.206
36350,115,134,19,34,60,26,0.039,0.150
36351,112,132,20,32,57,25,0.072,0.206
36352,115,134,19,32,58,26,0.122,0.422
36353,117,135,18,37,64,27,0.056,0.256
36360,116,135,19,36,62,26,0.039,0.150
36362,115,134,19,33,59,26,0.039,0.150
36370,125,143,18,42,70,28,0.122,0.422
36371,115,134,19,34,59,25,0.039,0.150
36373,118,137,19,37,64,27,0.056,0.256
36374,115,134,19,36,62,26,0.039,0.150
36375,118,138,20,34,61,27,0.072,0.189
36376,120,138,18,38,65,27,0.122,0.422
36401,118,137,19,38,64,26,0.044,0.250
36420,121,140,19,40,67,27,0.078,0.278
36421,120,139,19,39,66,27,0.078,0.278
36425,118,136,18,40,65,25,0.061,0.328
36426,122,140,18,39,66,27,0.050,0.217
36432,121,139,18,40,67,27,0.044,0.250
36435,120,136,16,42,67,25,0.106,0.406
36436,120,137,17,40,66,26,0.167,0.494
36439,120,138,18,38,65,27,0.061,0.328
36441,123,140,17,39,65,26,0.050,0.217
36442,120,138,18,38,66,28,0.078,0.278
36444,121,138,17,40,66,26,0.061,0.328
36445,120,138,18,38,64,26,0.061,0.328
36446,121,138,17,41,67,26,0.167,0.494
36451,121,138,17,41,67,26,0.167,0.494
36453,119,138,19,38,64,26,0.072,0.206
36454,122,140,18,42,68,26,0.044,0.250
36455,121,139,18,39,67,28,0.078,0.278
36456,118,137,19,39,65,26,0.072,0.333
36460,120,138,18,39,65,26,0.061,0.328
36467,119,138,19,38,65,27,0.078,0.278
36470,121,139,18,40,66,26,0.061,0.328
36471,119,137,18,39,64,25,0.061,0.328
36473,122,140,18,41,68,27,0.044,0.250
36474,120,139,19,40,67,27,0.078,0.278
36475,120,139,19,40,67,27,0.044,0.250
36476,122,140,18,41,68,27,0.078,0.278
36477,116,135,19,34,60,26,0.072,0.189
36480,122,140,18,40,66,26,0.061,0.328
36481,119,136,17,41,66,25,0.061,0.328
36482,121,139,18,39,65,26,0.167,0.494
36483,121,139,18,40,67,27,0.078,0.278
36502,122,139,17,37,64,27,0.050,0.217
36505,119,137,18,35,60,25,0.072,0.239
36507,121,139,18,34,61,27,0.067,0.239
36509,115,131,16,28,58,30,0.072,0.239
36511,117,130,13,34,65,31,0.067,0.239
36512,125,142,17,40,68,28,0.072,0.239
36513,126,143,17,42,69,27,0.083,0.289
36518,126,143,17,44,70,26,0.083,0.289
36521,121,138,17,36,62,26,0.072,0.239
36522,122,139,17,40,67,27,0.072,0.239
36523,116,129,13,30,60,30,0.072,0.239
36524,122,139,17,43,68,25,0.167,0.494
36525,117,135,18,31,56,25,0.072,0.239
36526,122,139,17,34,63,29,0.067,0.239
36527,120,138,18,32,60,28,0.067,0.239
36528,114,127,13,31,62,31,0.072,0.239
36529,124,141,17,42,69,27,0.083,0.289
36530,119,132,13,35,66,31,0.067,0.239
36532,123,137,14,37,67,30,0.067,0.239
36535,121,134,13,37,68,31,0.067,0.239
36538,125,142,17,44,70,26,0.083,0.289
36539,123,139,16,41,68,27,0.083,0.289
36540,123,140,17,41,67,26,0.167,0.494
36541,117,135,18,30,58,28,0.072,0.239
36542,116,129,13,33,64,31,0.067,0.239
36543,122,139,17,40,66,26,0.050,0.217
36544,116,132,16,28,56,28,0.072,0.239
36545,124,141,17,43,69,26,0.167,0.494
36548,125,142,17,43,69,26,0.083,0.289
36549,117,131,14,34,64,30,0.067,0.239
36550,123,140,17,39,66,27,0.067,0.239
36551,117,136,19,30,57,27,0.067,0.239
36553,125,142,17,42,68,26,0.083,0.289
36555,121,134,13,38,69,31,0.067,0.239
36556,126,142,16,42,68,26,0.083,0.289
36558,125,142,17,44,70,26,0.083,0.289
36559,124,140,16,37,67,30,0.067,0.239
36560,127,143,16,43,70,27,0.072,0.239
36561,116,130,14,33,64,31,0.067,0.239
36562,121,139,18,36,63,27,0.067,0.239
36564,123,136,13,39,70,31,0.067,0.239
36567,118,135,17,31,58,27,0.067,0.239
36568,116,134,18,29,57,28,0.072,0.239
36569,126,142,16,44,70,26,0.083,0.289
36571,115,133,18,28,53,25,0.072,0.239
36572,116,134,18,28,54,26,0.072,0.239
36574,118,131,13,34,64,30,0.067,0.239
36575,116,135,19,30,56,26,0.072,0.239
36576,120,137,17,32,61,29,0.067,0.239
36578,118,137,19,31,58,27,0.067,0.239
36579,124,141,17,39,66,27,0.067,0.239
36580,122,136,14,35,65,30,0.067,0.239
36581,125,142,17,41,66,25,0.083,0.289
36582,116,133,17,29,57,28,0.072,0.239
36583,126,143,17,43,70,27,0.083,0.289
36584,124,141,17,42,69,27,0.083,0.289
36585,126,143,17,42,68,26,0.083,0.289
36587,118,136,18,32,59,27,0.072,0.239
36602,117,135,18,28,56,28,0.072,0.239
36603,116,135,19,28,55,27,0.072,0.239
36604,116,135,19,29,56,27,0.072,0.239
36605,117,134,17,29,57,28,0.072,0.239
36606,116,135,19,29,56,27,0.072,0.239
36607,115,134,19,27,54,27,0.072,0.239
36608,115,133,18,28,54,26,0.072,0.239
36609,116,134,18,28,55,27,0.072,0.239
36610,116,134,18,27,54,27,0.072,0.239
36611,115,134,19,27,53,26,0.072,0.239
36612,114,133,19,26,52,26,0.072,0.239
36613,115,134,19,28,54,26,0.072,0.239
36615,118,134,16,28,56,28,0.072,0.239
36616,116,135,19,28,55,27,0.072,0.239
36617,116,134,18,27,54,27,0.072,0.239
36618,114,133,19,27,53,26,0.072,0.239
36619,116,133,17,28,56,28,0.072,0.239
36688,115,133,18,28,54,26,0.072,0.239
36693,117,133,16,28,55,27,0.072,0.239
36695,115,133,18,28,54,26,0.072,0.239
36701,116,134,18,44,68,24,0.106,0.350
36703,118,135,17,45,69,24,0.106,0.350
36720,117,134,17,42,66,24,0.106,0.406
36722,118,135,17,42,67,25,0.106,0.406
36723,118,135,17,42,66,24,0.106,0.406
36726,117,134,17,40,65,25,0.106,0.406
36727,121,138,17,43,68,25,0.167,0.494
36728,117,133,16,41,66,25,0.106,0.406
36732,113,130,17,42,65,23,0.194,0.522
36736,119,136,17,42,66,24,0.194,0.522
36738,115,132,17,43,67,24,0.194,0.522
36740,115,131,16,44,67,23,0.156,0.461
36742,115,132,17,43,67,24,0.194,0.522
36744,117,133,16,47,70,23,0.117,0.411
36748,116,133,17,43,67,24,0.194,0.522
36749,112,130,18,40,63,23,0.094,0.278
36750,106,124,18,37,58,21,0.056,0.183
36751,121,138,17,41,66,25,0.061,0.328
36752,113,131,18,40,64,24,0.089,0.289
36753,116,134,18,37,62,25,0.106,0.406
36754,117,134,17,41,66,25,0.194,0.522
36756,108,125,17,37,59,22,0.094,0.317
36758,108,126,18,37,60,23,0.106,0.350
36759,113,131,18,40,64,24,0.106,0.350
36761,114,132,18,39,63,24,0.106,0.350
36763,117,134,17,44,68,24,0.194,0.522
36765,115,132,17,44,68,24,0.117,0.411
36766,115,133,18,38,62,24,0.106,0.406
36767,116,133,17,41,66,25,0.106,0.350
36768,115,133,18,39,63,24,0.106,0.406
36769,119,136,17,42,67,25,0.106,0.406
36773,116,133,17,41,66,25,0.106,0.350
36775,113,131,18,39,63,24,0.106,0.350
36776,117,133,16,46,70,24,0.117,0.411
36782,119,135,16,43,67,24,0.194,0.522
36783,116,133,17,41,65,24,0.194,0.522
36784,120,137,17,42,67,25,0.167,0.494
36785,112,131,19,39,62,23,0.089,0.289
36786,113,130,17,41,64,23,0.094,0.317
36790,108,126,18,39,61,22,0.056,0.183
36792,103,121,18,34,55,21,0.128,0.333
36793,104,123,19,35,57,22,0.128,0.333
36801,89,110,21,20,38,18,0.056,0.200
36804,96,116,20,25,46,21,0.056,0.200
36830,94,115,21,24,44,20,0.056,0.200
36832,95,115,20,25,45,20,0.056,0.200
36849,96,116,20,25,46,21,0.056,0.200
36850,98,118,20,28,49,21,0.122,0.350
36852,96,116,20,26,46,20,0.056,0.200
36853,100,119,19,30,51,21,0.122,0.350
36854,99,118,19,29,50,21,0.044,0.200
36855,99,119,20,30,51,21,0.044,0.200
36856,112,130,18,39,64,25,0.150,0.411
36858,105,124,19,33,56,23,0.150,0.411
36859,110,128,18,37,61,24,,
36860,106,125,19,34,57,23,0.150,0.411
36861,104,123,19,34,57,23,0.122,0.350
36862,96,116,20,25,46,21,0.044,0.200
36863,98,117,19,30,51,21,0.044,0.200
36865,99,119,20,28,49,21,0.056,0.200
36866,104,123,19,33,56,23,0.106,0.339
36867,110,128,18,37,61,24,0.150,0.411
36869,110,128,18,38,62,24,0.150,0.411
36870,107,125,18,34,58,24,0.056,0.200
36871,107,126,19,34,57,23,0.150,0.411
36874,102,121,19,30,52,22,0.056,0.200
36875,107,126,19,35,59,24,0.150,0.411
36877,105,124,19,33,55,22,0.056,0.200
36879,93,113,20,23,43,20,0.056,0.200
36901,116,133,17,46,69,23,0.139,0.411
36904,121,137,16,45,70,25,0.183,0.506
36907,118,134,16,47,71,24,0.139,0.411
36908,122,138,16,44,69,25,0.183,0.506
36910,119,135,16,46,70,24,0.183,0.506
36912,119,136,17,46,71,25,0.183,0.506
36913,120,137,17,44,69,25,0.183,0.506
36915,121,138,17,45,69,24,0.183,0.506
36916,119,135,16,45,69,24,0.183,0.506
36919,123,139,16,44,69,25,0.183,0.506
36921,122,138,16,45,69,24,0.183,0.506
36922,118,134,16,45,70,25,0.183,0.506
36925,117,134,17,47,71,24,0.139,0.411
37010,83,102,19,30,50,20,0.150,0.644
37012,81,101,20,26,45,19,0.100,0.350
37013,82,102,20,26,45,19,0.172,0.500
37014,82,102,20,26,45,19,0.261,0.733
37015,85,103,18,32,51,19,0.272,0.806
37016,80,101,21,24,43,19,0.078,0.261
37018,71,93,22,17,35,18,0.033,0.161
37019,80,99,19,22,41,19,0.061,0.256
37020,82,102,20,25,44,19,0.050,0.244
37022,81,101,20,27,47,20,0.078,0.422
37023,82,102,20,29,49,20,0.244,1.083
37025,88,107,19,36,56,20,0.189,0.806
37026,73,95,22,19,36,17,0.078,0.261
37027,82,102,20,26,45,19,0.261,0.733
37028,86,105,19,33,53,20,0.244,1.083
37029,91,108,17,40,60,20,0.328,1.100
37030,82,102,20,27,48,21,0.111,0.533
37031,86,105,19,31,52,21,0.078,0.422
37032,82,101,19,29,48,19,0.117,0.511
37033,88,108,20,33,53,20,0.189,0.806
37034,87,106,19,30,50,20,0.061,0.256
37035,85,103,18,32,51,19,0.272,0.806
37036,89,107,18,38,58,20,0.328,1.100
37037,83,103,20,26,46,20,0.083,0.306
37040,86,105,19,33,53,20,0.150,0.644
37042,86,105,19,33,53,20,0.150,0.644
37043,85,104,19,32,52,20,0.150,0.644
37046,83,102,19,27,46,19,0.261,0.733
37047,80,100,20,23,41,18,0.061,0.256
37048,76,97,21,23,42,19,0.078,0.422
37049,78,99,21,25,45,20,0.117,0.511
37050,86,105,19,33,53,20,0.244,1.083
37051,87,106,19,34,54,20,0.328,1.100
37052,86,105,19,33,53,20,0.150,0.644
37055,90,108,18,38,58,20,0.328,1.100
37057,87,106,19,33,54,21,0.206,0.767
37058,83,103,20,31,50,19,0.244,1.083
37059,73,94,21,19,37,18,0.100,0.350
37060,84,103,19,27,47,20,0.083,0.306
37061,86,105,19,32,53,21,0.189,0.906
37062,86,105,19,33,53,20,0.261,0.733
37064,85,104,19,29,49,20,0.261,0.733
37066,82,102,20,27,47,20,0.078,0.422
37067,84,104,20,28,48,20,0.261,0.733
37069,84,104,20,29,48,19,0.261,0.733
37072,80,100,20,25,45,20,0.172,0.500
37073,76,96,20,23,42,19,0.117,0.511
37074,87,107,20,33,55,22,0.111,0.611
37075,80,100,20,25,44,19,0.078,0.422
37076,81,101,20,25,44,19,0.172,0.500
37078,87,106,19,33,53,20,0.250,1.044
37079,85,104,19,32,51,19,0.244,1.083
37080,77,98,21,24,43,19,0.172,0.500
37082,88,106,18,35,55,20,0.272,0.806
37083,88,107,19,36,57,21,0.206,0.767
37085,85,105,20,28,48,20,0.083,0.306
37086,85,105,20,28,48,20,0.083,0.306
37087,86,105,19,30,51,21,0.089,0.400
37090,83,103,20,28,48,20,0.089,0.400
37091,84,103,19,27,46,19,0.061,0.256
37095,77,98,21,22,41,19,0.100,0.350
37096,85,105,20,30,49,19,0.172,0.889
37097,86,105,19,31,51,20,0.172,0.889
37098,88,107,19,35,55,20,0.189,0.806
37101,87,106,19,34,54,20,0.250,1.044
37110,74,96,22,19,37,18,0.033,0.172
37115,82,102,20,26,46,20,0.172,0.500
37118,83,104,21,26,46,20,0.083,0.306
37122,81,101,20,26,45,19,0.089,0.400
37127,85,105,20,28,48,20,0.083,0.306
37128,86,105,19,28,48,20,0.083,0.306
37129,86,105,19,28,48,20,0.083,0.306
37130,86,105,19,28,48,20,0.083,0.306
37132,86,106,20,29,49,20,0.083,0.306
37134,90,109,19,36,57,21,0.250,1.044
37135,82,102,20,26,45,19,0.261,0.733
37137,88,107,19,35,55,20,0.189,0.806
37138,80,101,21,25,44,19,0.172,0.500
37140,87,106,19,32,52,20,0.189,0.806
37141,79,99,20,26,46,20,0.117,0.511
37142,86,105,19,32,53,21,0.150,0.644
37143,85,104,19,30,50,20,0.272,0.806
37144,81,101,20,23,42,19,0.061,0.167
37145,82,102,20,28,48,20,0.111,0.533
37146,82,101,19,29,49,20,0.272,0.806
37148,77,97,20,24,44,20,0.078,0.422
37149,84,104,20,26,46,20,0.083,0.306
37150,81,101,20,27,48,21,0.206,0.767
37151,85,105,20,31,52,21,0.111,0.533
37153,84,104,20,27,46,19,0.083,0.306
37160,85,105,20,27,47,20,0.050,0.244
37165,86,105,19,33,53,20,0.328,1.100
37166,73,95,22,19,37,18,0.100,0.350
37167,85,105,20,28,49,21,0.083,0.306
37171,87,106,19,35,55,20,0.150,0.644
37172,79,99,20,27,46,19,0.117,0.511
37174,86,105,19,31,50,19,0.133,0.467
37175,86,105,19,32,53,21,0.189,0.906
37178,84,104,20,31,51,20,0.189,0.906
37179,85,104,19,29,49,20,0.261,0.733
37180,87,107,20,29,49,20,0.050,0.244
37181,87,106,19,34,55,21,0.328,1.100
37183,78,99,21,22,41,19,0.050,0.244
37184,80,100,20,25,44,19,0.089,0.400
37185,87,106,19,34,53,19,0.250,1.044
37186,82,102,20,29,50,21,0.078,0.422
37187,90,107,17,38,58,20,0.328,1.100
37188,76,96,20,22,41,19,0.117,0.511
37189,81,101,20,26,45,19,0.172,0.500
37190,79,100,21,22,41,19,0.078,0.261
37191,86,105,19,32,53,21,0.150,0.644
37201,83,103,20,27,46,19,0.172,0.500
37203,82,102,20,26,45,19,0.172,0.500
37204,81,101,20,25,44,19,0.172,0.500
37205,82,102,20,26,46,20,0.172,0.500
37206,83,102,19,26,45,19,0.172,0.500
37207,82,102,20,26,46,20,0.172,0.500
37208,83,103,20,27,46,19,0.172,0.500
37209,83,103,20,28,47,19,0.172,0.500
37210,82,102,20,25,45,20,0.172,0.500
37211,82,101,19,25,44,19,0.172,0.500
37212,82,101,19,25,45,20,0.172,0.500
37213,83,103,20,27,46,19,0.172,0.500
37214,82,102,20,25,45,20,0.172,0.500
37215,81,101,20,24,43,19,0.172,0.500
37216,82,102,20,26,45,19,0.172,0.500
37217,82,102,20,25,44,19,0.172,0.500
37218,84,103,19,28,48,20,0.172,0.500
37219,83,103,20,27,46,19,0.172,0.500
37220,81,101,20,25,44,19,0.172,0.500
37221,84,103,19,29,48,19,0.172,0.500
37228,83,103,20,27,47,20,0.172,0.500
37240,82,102,20,25,45,20,0.172,0.500
37243,83,103,20,27,46,19,0.172,0.500
37246,83,103,20,27,46,19,0.172,0.500
37301,52,75,23,9,22,13,0.028,0.089
37302,74,96,22,18,35,17,0.033,0.211
37303,80,102,22,23,43,20,0.050,0.306
37305,55,77,22,10,24,14,0.028,0.089
37306,71,94,23,18,35,17,0.056,0.128
37307,70,92,22,17,34,17,0.044,0.156
37308,79,101,22,22,41,19,0.033,0.211
37309,80,102,22,23,42,19,0.050,0.306
37310,79,102,23,22,42,20,0.044,0.200
37311,74,97,23,19,36,17,0.044,0.200
37312,76,98,22,20,38,18,0.044,0.200
37313,52,74,22,9,23,14,0.028,0.089
37315,75,97,22,19,36,17,0.033,0.211
37317,56,80,24,8,21,13,0.044,0.156
37318,67,90,23,15,31,16,0.056,0.128
37321,80,102,22,24,45,21,0.061,0.450
37322,84,105,21,26,48,22,0.061,0.450
37323,77,99,22,20,38,18,0.044,0.200
37324,72,94,22,18,35,17,0.056,0.128
37325,72,95,23,18,35,17,0.044,0.156
37326,59,82,23,9,22,13,0.044,0.156
37327,65,88,23,16,32,16,0.028,0.172
37328,73,95,22,19,36,17,0.061,0.167
37329,75,98,23,19,38,19,0.050,0.306
37330,77,99,22,21,39,18,0.056,0.128
37331,74,97,23,19,37,18,0.050,0.306
37332,80,102,22,26,46,20,0.061,0.450
37333,57,81,24,9,22,13,0.044,0.156
37334,80,101,21,23,41,18,0.061,0.167
37335,78,99,21,21,39,18,0.061,0.167
37336,78,100,22,21,40,19,0.044,0.200
37337,62,85,23,14,30,16,0.061,0.450
37338,58,81,23,13,28,15,0.028,0.228
37339,48,70,22,8,21,13,0.028,0.089
37340,64,87,23,15,31,16,0.044,0.167
37341,78,100,22,21,39,18,0.033,0.211
37342,72,94,22,18,35,17,0.033,0.161
37343,81,102,21,23,41,18,0.033,0.211
37345,74,96,22,19,36,17,0.056,0.128
37347,82,103,21,25,44,19,0.044,0.167
37348,78,99,21,21,39,18,0.061,0.167
37350,67,89,22,17,33,16,0.033,0.211
37351,80,101,21,23,41,18,0.033,0.211
37352,78,99,21,21,39,18,0.028,0.122
37353,75,97,22,19,36,17,0.044,0.200
37354,73,96,23,17,36,19,0.028,0.144
37355,73,95,22,18,35,17,0.033,0.161
37356,55,78,23,10,24,14,0.028,0.089
37357,73,95,22,18,36,18,0.033,0.172
37359,79,100,21,22,41,19,0.061,0.167
37360,74,96,22,19,36,17,0.033,0.161
37361,76,98,22,20,37,17,0.044,0.156
37362,76,98,22,19,37,18,0.044,0.156
37363,74,96,22,18,36,18,0.033,0.211
37365,44,66,22,7,19,12,0.028,0.089
37366,62,85,23,13,29,16,0.028,0.089
37367,62,84,22,14,29,15,0.028,0.228
37369,67,90,23,14,30,16,0.044,0.156
37370,80,102,22,23,43,20,0.050,0.306
37373,79,101,22,22,41,19,0.033,0.211
37374,66,88,22,16,32,16,0.044,0.167
37375,56,79,23,11,25,14,0.056,0.128
37376,68,90,22,17,33,16,0.056,0.128
37377,62,84,22,14,29,15,0.033,0.211
37379,78,99,21,21,40,19,0.033,0.211
37380,78,99,21,22,40,18,0.044,0.167
37381,75,97,22,22,41,19,0.061,0.450
37385,62,85,23,12,27,15,0.028,0.144
37387,52,74,22,9,23,14,0.028,0.089
37388,74,96,22,19,36,17,0.033,0.161
37391,54,78,24,8,20,12,0.044,0.156
37394,73,95,22,18,36,18,0.033,0.172
37396,62,84,22,14,28,14,0.044,0.167
37397,68,90,22,18,34,16,0.044,0.167
37398,75,98,23,20,38,18,0.056,0.128
37402,79,100,21,22,40,18,0.033,0.211
37403,77,98,21,21,38,17,0.033,0.211
37404,77,98,21,21,38,17,0.033,0.211
37405,76,97,21,21,38,17,0.033,0.211
37406,80,101,21,23,41,18,0.033,0.211
37407,74,96,22,19,36,17,0.033,0.211
37408,78,99,21,22,39,17,0.033,0.211
37409,78,99,21,22,39,17,0.033,0.211
37410,78,99,21,22,39,17,0.033,0.211
37411,81,102,21,23,42,19,0.033,0.211
37412,80,101,21,23,41,18,0.033,0.211
37415,80,101,21,23,41,18,0.033,0.211
37416,80,101,21,22,41,19,0.033,0.211
37419,68,91,23,17,33,16,0.033,0.211
37421,78,99,21,21,39,18,0.033,0.211
37601,45,69,24,4,14,10,0.000,0.028
37604,38,61,23,3,10,7,0.000,0.028
37614,27,49,22,1,5,4,0.000,0.028
37615,48,72,24,5,15,10,0.000,0.028
37616,56,80,24,8,21,13,0.006,0.078
37617,45,68,23,4,14,10,0.000,0.039
37618,44,67,23,4,14,10,0.000,0.039
37620,44,67,23,4,13,9,0.000,0.039
37640,16,33,17,1,3,2,0.000,0.006
37641,49,72,23,6,17,11,0.006,0.078
37642,57,81,24,8,21,13,0.011,0.061
37643,34,55,21,3,9,6,0.000,0.017
37645,57,81,24,8,20,12,0.011,0.061
37650,18,35,17,1,4,3,0.000,0.011
37656,44,67,23,3,12,9,0.000,0.028
37657,8,21,13,0,1,1,0.000,0.011
37658,12,28,16,0,2,2,0.000,0.017
37659,45,69,24,4,13,9,0.000,0.028
37660,57,81,24,8,21,13,0.000,0.039
37663,51,75,24,6,17,11,0.000,0.039
37664,51,75,24,6,17,11,0.000,0.039
37665,57,81,24,8,21,13,0.000,0.039
37680,4,14,10,0,0,0,0.000,0.006
37681,55,79,24,7,20,13,0.000,0.028
37682,36,60,24,2,9,7,0.000,0.017
37683,8,21,13,0,1,1,0.000,0.006
37686,49,73,24,5,16,11,0.000,0.039
37687,3,9,6,0,0,0,0.000,0.017
37688,6,17,11,0,1,1,0.000,0.006
37690,53,77,24,6,18,12,0.000,0.028
37691,2,8,6,0,0,0,0.000,0.006
37692,17,34,17,1,3,2,0.000,0.011
37694,49,73,24,5,16,11,0.000,0.017
37701,73,95,22,17,35,18,0.028,0.122
37705,65,88,23,13,29,16,0.033,0.156
37708,66,90,24,13,30,17,0.011,0.089
37709,70,94,24,16,34,18,0.011,0.089
37710,52,75,23,9,22,13,0.033,0.156
37711,66,89,23,12,28,16,0.011,0.061
37713,66,90,24,13,29,16,0.006,0.078
37714,60,83,23,11,26,15,0.011,0.122
37715,46,68,22,6,17,11,0.011,0.117
37716,70,94,24,16,34,18,0.033,0.156
37719,69,92,23,16,33,17,0.033,0.189
37721,67,91,24,14,31,17,0.028,0.128
37722,38,59,21,4,12,8,0.006,0.078
37723,46,69,23,7,18,11,0.028,0.194
37724,58,80,22,11,25,14,0.011,0.117
37725,66,90,24,13,30,17,0.011,0.089
37726,48,71,23,6,18,12,0.033,0.189
37727,41,63,22,5,14,9,0.006,0.078
37729,49,72,23,7,19,12,0.011,0.122
37730,46,69,23,6,17,11,0.011,0.117
37731,49,73,24,6,17,11,0.011,0.061
37732,53,76,23,8,22,14,0.017,0.122
37733,55,78,23,9,23,14,0.033,0.189
37737,71,94,23,16,34,18,0.028,0.122
37738,28,47,19,2,8,6,0.017,0.078
37742,72,95,23,17,35,18,0.033,0.156
37743,57,79,22,9,23,14,0.006,0.078
37745,62,86,24,10,25,15,0.006,0.078
37748,73,96,23,19,38,19,0.039,0.244
37752,55,78,23,10,23,13,0.011,0.117
37753,27,47,20,1,7,6,0.006,0.078
37754,67,90,23,14,31,17,0.033,0.156
37755,53,76,23,9,22,13,0.017,0.122
37756,47,71,24,7,18,11,0.017,0.122
37757,62,86,24,12,28,16,0.011,0.122
37760,61,85,24,11,26,15,0.011,0.089
37762,51,74,23,8,20,12,0.011,0.122
37763,74,96,22,19,37,18,0.039,0.244
37764,71,95,24,16,34,18,0.017,0.078
37765,55,78,23,8,21,13,0.011,0.050
37766,61,84,23,12,27,15,0.011,0.122
37769,67,90,23,14,31,17,0.033,0.156
37770,54,77,23,9,22,13,0.033,0.189
37771,76,98,22,19,39,20,0.033,0.156
37772,74,97,23,18,37,19,0.033,0.156
37774,75,97,22,19,38,19,0.033,0.156
37777,72,95,23,16,34,18,0.028,0.122
37779,62,85,23,12,27,15,0.011,0.122
37801,71,94,23,16,34,18,0.028,0.122
37803,67,90,23,14,30,16,0.028,0.122
37804,71,94,23,16,34,18,0.028,0.122
37806,73,96,23,17,35,18,0.028,0.128
37807,61,85,24,12,27,15,0.011,0.122
37809,66,89,23,12,28,16,0.006,0.078
37810,67,91,24,13,30,17,0.006,0.078
37811,65,89,24,13,29,16,0.011,0.061
37813,63,87,24,12,27,15,0.006,0.078
37814,61,85,24,11,26,15,0.006,0.078
37818,65,89,24,12,27,15,0.006,0.078
37819,49,72,23,8,20,12,0.011,0.122
37820,65,89,24,13,29,16,0.011,0.089
37821,60,83,23,10,25,15,0.006,0.078
37825,59,81,22,11,26,15,0.011,0.117
37826,74,97,23,18,37,19,0.050,0.306
37828,67,90,23,14,30,16,0.033,0.156
37829,65,88,23,14,31,17,0.033,0.189
37830,72,95,23,17,35,18,0.033,0.156
37840,70,93,23,16,34,18,0.039,0.244
37841,51,74,23,8,21,13,0.017,0.122
37843,61,84,23,10,24,14,0.006,0.078
37845,43,65,22,5,14,9,0.033,0.189
37846,72,95,23,17,35,18,0.033,0.156
37847,44,66,22,5,16,11,0.011,0.122
37848,62,85,23,12,27,15,0.011,0.089
37849,67,90,23,14,31,17,0.028,0.128
37851,42,64,22,4,14,10,0.011,0.117
37852,53,76,23,8,22,14,0.017,0.122
37853,73,95,22,17,35,18,0.028,0.122
37854,69,92,23,17,34,17,0.039,0.244
37857,62,86,24,10,25,15,0.011,0.061
37860,65,89,24,13,29,16,0.006,0.078
37861,64,88,24,13,29,16,0.011,0.089
37862,56,79,23,10,24,14,0.017,0.078
37863,62,85,23,11,26,15,0.017,0.078
37865,67,90,23,14,31,17,0.017,0.078
37866,64,87,23,13,29,16,0.011,0.122
37869,53,76,23,7,20,13,0.011,0.050
37870,60,83,23,12,27,15,0.011,0.117
37871,70,93,23,15,33,18,0.028,0.128
37872,49,72,23,7,19,12,0.033,0.189
37873,60,84,24,9,23,14,0.011,0.061
37874,72,94,22,17,35,18,0.028,0.144
37876,61,85,24,11,26,15,0.017,0.078
37877,62,86,24,11,26,15,0.006,0.078
37878,51,75,24,8,20,12,0.028,0.122
37879,56,78,22,10,23,13,0.011,0.117
37880,76,99,23,21,40,19,0.061,0.450
37881,54,77,23,8,21,13,0.011,0.089
37882,48,72,24,7,18,11,0.028,0.122
37885,73,96,23,18,36,18,0.028,0.144
37886,62,86,24,12,27,15,0.028,0.122
37887,57,80,23,10,24,14,0.033,0.189
37888,57,80,23,10,24,14,0.011,0.089
37890,70,94,24,15,33,18,0.011,0.089
37891,66,90,24,13,29,16,0.006,0.078
37892,48,71,23,7,19,12,0.017,0.122
37902,73,95,22,17,35,18,0.028,0.128
37909,70,93,23,15,33,18,0.028,0.128
37912,70,93,23,15,33,18,0.028,0.128
37914,74,97,23,18,37,19,0.028,0.128
37915,73,96,23,17,36,19,0.028,0.128
37916,73,95,22,17,35,18,0.028,0.128
37917,72,95,23,16,35,19,0.028,0.128
37918,69,92,23,15,32,17,0.028,0.128
37919,72,95,23,16,34,18,0.028,0.128
37920,72,95,23,16,34,18,0.028,0.128
37921,71,94,23,15,33,18,0.028,0.128
37922,73,96,23,17,35,18,0.028,0.128
37923,70,93,23,15,32,17,0.028,0.128
37924,73,96,23,17,35,18,0.028,0.128
37931,68,91,23,14,31,17,0.028,0.128
37932,70,92,22,15,32,17,0.028,0.128
37934,73,96,23,17,36,19,0.028,0.128
37938,66,89,23,13,30,17,0.028,0.128
38001,90,109,19,36,57,21,0.250,1.361
38002,99,116,17,42,64,22,0.344,2.233
38004,98,115,17,43,65,22,0.344,2.233
38006,93,111,18,38,59,21,0.250,1.361
38007,87,105,18,34,54,20,0.339,1.850
38008,97,114,17,41,63,22,0.272,1.567
38011,97,114,17,41,63,22,0.344,2.233
38012,94,111,17,38,60,22,0.222,1.506
38015,96,113,17,42,63,21,0.344,2.233
38016,99,116,17,42,64,22,0.344,2.233
38017,99,115,16,41,63,22,0.344,2.233
38018,100,117,17,43,64,21,0.344,2.233
38019,95,112,17,40,62,22,0.344,2.233
38021,89,108,19,36,56,20,0.250,1.361
38023,100,117,17,46,66,21,0.344,2.233
38024,86,105,19,33,53,20,0.339,1.850
38028,99,115,16,41,63,22,0.256,1.594
38029,100,117,17,43,65,22,0.344,2.233
38030,88,106,18,34,55,21,0.339,1.850
38034,89,107,18,35,56,21,0.250,1.361
38036,99,116,17,42,64,22,0.256,1.594
38037,90,108,18,36,57,21,0.350,1.889
38039,97,114,17,41,62,21,0.272,1.567
38040,89,107,18,35,55,20,0.350,1.889
38041,94,111,17,39,60,21,0.350,1.889
38042,96,113,17,41,62,21,0.272,1.567
38044,99,116,17,43,64,21,0.272,1.567
38046,98,114,16,42,63,21,0.256,1.594
38047,85,103,18,31,51,20,0.339,1.850
38049,97,114,17,41,62,21,0.344,2.233
38050,90,108,18,36,57,21,0.250,1.361
38052,98,115,17,42,63,21,0.272,1.567
38053,102,118,16,46,67,22,0.344,2.233
38057,99,116,17,42,63,21,0.256,1.594
38058,98,115,17,43,65,22,0.344,2.233
38059,87,105,18,33,54,21,0.339,1.850
38060,98,115,17,41,63,22,0.256,1.594
38061,99,116,17,42,63,21,0.272,1.567
38063,94,111,18,38,60,21,0.350,1.889
38066,99,116,17,42,63,21,0.256,1.594
38067,96,113,17,40,61,21,0.272,1.567
38068,97,114,17,41,62,21,0.256,1.594
38069,96,113,17,40,61,21,0.222,1.506
38070,88,107,19,35,55,20,0.339,1.850
38075,96,113,17,40,61,21,0.272,1.567
38076,97,114,17,41,62,21,0.256,1.594
38077,87,105,18,35,56,21,0.239,1.461
38079,87,105,18,36,56,21,0.239,1.461
38080,87,105,18,34,55,21,0.239,1.461
38103,100,117,17,42,64,22,0.344,2.233
38104,99,116,17,41,63,22,0.344,2.233
38105,100,117,17,42,64,22,0.344,2.233
38106,100,116,16,41,63,22,0.344,2.233
38107,100,117,17,43,65,22,0.344,2.233
38108,101,117,16,43,65,22,0.344,2.233
38109,101,117,16,42,63,21,0.344,2.233
38111,100,116,16,42,63,21,0.344,2.233
38112,100,116,16,42,64,22,0.344,2.233
38114,100,116,16,41,63,22,0.344,2.233
38115,100,116,16,42,64,22,0.344,2.233
38116,100,116,16,41,62,21,0.344,2.233
38117,100,116,16,42,64,22,0.344,2.233
38118,100,116,16,41,63,22,0.344,2.233
38119,100,116,16,42,64,22,0.344,2.233
38120,100,116,16,42,64,22,0.344,2.233
38122,101,117,16,43,65,22,0.344,2.233
38125,100,116,16,42,64,22,0.344,2.233
38126,100,116,16,41,63,22,0.344,2.233
38127,101,117,16,44,66,22,0.344,2.233
38128,101,117,16,44,65,21,0.344,2.233
38131,99,116,17,40,62,22,0.344,2.233
38132,100,116,16,41,62,21,0.344,2.233
38133,99,116,17,42,64,22,0.344,2.233
38134,100,117,17,43,65,22,0.344,2.233
38135,100,117,17,43,65,22,0.344,2.233
38138,100,116,16,42,64,22,0.344,2.233
38139,100,116,16,42,64,22,0.344,2.233
38141,100,116,16,42,64,22,0.344,2.233
38152,100,116,16,42,63,21,0.344,2.233
38201,87,106,19,33,53,20,0.228,1.222
38220,90,109,19,36,57,21,0.228,1.222
38221,89,108,19,35,56,21,0.272,1.089
38222,88,107,19,36,56,20,0.206,1.083
38224,83,103,20,31,51,20,0.206,1.083
38225,85,104,19,32,53,21,0.239,1.244
38226,86,105,19,34,54,20,0.239,1.244
38229,87,106,19,33,54,21,0.239,1.244
38230,88,107,19,35,56,21,0.239,1.244
38231,84,103,19,31,51,20,0.206,1.083
38232,85,104,19,33,54,21,0.228,1.444
38233,88,107,19,35,56,21,0.294,1.372
38235,87,106,19,34,54,20,0.228,1.222
38236,88,107,19,34,55,21,0.206,1.083
38237,87,106,19,34,55,21,0.239,1.244
38240,87,106,19,35,56,21,0.228,1.444
38241,85,105,20,33,53,20,0.239,1.244
38242,84,104,20,32,52,20,0.206,1.083
38251,83,102,19,31,51,20,0.206,1.083
38253,87,106,19,35,56,21,0.228,1.444
38254,85,104,19,33,54,21,0.228,1.444
38255,88,107,19,35,56,21,0.239,1.244
38256,90,109,19,37,57,20,0.206,1.083
38257,86,105,19,34,54,20,0.228,1.444
38258,89,107,18,35,55,20,0.228,1.222
38259,88,106,18,35,56,21,0.339,1.850
38260,86,105,19,33,54,21,0.228,1.444
38261,86,105,19,34,55,21,0.228,1.444
38301,93,111,18,37,59,22,0.239,1.422
38305,91,110,19,36,57,21,0.239,1.422
38310,101,118,17,42,64,22,0.222,1.283
38311,93,112,19,37,57,20,0.172,0.983
38313,93,111,18,37,58,21,0.239,1.422
38315,96,113,17,39,60,21,0.222,1.283
38316,90,108,18,36,57,21,0.294,1.372
38317,89,108,19,35,56,21,0.228,1.222
38318,88,107,19,34,54,20,0.228,1.222
38320,91,110,19,37,58,21,0.272,1.089
38321,88,107,19,33,54,21,0.228,1.222
38326,98,116,18,39,60,20,0.217,1.067
38327,102,120,18,44,65,21,0.217,1.067
38328,94,112,18,38,58,20,0.161,0.983
38329,92,110,18,35,56,21,0.172,0.983
38330,89,107,18,36,56,20,0.294,1.372
38332,95,113,18,38,59,21,0.267,1.594
38333,91,109,18,37,57,20,0.272,1.089
38334,95,113,18,39,61,22,0.222,1.283
38337,92,110,18,37,58,21,0.250,1.361
38339,98,115,17,40,61,21,0.222,1.283
38340,96,113,17,40,61,21,0.267,1.594
38341,89,108,19,35,55,20,0.272,1.089
38342,88,107,19,34,55,21,0.228,1.222
38343,92,110,18,37,58,21,0.294,1.372
38344,88,107,19,34,55,21,0.228,1.222
38345,92,110,18,36,57,21,0.161,0.983
38347,91,110,19,35,56,21,0.267,1.594
38348,89,108,19,34,55,21,0.228,1.222
38351,93,111,18,37,58,21,0.161,0.983
38352,92,110,18,36,57,21,0.267,1.594
38355,91,109,18,36,57,21,0.294,1.372
38356,97,114,17,41,63,22,0.239,1.422
38357,99,116,17,40,61,21,0.222,1.283
38358,91,110,19,37,58,21,0.294,1.372
38359,98,116,18,40,62,22,0.222,1.283
38361,99,117,18,41,62,21,0.217,1.067
38362,91,110,19,36,57,21,0.239,1.422
38363,93,111,18,37,57,20,0.172,0.983
38365,97,115,18,38,58,20,0.217,1.067
38366,96,113,17,40,61,21,0.239,1.422
38367,98,116,18,41,62,21,0.222,1.283
38368,93,111,18,37,58,21,0.161,0.983
38369,89,108,19,36,57,21,0.294,1.372
38370,97,115,18,40,61,21,0.217,1.067
38371,95,113,18,38,59,21,0.161,0.983
38372,97,115,18,38,59,21,0.217,1.067
38374,92,111,19,36,57,21,0.161,0.983
38375,96,113,17,39,60,21,0.222,1.283
38376,100,117,17,41,63,22,0.217,1.067
38379,100,118,18,42,63,21,0.222,1.283
38380,90,109,19,35,56,21,0.172,0.983
38381,98,115,17,42,64,22,0.272,1.567
38382,90,109,19,37,58,21,0.294,1.372
38387,87,106,19,33,53,20,0.228,1.222
38388,90,109,19,35,56,21,0.161,0.983
38390,88,107,19,34,54,20,0.228,1.222
38391,94,112,18,39,60,21,0.239,1.422
38392,97,114,17,41,62,21,0.239,1.422
38401,85,104,19,29,49,20,0.133,0.467
38425,90,109,19,33,53,20,0.122,0.711
38449,79,100,21,21,39,18,0.133,0.289
38450,76,96,20,20,38,18,0.122,0.711
38451,82,101,19,25,43,18,0.133,0.467
38452,81,101,20,23,42,19,0.122,0.711
38453,83,102,19,24,42,18,0.061,0.167
38454,88,107,19,32,52,20,0.189,0.806
38455,81,101,20,23,41,18,0.133,0.289
38456,75,96,21,19,36,17,0.078,0.322
38457,83,103,20,26,44,18,0.078,0.322
38459,81,101,20,23,42,19,0.061,0.167
38460,79,99,20,22,39,17,0.133,0.289
38461,84,104,20,28,47,19,0.133,0.467
38462,81,102,21,26,45,19,0.072,0.456
38463,85,104,19,27,46,19,0.122,0.711
38464,74,95,21,18,36,18,0.078,0.322
38468,77,98,21,21,38,17,0.078,0.322
38469,82,102,20,24,43,19,0.078,0.322
38471,83,102,19,25,44,19,0.122,0.711
38472,80,100,20,23,41,18,0.133,0.289
38473,84,103,19,26,44,18,0.133,0.289
38474,83,102,19,26,45,19,0.133,0.467
38475,90,109,19,32,52,20,0.217,1.067
38476,87,105,18,33,52,19,0.261,0.733
38477,84,104,20,26,44,18,0.133,0.289
38478,83,103,20,25,44,19,0.133,0.289
38481,85,105,20,27,45,18,0.078,0.322
38482,86,105,19,31,51,20,0.133,0.467
38483,78,99,21,22,40,18,0.078,0.322
38485,80,100,20,24,42,18,0.122,0.711
38486,83,103,20,25,44,19,0.078,0.322
38487,87,106,19,32,52,20,0.133,0.467
38488,78,99,21,21,39,18,0.061,0.167
38501,70,92,22,17,35,18,0.050,0.256
38504,54,77,23,9,22,13,0.028,0.189
38506,68,91,23,16,34,18,0.050,0.256
38541,70,93,23,18,36,18,0.044,0.200
38542,62,85,23,13,30,17,0.044,0.200
38543,64,86,22,14,31,17,0.044,0.200
38544,74,95,21,19,38,19,0.050,0.256
38545,73,95,22,19,38,19,0.067,0.339
38547,82,102,20,26,46,20,0.111,0.533
38548,78,99,21,23,43,20,0.050,0.256
38549,70,92,22,17,36,19,0.050,0.256
38551,78,99,21,23,42,19,0.067,0.383
38552,77,98,21,22,41,19,0.111,0.533
38553,46,69,23,6,17,11,0.028,0.189
38554,53,76,23,9,23,14,0.044,0.200
38555,44,67,23,6,17,11,0.028,0.194
38556,51,74,23,8,21,13,0.028,0.189
38558,44,67,23,6,16,10,0.028,0.194
38559,72,94,22,18,35,17,0.033,0.189
38560,80,100,20,25,44,19,0.111,0.533
38562,74,95,21,20,39,19,0.067,0.339
38563,81,102,21,26,46,20,0.111,0.533
38564,77,98,21,22,42,20,0.067,0.339
38565,48,72,24,7,20,13,0.028,0.189
38567,80,101,21,25,45,20,0.111,0.533
38568,73,95,22,19,38,19,0.044,0.200
38569,79,99,20,24,43,19,0.100,0.350
38570,67,90,23,15,33,18,0.044,0.200
38571,42,65,23,5,15,10,0.028,0.194
38572,45,67,22,6,17,11,0.028,0.194
38573,70,93,23,18,36,18,0.044,0.200
38574,48,71,23,7,20,13,0.050,0.256
38575,78,99,21,24,44,20,0.067,0.383
38577,63,85,22,13,30,17,0.050,0.256
38578,41,64,23,4,14,10,0.028,0.194
38579,73,95,22,18,36,18,0.033,0.189
38580,64,87,23,14,31,17,0.044,0.200
38581,72,94,22,18,36,18,0.033,0.172
38582,76,97,21,21,40,19,0.050,0.256
38583,69,91,22,16,34,18,0.033,0.189
38585,56,79,23,11,26,15,0.033,0.156
38587,74,96,22,19,37,18,0.033,0.189
38588,78,98,20,23,43,20,0.067,0.339
38589,55,78,23,10,25,15,0.028,0.189
38601,104,120,16,44,66,22,0.222,1.483
38603,99,115,16,41,62,21,0.228,1.356
38606,106,121,15,44,66,22,0.267,1.789
38610,100,117,17,43,64,21,0.228,1.217
38611,99,115,16,40,62,22,0.233,1.578
38614,108,124,16,46,68,22,0.239,1.628
38617,108,123,15,46,68,22,0.239,1.628
38618,99,116,17,39,61,22,0.294,1.761
38619,103,119,16,43,65,22,0.267,1.789
38620,106,122,16,44,66,22,0.267,1.789
38621,106,121,15,44,66,22,0.267,1.789
38622,111,125,14,48,70,22,0.289,1.756
38623,109,124,15,47,69,22,0.289,1.756
38625,96,113,17,37,58,21,0.228,1.217
38626,107,122,15,46,68,22,0.267,1.722
38627,104,121,17,44,66,22,0.217,1.289
38629,96,113,17,39,60,21,0.228,1.217
38630,108,124,16,46,68,22,,
38631,108,123,15,47,69,22,0.239,1.628
38632,103,119,16,43,66,23,0.367,2.028
38633,105,121,16,46,67,21,0.228,1.356
38635,97,114,17,39,60,21,0.233,1.578
38637,101,117,16,42,64,22,0.367,2.028
38639,108,124,16,47,69,22,0.239,1.628
38641,103,119,16,43,65,22,0.367,2.028
38642,96,113,17,39,60,21,0.228,1.356
38643,110,125,15,48,70,22,0.289,1.756
38644,107,123,16,46,68,22,0.239,1.628
38645,109,124,15,47,69,22,0.239,1.628
38646,110,125,15,47,70,23,0.289,1.756
38647,97,114,17,41,62,21,0.228,1.356
38650,105,121,16,46,67,21,0.217,1.289
38651,104,119,15,44,66,22,0.367,2.028
38652,102,119,17,42,64,22,0.217,1.289
38654,100,116,16,42,64,22,0.367,2.028
38655,105,121,16,44,66,22,0.222,1.483
38658,107,123,16,45,67,22,0.267,1.789
38659,106,122,16,46,68,22,0.233,1.578
38661,97,114,17,39,61,22,0.233,1.578
38663,96,113,17,39,60,21,0.228,1.217
38664,104,120,16,44,66,22,0.267,1.722
38665,103,119,16,41,63,22,0.294,1.761
38666,107,122,15,46,68,22,0.267,1.789
38668,100,117,17,40,62,22,0.294,1.761
38670,108,124,16,47,69,22,0.289,1.756
38671,101,117,16,42,64,22,0.367,2.028
38672,101,117,16,42,64,22,0.367,2.028
38673,106,122,16,45,67,22,0.222,1.483
38674,97,114,17,40,61,21,0.228,1.217
38676,104,120,16,44,66,22,0.267,1.722
38677,105,120,15,44,66,22,0.222,1.483
38680,102,118,16,43,64,21,0.367,2.028
38683,98,115,17,41,62,21,0.228,1.217
38685,104,120,16,44,66,22,0.233,1.578
38701,118,133,15,56,78,22,0.472,1.639
38702,114,129,15,52,74,22,,
38703,117,132,15,55,77,22,0.472,1.639
38704,122,136,14,57,79,22,,
38720,109,124,15,48,69,21,0.239,1.628
38721,122,137,15,58,80,22,0.433,1.422
38722,119,134,15,56,79,23,0.472,1.639
38723,120,135,15,57,79,22,0.472,1.639
38725,114,128,14,52,74,22,0.289,1.617
38726,111,126,15,50,72,22,0.289,1.617
38730,115,130,15,54,76,22,0.289,1.617
38731,122,136,14,58,80,22,0.472,1.639
38732,115,130,15,54,76,22,0.289,1.617
38736,115,130,15,53,75,22,0.322,1.500
38737,114,128,14,52,74,22,0.322,1.500
38738,112,127,15,50,72,22,0.322,1.700
38740,110,125,15,49,70,21,0.289,1.617
38744,122,136,14,57,80,23,0.472,1.639
38745,122,136,14,57,80,23,0.472,1.506
38746,110,125,15,49,70,21,0.289,1.617
38748,121,135,14,58,80,22,0.472,1.639
38749,116,131,15,54,76,22,,
38751,117,132,15,54,77,23,0.322,1.500
38753,119,133,14,55,78,23,0.322,1.500
38754,121,135,14,57,80,23,0.378,1.367
38756,116,131,15,54,76,22,0.472,1.639
38759,114,129,15,53,75,22,0.289,1.617
38760,116,131,15,53,76,23,0.472,1.639
38761,117,132,15,53,76,23,0.322,1.500
38762,113,128,15,52,74,22,0.289,1.617
38764,114,129,15,53,75,22,0.289,1.617
38765,123,137,14,59,82,23,0.433,1.422
38767,109,124,15,47,69,22,0.239,1.628
38768,112,126,14,50,72,22,0.322,1.500
38769,110,125,15,48,70,22,0.289,1.617
38771,115,129,14,52,75,23,0.322,1.500
38772,114,129,15,52,74,22,0.289,1.617
38773,115,130,15,54,76,22,0.289,1.617
38774,112,126,14,50,72,22,0.289,1.617
38778,116,131,15,54,76,22,0.322,1.500
38781,112,127,15,52,73,21,0.289,1.617
38801,107,123,16,44,66,22,0.272,1.233
38804,106,122,16,43,64,21,0.272,1.233
38821,108,125,17,44,66,22,0.200,0.994
38824,102,119,17,41,62,21,0.128,0.794
38826,104,121,17,41,63,22,0.272,1.233
38827,98,116,18,37,57,20,0.161,0.633
38828,103,119,16,41,63,22,0.217,1.289
38829,96,114,18,36,57,21,0.128,0.794
38833,94,113,19,35,56,21,0.161,0.633
38834,100,117,17,42,63,21,0.217,1.200
38838,97,115,18,36,57,21,0.161,0.633
38841,101,118,17,40,61,21,0.278,1.233
38843,104,121,17,41,62,21,0.128,0.789
38844,103,121,18,38,59,21,0.200,0.994
38846,95,113,18,36,57,21,0.217,1.200
38847,100,118,18,38,59,21,0.128,0.789
38848,105,122,17,40,61,21,0.200,0.994
38849,102,119,17,40,62,22,0.272,1.233
38850,102,119,17,41,63,22,0.206,1.022
38851,103,120,17,41,63,22,0.206,1.022
38852,92,111,19,32,52,20,0.161,0.633
38855,105,123,18,42,64,22,0.128,0.789
38856,104,121,17,42,63,21,0.128,0.789
38857,104,121,17,41,62,21,0.272,1.233
38858,109,125,16,46,68,22,0.272,1.233
38859,100,118,18,39,60,21,0.128,0.794
38860,109,125,16,46,68,22,0.206,1.022
38862,108,124,16,45,67,22,0.272,1.233
38863,101,118,17,40,62,22,0.278,1.233
38864,103,119,16,42,63,21,0.278,1.233
38865,97,114,17,38,59,21,0.217,1.200
38866,105,121,16,42,63,21,0.272,1.233
38868,111,126,15,50,72,22,0.272,1.233
38869,104,120,16,41,63,22,0.217,1.289
38870,105,122,17,41,62,21,0.200,0.994
38871,102,118,16,41,62,21,0.278,1.233
38873,92,111,19,32,52,20,0.161,0.633
38876,100,118,18,37,58,21,0.128,0.789
38878,105,122,17,42,64,22,0.178,1.128
38879,110,125,15,47,69,22,0.272,1.233
38901,107,123,16,44,66,22,0.294,1.494
38913,103,120,17,41,63,22,0.178,1.128
38914,108,125,17,45,67,22,0.178,1.128
38915,107,123,16,44,66,22,0.178,1.128
38916,107,124,17,44,66,22,0.178,1.128
38917,108,124,16,44,66,22,0.339,1.233
38920,109,124,15,46,68,22,0.322,1.700
38921,109,124,15,46,68,22,0.322,1.700
38922,107,123,16,45,67,22,0.239,1.428
38923,110,126,16,44,66,22,0.339,1.233
38924,115,130,15,49,72,23,0.394,1.250
38925,104,120,16,40,62,22,0.200,0.728
38927,106,122,16,44,66,22,0.322,1.700
38928,112,127,15,50,72,22,0.322,1.700
38929,107,123,16,44,66,22,0.294,1.494
38930,116,130,14,52,75,23,0.361,1.444
38940,110,125,15,46,68,22,0.294,1.494
38941,116,131,15,52,75,23,0.361,1.444
38943,105,121,16,40,63,23,0.339,1.233
38944,113,128,15,51,73,22,0.361,1.444
38945,115,130,15,52,75,23,,
38946,117,132,15,53,76,23,0.361,1.444
38947,108,124,16,43,65,22,0.339,1.233
38948,106,121,15,44,65,21,0.239,1.428
38949,102,119,17,41,63,22,0.222,1.483
38950,113,128,15,51,73,22,0.322,1.700
38951,104,121,17,42,63,21,0.178,1.128
38952,115,130,15,52,75,23,0.361,1.444
38953,105,121,16,42,64,22,0.322,1.700
38954,115,130,15,51,74,23,0.361,1.444
38957,111,126,15,49,71,22,0.322,1.700
38958,120,134,14,55,78,23,,
38961,106,122,16,43,65,22,0.239,1.428
38962,112,127,15,50,71,21,0.322,1.700
38963,111,126,15,49,71,22,0.322,1.700
38964,110,126,16,49,71,22,0.289,1.756
38965,106,121,15,44,66,22,0.239,1.428
38966,111,126,15,49,71,22,0.322,1.700
38967,102,119,17,38,60,22,0.200,0.728
39038,122,136,14,57,80,23,0.378,1.367
39039,116,131,15,46,70,24,0.356,1.078
39040,120,135,15,50,74,24,0.356,1.078
39041,120,136,16,48,72,24,0.306,0.933
39042,118,134,16,44,68,24,0.200,0.600
39044,117,133,16,43,67,24,0.200,0.606
39045,113,129,16,44,67,23,0.283,0.789
39046,118,134,16,48,72,24,0.283,0.789
39047,118,134,16,45,69,24,0.200,0.600
39051,113,129,16,44,67,23,0.211,0.583
39054,119,134,15,53,76,23,0.433,1.422
39056,118,134,16,45,69,24,0.306,0.933
39057,112,129,17,40,64,24,0.083,0.339
39059,123,139,16,49,74,25,0.306,0.789
39061,122,136,14,59,81,22,0.433,1.422
39062,116,133,17,43,67,24,0.200,0.606
39063,112,128,16,45,68,23,0.394,1.250
39066,121,137,16,51,75,24,0.306,0.933
39067,111,127,16,45,68,23,0.300,0.750
39069,124,140,16,49,75,26,0.333,1.044
39071,119,134,15,48,72,24,0.283,0.789
39073,119,135,16,46,70,24,0.200,0.600
39074,115,131,16,42,66,24,0.122,0.400
39078,122,138,16,48,72,24,0.306,0.789
39079,110,126,16,41,64,23,0.394,1.250
39082,120,135,15,46,70,24,0.200,0.606
39083,124,140,16,49,75,26,0.306,0.789
39086,124,140,16,51,76,25,0.467,1.417
39088,121,136,15,54,77,23,0.356,1.078
39090,112,128,16,46,69,23,0.300,0.750
39092,114,131,17,41,65,24,0.122,0.400
39094,115,131,16,44,68,24,0.211,0.583
39095,111,127,16,43,66,23,0.394,1.250
39096,124,140,16,51,76,25,0.333,1.044
39097,121,136,15,56,79,23,0.378,1.367
39108,111,126,15,46,68,22,0.300,0.750
39110,118,133,15,46,70,24,0.283,0.789
39111,117,133,16,43,67,24,0.200,0.606
39113,121,136,15,56,78,22,0.472,1.506
39114,116,132,16,42,66,24,0.200,0.606
39115,121,136,15,56,79,23,0.378,1.367
39116,118,134,16,45,69,24,0.111,0.439
39117,117,134,17,43,68,25,0.122,0.400
39119,118,134,16,43,67,24,0.067,0.350
39120,123,140,17,42,70,28,0.267,0.922
39140,121,137,16,46,71,25,0.139,0.617
39144,125,141,16,52,77,25,0.467,1.417
39145,119,136,17,45,69,24,0.200,0.600
39146,109,125,16,39,63,24,0.394,1.250
39149,118,135,17,44,69,25,0.200,0.606
39150,122,138,16,50,74,24,0.467,1.417
39152,115,132,17,41,65,24,0.111,0.439
39153,116,132,16,43,67,24,0.111,0.439
39154,120,136,16,48,72,24,0.306,0.933
39156,123,138,15,53,77,24,0.428,1.311
39157,117,133,16,45,70,25,0.283,0.789
39159,121,136,15,55,78,23,0.433,1.422
39160,113,128,15,45,68,23,0.300,0.750
39162,120,136,16,51,75,24,0.356,1.078
39166,121,136,15,55,78,23,0.378,1.367
39167,117,134,17,43,68,25,0.200,0.600
39168,119,135,16,45,69,24,0.111,0.439
39169,117,132,15,50,73,23,0.394,1.250
39170,122,138,16,48,73,25,0.306,0.933
39174,118,134,16,46,70,24,0.306,0.933
39175,122,138,16,51,75,24,0.306,0.933
39176,110,125,15,45,67,22,0.339,1.233
39177,121,136,15,52,76,24,0.472,1.506
39179,114,130,16,44,68,24,0.356,1.078
39180,125,141,16,54,78,24,0.428,1.311
39183,125,141,16,54,78,24,0.428,1.311
39189,113,129,16,43,66,23,0.211,0.583
39191,124,140,16,49,75,26,0.306,0.789
39192,112,127,15,46,68,22,0.394,1.250
39193,118,134,16,45,70,25,0.200,0.600
39194,119,134,15,50,74,24,0.356,1.078
39201,119,135,16,47,71,24,0.306,0.933
39202,119,134,15,47,71,24,0.306,0.933
39203,118,134,16,46,70,24,0.306,0.933
39204,119,135,16,46,70,24,0.306,0.933
39206,118,134,16,46,70,24,0.306,0.933
39208,118,134,16,46,70,24,0.200,0.600
39209,118,134,16,44,69,25,0.306,0.933
39211,119,134,15,47,71,24,0.306,0.933
39212,119,135,16,46,71,25,0.306,0.933
39213,117,133,16,44,69,25,0.306,0.933
39216,119,134,15,47,71,24,0.306,0.933
39217,119,135,16,46,71,25,0.306,0.933
39218,119,135,16,46,70,24,0.200,0.600
39232,118,134,16,46,70,24,0.200,0.600
39269,119,135,16,46,71,25,0.306,0.933
39272,121,137,16,47,72,25,0.306,0.933
39301,115,133,18,43,67,24,0.094,0.372
39305,115,133,18,43,67,24,0.094,0.372
39307,116,133,17,43,67,24,0.094,0.372
39309,116,133,17,46,69,23,0.094,0.372
39320,114,131,17,42,65,23,0.094,0.372
39322,123,140,17,43,69,26,0.072,0.322
39323,115,131,16,43,67,24,0.083,0.339
39325,113,130,17,42,65,23,0.094,0.372
39326,115,131,16,44,68,24,0.094,0.372
39327,112,128,16,41,64,23,0.083,0.339
39328,112,129,17,42,65,23,0.089,0.456
39330,116,133,17,43,67,24,0.139,0.461
39332,114,130,16,43,66,23,0.083,0.339
39335,117,133,16,46,70,24,0.094,0.372
39336,112,129,17,40,63,23,0.083,0.339
39337,112,128,16,40,63,23,0.083,0.339
39338,114,130,16,41,65,24,0.139,0.461
39339,110,125,15,43,66,23,0.144,0.706
39341,114,129,15,47,70,23,0.122,0.589
39342,116,133,17,43,67,24,0.094,0.372
39345,112,129,17,41,64,23,0.083,0.339
39346,110,126,16,43,65,22,0.144,0.706
39347,116,132,16,42,66,24,0.139,0.461
39348,114,130,16,40,64,24,0.139,0.461
39350,110,126,16,41,63,22,0.106,0.511
39352,115,131,16,46,69,23,0.089,0.456
39354,111,127,16,42,64,22,0.089,0.456
39355,117,134,17,43,67,24,0.139,0.461
39356,114,131,17,42,65,23,0.139,0.461
39358,114,130,16,46,69,23,0.089,0.456
39359,113,129,16,42,66,24,0.122,0.400
39360,120,136,16,43,68,25,0.139,0.461
39361,114,129,15,47,69,22,0.122,0.589
39362,122,139,17,42,68,26,0.078,0.194
39363,117,133,16,43,67,24,0.139,0.461
39364,119,135,16,47,71,24,0.094,0.372
39365,110,127,17,40,63,23,0.106,0.511
39366,116,133,17,41,66,25,0.139,0.461
39367,122,139,17,44,70,26,0.072,0.322
39401,122,139,17,39,65,26,0.078,0.239
39402,123,140,17,42,68,26,0.083,0.389
39406,121,138,17,38,64,26,0.078,0.239
39421,120,137,17,43,69,26,0.106,0.644
39422,116,133,17,43,67,24,0.139,0.461
39423,131,147,16,52,80,28,0.106,0.267
39425,126,142,16,45,72,27,0.078,0.239
39426,129,145,16,48,77,29,0.106,0.517
39427,122,138,16,46,71,25,0.106,0.644
39428,117,134,17,40,65,25,0.067,0.350
39429,130,145,15,55,81,26,0.128,0.767
39437,120,136,16,41,66,25,0.072,0.367
39439,118,134,16,42,67,25,0.139,0.461
39440,120,136,16,43,69,26,0.072,0.367
39443,120,136,16,44,69,25,0.072,0.367
39451,126,142,16,44,72,28,0.078,0.194
39452,123,139,16,39,67,28,0.056,0.139
39455,128,144,16,47,75,28,0.083,0.389
39456,127,142,15,44,71,27,0.078,0.194
39459,117,135,18,35,60,25,0.072,0.367
39461,127,143,16,46,74,28,0.078,0.194
39462,131,147,16,52,79,27,0.106,0.267
39464,122,138,16,42,67,25,0.072,0.367
39465,123,139,16,40,66,26,0.078,0.239
39466,127,144,17,45,75,30,0.106,0.517
39470,130,146,16,51,80,29,0.106,0.517
39474,121,138,17,46,71,25,0.106,0.644
39475,126,142,16,46,73,27,0.083,0.389
39476,124,141,17,44,71,27,0.106,0.267
39477,120,136,16,44,69,25,0.072,0.367
39478,130,145,15,54,81,27,0.122,0.583
39479,117,135,18,37,63,26,0.067,0.350
39480,119,135,16,42,68,26,0.072,0.367
39481,118,134,16,44,68,24,0.139,0.461
39482,123,140,17,44,71,27,0.083,0.389
39483,131,146,15,57,83,26,0.128,0.767
39501,123,137,14,44,75,31,0.067,0.317
39503,127,142,15,48,78,30,0.067,0.317
39507,123,137,14,42,73,31,0.067,0.317
39520,122,138,16,42,72,30,0.056,0.322
39525,121,137,16,41,70,29,0.056,0.322
39530,121,135,14,39,70,31,0.067,0.317
39531,122,136,14,39,70,31,0.067,0.317
39532,124,138,14,42,72,30,0.067,0.317
39534,122,136,14,39,69,30,0.067,0.317
39540,122,137,15,40,70,30,0.067,0.317
39553,123,137,14,42,73,31,0.061,0.244
39556,128,144,16,48,78,30,0.056,0.322
39560,123,137,14,43,73,30,0.067,0.317
39561,127,144,17,44,73,29,0.072,0.300
39562,118,136,18,33,62,29,0.061,0.244
39563,120,137,17,36,67,31,0.061,0.244
39564,124,138,14,44,75,31,0.061,0.244
39565,125,141,16,44,75,31,0.061,0.244
39567,120,134,14,35,67,32,0.061,0.244
39571,123,138,15,43,73,30,0.067,0.317
39572,129,144,15,48,79,31,0.056,0.322
39573,127,143,16,45,73,28,0.072,0.300
39574,130,147,17,49,79,30,0.067,0.317
39576,121,137,16,40,70,30,0.056,0.322
39577,124,140,16,42,69,27,0.072,0.300
39581,119,134,15,35,66,31,0.061,0.244
39601,122,138,16,48,73,25,0.156,0.578
39629,123,139,16,48,74,26,0.156,0.578
39630,127,143,16,53,79,26,0.250,0.833
39631,126,143,17,46,74,28,0.294,0.922
39633,127,143,16,47,75,28,0.294,0.922
39635,124,140,16,46,73,27,0.083,0.428
39638,124,140,16,46,73,27,0.261,0.750
39641,124,140,16,48,74,26,0.139,0.617
39643,128,143,15,53,78,25,0.128,0.767
39645,125,141,16,47,74,27,0.261,0.750
39647,125,141,16,50,76,26,0.250,0.833
39648,123,139,16,46,72,26,0.083,0.428
39652,125,141,16,47,74,27,0.083,0.428
39653,127,143,16,52,78,26,0.250,0.833
39654,125,141,16,51,77,26,0.139,0.617
39656,128,143,15,54,79,25,0.106,0.644
39657,127,143,16,49,76,27,0.083,0.428
39661,126,142,16,49,75,26,0.250,0.833
39662,124,140,16,48,74,26,0.156,0.578
39663,124,140,16,50,75,25,0.139,0.617
39664,124,140,16,48,75,27,0.261,0.750
39665,125,140,15,51,76,25,0.139,0.617
39666,124,140,16,47,73,26,0.083,0.428
39667,127,143,16,50,76,26,0.122,0.583
39668,125,141,16,51,76,25,0.333,1.044
39669,129,146,17,48,76,28,0.294,0.922
39701,114,130,16,49,72,23,0.128,0.528
39702,113,128,15,46,69,23,0.128,0.528
39705,113,129,16,46,69,23,0.128,0.528
39730,110,126,16,45,67,22,0.200,0.994
39735,114,129,15,50,73,23,0.139,0.850
39736,113,128,15,47,70,23,0.128,0.528
39737,110,126,16,46,68,22,0.122,0.839
39739,114,129,15,48,71,23,0.122,0.589
39740,107,124,17,41,62,21,0.128,0.528
39741,112,127,15,47,69,22,0.122,0.722
39743,114,129,15,48,71,23,0.128,0.528
39744,112,128,16,48,70,22,0.122,0.839
39745,110,126,16,46,68,22,0.139,0.850
39746,109,125,16,43,64,21,0.200,0.994
39747,105,121,16,41,63,22,0.200,0.728
39750,112,127,15,48,70,22,0.117,0.850
39751,109,125,16,46,68,22,0.122,0.839
39752,112,128,16,48,71,23,0.122,0.839
39755,112,127,15,48,70,22,0.122,0.722
39756,110,126,16,46,68,22,0.122,0.722
39759,112,127,15,47,69,22,0.117,0.850
39760,113,128,15,47,70,23,0.117,0.850
39762,110,126,16,45,67,22,0.117,0.850
39766,111,127,16,45,67,22,0.128,0.528
39767,108,124,16,44,67,23,0.122,0.839
39769,113,129,16,49,72,23,0.117,0.850
39771,112,128,16,48,71,23,0.122,0.839
39772,112,127,15,48,71,23,0.139,0.850
39773,112,128,16,46,69,23,0.122,0.722
39776,107,123,16,43,65,22,0.206,1.022
39813,123,142,19,40,68,28,0.067,0.278
39815,128,147,19,42,73,31,0.144,0.611
39817,135,153,18,54,84,30,0.144,0.611
39819,133,150,17,49,80,31,0.144,0.611
39823,126,144,18,44,73,29,0.133,0.439
39824,121,140,19,40,67,27,0.083,0.250
39825,135,153,18,54,85,31,0.144,0.611
39826,119,139,20,41,68,27,0.061,0.367
39827,128,147,19,44,73,29,0.111,0.494
39828,129,148,19,44,75,31,0.111,0.494
39834,129,148,19,45,75,30,0.144,0.611
39836,118,137,19,38,65,27,0.117,0.394
39837,133,151,18,51,81,30,0.150,0.606
39840,120,139,19,41,68,27,0.117,0.394
39841,129,147,18,46,75,29,0.133,0.439
39842,120,139,19,40,67,27,0.061,0.367
39845,132,150,18,50,80,30,0.150,0.594
39846,119,139,20,37,64,27,0.067,0.278
39851,116,135,19,36,61,25,0.083,0.250
39854,114,133,19,36,61,25,0.156,0.394
39859,134,152,18,53,83,30,0.150,0.594
39861,129,147,18,47,76,29,0.133,0.439
39862,125,144,19,42,71,29,0.067,0.278
39866,120,140,20,37,64,27,0.067,0.278
39867,118,137,19,39,66,27,0.083,0.250
39870,131,149,18,50,79,29,0.106,0.539
39877,114,133,19,36,61,25,0.061,0.367
39885,122,141,19,43,70,27,0.061,0.367
39886,119,138,19,38,65,27,0.117,0.394
39897,128,147,19,44,74,30,0.111,0.494
40003,61,82,21,15,31,16,0.089,0.283
40004,71,93,22,20,39,19,0.111,0.372
40006,62,83,21,16,33,17,0.111,0.450
40008,66,88,22,17,34,17,0.111,0.372
40009,64,86,22,15,32,17,0.078,0.289
40010,68,88,20,19,37,18,0.106,0.344
40011,62,83,21,16,33,17,0.111,0.350
40012,66,87,21,17,33,16,0.111,0.372
40013,70,92,22,20,38,18,0.111,0.372
40014,67,88,21,18,36,18,0.106,0.344
40019,63,84,21,16,33,17,0.111,0.350
40020,68,90,22,18,36,18,0.111,0.372
40022,65,87,22,17,34,17,0.089,0.283
40023,65,87,22,17,34,17,0.111,0.322
40025,67,88,21,18,35,17,0.111,0.322
40026,67,88,21,19,37,18,0.106,0.344
40031,67,87,20,19,36,17,0.106,0.344
40033,65,87,22,16,34,18,0.078,0.289
40037,69,91,22,19,37,18,0.078,0.289
40040,63,85,22,15,31,16,0.078,0.283
40041,66,87,21,17,35,18,0.111,0.322
40045,61,82,21,16,33,17,0.111,0.450
40046,65,86,21,16,33,17,0.106,0.300
40047,71,92,21,21,39,18,0.122,0.411
40048,70,92,22,20,38,18,0.111,0.372
40049,69,91,22,19,37,18,0.078,0.289
40051,72,93,21,21,40,19,0.111,0.372
40052,70,91,21,20,38,18,0.111,0.372
40055,64,85,21,17,34,17,0.111,0.350
40056,66,87,21,18,36,18,0.106,0.344
40057,62,83,21,15,32,17,0.111,0.350
40059,67,88,21,18,36,18,0.111,0.322
40060,70,91,21,20,38,18,0.078,0.289
40062,70,91,21,19,37,18,0.078,0.289
40063,66,88,22,17,35,18,0.078,0.289
40065,64,85,21,16,33,17,0.089,0.283
40067,65,86,21,17,34,17,0.089,0.283
40068,65,86,21,17,35,18,0.111,0.350
40069,66,87,21,17,33,16,0.078,0.283
40071,67,89,22,18,35,17,0.106,0.300
40075,63,84,21,17,33,16,0.111,0.350
40076,62,83,21,15,31,16,0.089,0.283
40077,67,88,21,19,37,18,0.106,0.344
40078,64,86,22,16,32,16,0.078,0.283
40104,71,91,20,21,40,19,0.156,0.506
40107,75,96,21,23,43,20,0.111,0.372
40108,68,89,21,19,37,18,0.156,0.506
40109,71,91,20,20,39,19,0.122,0.411
40110,76,97,21,24,44,20,0.122,0.411
40111,74,94,20,24,43,19,0.172,0.544
40115,70,90,20,20,38,18,0.172,0.544
40117,67,88,21,18,35,17,0.156,0.506
40118,67,88,21,18,36,18,0.111,0.322
40119,75,95,20,26,45,19,0.144,0.561
40121,68,88,20,18,36,18,0.117,0.350
40140,70,91,21,20,39,19,0.172,0.544
40142,70,90,20,20,38,18,0.156,0.506
40143,73,93,20,23,42,19,0.172,0.544
40144,71,92,21,21,40,19,0.172,0.544
40145,71,92,21,21,40,19,0.172,0.544
40146,72,93,21,22,41,19,0.172,0.544
40150,77,98,21,25,44,19,0.122,0.411
40152,73,93,20,24,42,18,0.172,0.544
40155,63,84,21,16,32,16,0.156,0.506
40157,71,91,20,21,40,19,0.156,0.506
40160,66,87,21,17,34,17,0.117,0.350
40161,71,91,20,21,39,18,0.156,0.506
40162,66,87,21,18,35,17,0.117,0.350
40165,75,95,20,23,42,19,0.122,0.411
40170,73,93,20,23,42,19,0.172,0.544
40171,71,92,21,21,40,19,0.172,0.544
40175,67,88,21,18,35,17,0.117,0.350
40176,73,93,20,23,41,18,0.172,0.544
40177,67,88,21,18,36,18,0.117,0.350
40178,72,92,20,22,41,19,0.172,0.544
40202,68,89,21,19,37,18,0.111,0.322
40203,69,89,20,19,37,18,0.111,0.322
40204,68,89,21,18,36,18,0.111,0.322
40205,67,88,21,18,36,18,0.111,0.322
40206,67,88,21,18,35,17,0.111,0.322
40207,66,87,21,17,35,18,0.111,0.322
40208,69,89,20,19,37,18,0.111,0.322
40209,68,89,21,19,37,18,0.111,0.322
40210,69,90,21,19,37,18,0.111,0.322
40211,70,90,20,20,38,18,0.111,0.322
40212,70,90,20,20,38,18,0.111,0.322
40213,68,89,21,18,36,18,0.111,0.322
40214,68,89,21,19,37,18,0.111,0.322
40215,69,89,20,19,37,18,0.111,0.322
40216,69,89,20,19,37,18,0.111,0.322
40217,68,89,21,19,36,17,0.111,0.322
40218,66,87,21,17,35,18,0.111,0.322
40219,67,88,21,18,35,17,0.111,0.322
40220,65,86,21,17,34,17,0.111,0.322
40222,65,87,22,17,34,17,0.111,0.322
40223,64,86,22,17,34,17,0.111,0.322
40228,66,87,21,18,35,17,0.111,0.322
40229,69,90,21,19,37,18,0.111,0.322
40231,68,89,21,18,36,18,0.111,0.322
40241,65,87,22,17,35,18,0.111,0.322
40242,65,86,21,17,34,17,0.111,0.322
40243,64,86,22,17,34,17,0.111,0.322
40245,66,87,21,18,35,17,0.111,0.322
40258,69,90,21,20,38,18,0.111,0.322
40272,68,89,21,19,37,18,0.111,0.322
40280,67,88,21,18,35,17,0.111,0.322
40291,66,88,22,18,35,17,0.111,0.322
40299,66,87,21,17,35,18,0.111,0.322
40310,62,84,22,14,30,16,0.067,0.211
40311,56,78,22,12,27,15,0.039,0.222
40312,61,83,22,14,29,15,0.039,0.167
40313,55,77,22,11,25,14,0.033,0.194
40324,56,78,22,12,27,15,0.044,0.206
40328,62,84,22,14,30,16,0.078,0.289
40330,61,84,23,14,30,16,0.067,0.211
40334,55,76,21,11,25,14,0.039,0.194
40337,57,79,22,12,27,15,0.056,0.194
40339,55,77,22,11,26,15,0.056,0.189
40342,61,83,22,14,30,16,0.067,0.278
40346,56,77,21,11,25,14,0.028,0.133
40347,56,78,22,12,27,15,0.067,0.217
40348,58,80,22,13,29,16,0.039,0.222
40350,56,78,22,12,26,14,0.039,0.222
40351,55,77,22,11,25,14,0.033,0.194
40353,57,78,21,12,26,14,0.056,0.194
40356,58,80,22,12,27,15,0.056,0.189
40358,58,80,22,12,27,15,0.039,0.194
40359,62,84,22,16,32,16,0.111,0.378
40360,59,81,22,13,28,15,0.039,0.194
40361,57,79,22,13,27,14,0.039,0.222
40363,64,85,21,17,34,17,0.111,0.378
40370,57,79,22,13,27,14,0.044,0.206
40371,60,82,22,13,28,15,0.039,0.194
40372,62,84,22,14,30,16,0.067,0.211
40374,56,78,22,12,26,14,0.039,0.194
40376,55,76,21,11,24,13,0.039,0.167
40379,58,80,22,13,28,15,0.044,0.206
40380,57,78,21,11,26,15,0.039,0.167
40383,56,78,22,11,26,15,0.067,0.217
40385,60,83,23,13,29,16,0.039,0.167
40387,56,77,21,10,24,14,0.028,0.133
40390,61,83,22,14,29,15,0.056,0.189
40391,57,79,22,12,26,14,0.050,0.172
40403,60,83,23,13,28,15,0.039,0.167
40404,62,85,23,14,30,16,,
40409,57,80,23,11,25,14,0.028,0.133
40419,59,82,23,12,27,15,0.039,0.156
40422,59,81,22,13,28,15,0.044,0.161
40437,58,81,23,12,27,15,0.039,0.156
40440,59,82,23,13,28,15,0.044,0.161
40442,54,76,22,9,23,14,0.039,0.156
40444,60,83,23,13,29,16,0.056,0.189
40447,50,72,22,8,20,12,0.017,0.111
40448,57,79,22,11,26,15,0.039,0.156
40461,61,84,23,13,29,16,0.056,0.189
40464,59,81,22,13,28,15,0.044,0.161
40468,61,84,23,14,30,16,0.044,0.161
40475,58,80,22,12,27,15,0.039,0.167
40484,59,82,23,12,28,16,0.039,0.156
40486,49,71,22,7,19,12,0.017,0.111
40489,54,77,23,10,24,14,0.039,0.156
40502,55,76,21,11,25,14,0.033,0.172
40503,54,75,21,10,24,14,0.033,0.172
40504,54,75,21,10,25,15,0.033,0.172
40505,55,77,22,11,25,14,0.033,0.172
40507,54,76,22,10,25,15,0.033,0.172
40508,54,76,22,10,25,15,0.033,0.172
40509,55,77,22,11,25,14,0.033,0.172
40510,54,75,21,10,24,14,0.033,0.172
40511,54,76,22,11,25,14,0.033,0.172
40513,54,75,21,10,24,14,0.033,0.172
40514,55,76,21,11,25,14,0.033,0.172
40515,56,78,22,11,26,15,0.033,0.172
40516,55,77,22,11,26,15,0.033,0.172
40517,55,77,22,11,25,14,0.033,0.172
40601,60,81,21,14,30,16,0.072,0.267
40604,61,82,21,15,30,15,0.072,0.267
40701,52,74,22,7,20,13,0.011,0.094
40729,50,73,23,7,19,12,0.022,0.117
40734,52,75,23,8,20,12,0.011,0.106
40737,52,75,23,8,20,12,0.022,0.117
40740,51,74,23,7,20,13,0.022,0.117
40741,50,73,23,7,19,12,0.022,0.117
40743,51,74,23,8,20,12,,
40744,52,74,22,8,20,12,0.022,0.117
40759,53,76,23,8,21,13,0.011,0.094
40763,48,70,22,7,18,11,0.011,0.094
40769,54,77,23,9,22,13,0.011,0.094
40771,52,75,23,7,20,13,0.011,0.106
40801,25,45,20,1,6,5,0.011,0.022
40806,37,59,22,3,11,8,0.011,0.022
40807,8,21,13,0,1,1,0.011,0.022
40808,27,47,20,1,7,6,0.006,0.056
40810,28,49,21,2,7,5,0.011,0.022
40815,40,63,23,4,12,8,0.011,0.022
40816,34,55,21,3,10,7,0.006,0.056
40818,43,65,22,4,14,10,0.011,0.022
40819,40,62,22,4,13,9,0.011,0.022
40820,35,57,22,2,10,8,0.011,0.022
40823,16,33,17,1,3,2,0.011,0.022
40824,39,61,22,3,12,9,0.011,0.022
40826,13,29,16,0,2,2,0.017,0.039
40827,40,62,22,4,13,9,0.006,0.056
40828,25,45,20,1,6,5,0.011,0.022
40829,42,65,23,4,14,10,0.011,0.022
40830,31,53,22,2,8,6,0.011,0.022
40831,36,58,22,3,11,8,0.011,0.022
40840,27,48,21,2,7,5,0.006,0.056
40843,22,42,20,1,5,4,0.011,0.022
40844,40,62,22,4,14,10,0.006,0.056
40847,22,42,20,1,5,4,0.011,0.022
40849,20,39,19,1,4,3,0.011,0.022
40854,39,61,22,4,12,8,0.011,0.022
40855,7,19,12,0,1,1,0.011,0.022
40858,38,60,22,4,12,8,0.006,0.056
40862,13,29,16,0,2,2,0.017,0.039
40863,35,57,22,3,10,7,0.011,0.022
40865,27,48,21,1,7,6,0.011,0.022
40868,41,63,22,4,14,10,0.006,0.056
40870,26,46,20,1,6,5,0.011,0.022
40873,37,59,22,3,11,8,0.011,0.022
40874,37,58,21,3,12,9,0.006,0.056
40903,51,74,23,7,19,12,0.011,0.106
40906,55,78,23,9,22,13,0.011,0.106
40915,55,78,23,9,22,13,0.011,0.106
40921,48,70,22,6,18,12,0.011,0.106
40923,55,77,22,9,22,13,0.011,0.106
40927,19,37,18,1,4,3,0.011,0.022
40935,48,70,22,6,17,11,0.011,0.106
40940,47,69,22,6,17,11,0.011,0.094
40943,55,77,22,9,22,13,0.011,0.106
40946,52,74,22,8,20,12,0.011,0.106
40949,56,79,23,9,23,14,0.011,0.106
40953,52,75,23,8,20,12,0.011,0.106
40962,50,73,23,7,19,12,0.017,0.089
40964,26,47,21,1,6,5,0.011,0.022
40972,44,67,23,6,17,11,0.017,0.089
40979,37,58,21,3,11,8,0.006,0.056
40982,44,66,22,5,15,10,0.011,0.106
40983,53,75,22,8,22,14,0.017,0.089
40988,44,66,22,5,15,10,0.006,0.072
40995,48,70,22,6,17,11,0.011,0.106
40997,40,61,21,4,12,8,0.011,0.106
41001,54,76,22,13,27,14,0.133,0.428
41002,50,72,22,10,23,13,0.028,0.233
41003,57,79,22,13,28,15,0.050,0.244
41004,53,74,21,11,25,14,0.028,0.233
41005,50,71,21,11,24,13,0.217,0.706
41006,55,77,22,12,27,15,0.089,0.278
41007,54,75,21,12,26,14,0.133,0.428
41008,65,86,21,18,35,17,0.139,0.550
41010,59,80,21,13,29,16,0.111,0.378
41011,56,77,21,14,28,14,0.133,0.428
41014,55,77,22,14,28,14,0.133,0.428
41015,55,76,21,13,27,14,0.133,0.428
41016,56,77,21,14,28,14,0.133,0.428
41017,53,74,21,12,26,14,0.133,0.428
41018,52,73,21,11,25,14,0.133,0.428
41030,57,79,22,13,28,15,0.111,0.378
41031,59,80,21,14,29,15,0.050,0.244
41033,56,77,21,13,27,14,0.089,0.278
41034,53,74,21,11,24,13,0.033,0.217
41035,59,80,21,14,29,15,0.111,0.378
41039,54,75,21,11,25,14,0.033,0.194
41040,55,77,22,12,26,14,0.089,0.278
41041,53,74,21,10,24,14,0.033,0.194
41042,50,71,21,11,24,13,0.217,0.706
41043,53,74,21,11,25,14,0.028,0.233
41044,52,74,22,11,24,13,0.028,0.233
41045,62,83,21,17,33,16,0.139,0.550
41046,60,81,21,16,31,15,0.133,0.450
41048,51,72,21,11,24,13,0.217,0.706
41049,56,78,22,12,26,14,0.033,0.194
41051,53,74,21,12,26,14,0.133,0.428
41052,62,83,21,16,32,16,0.111,0.378
41055,52,74,22,10,24,14,0.033,0.217
41056,52,73,21,10,23,13,0.033,0.217
41059,55,77,22,13,28,15,0.133,0.428
41062,51,72,21,10,23,13,0.033,0.217
41063,56,77,21,13,28,15,0.133,0.428
41064,56,77,21,12,26,14,0.033,0.217
41071,56,77,21,14,28,14,0.133,0.428
41073,56,77,21,14,29,15,0.133,0.428
41074,57,78,21,14,29,15,0.133,0.428
41075,56,77,21,14,28,14,0.133,0.428
41076,55,76,21,13,27,14,0.133,0.428
41080,55,75,20,13,28,15,0.217,0.706
41083,61,82,21,16,32,16,0.139,0.550
41085,56,77,21,14,29,15,0.133,0.428
41086,61,82,21,16,32,16,0.133,0.450
41091,52,73,21,11,25,14,0.217,0.706
41092,56,78,22,13,28,15,0.217,0.706
41093,52,73,21,10,23,13,0.033,0.194
41094,53,75,22,12,26,14,0.217,0.706
41095,59,80,21,15,31,16,0.133,0.450
41097,58,80,22,14,29,15,0.111,0.378
41098,64,85,21,17,34,17,0.139,0.550
41099,54,75,21,13,27,14,0.133,0.428
41101,59,81,22,13,28,15,0.033,0.156
41102,56,77,21,11,25,14,0.033,0.156
41121,54,76,22,11,24,13,0.083,0.172
41124,55,77,22,10,24,14,0.039,0.194
41129,55,77,22,11,24,13,0.033,0.156
41132,52,74,22,9,22,13,0.039,0.133
41135,50,71,21,9,22,13,0.056,0.167
41139,58,80,22,13,27,14,0.083,0.172
41141,52,74,22,10,23,13,0.056,0.167
41142,53,75,22,10,23,13,0.039,0.133
41143,54,76,22,11,24,13,0.039,0.133
41144,57,79,22,12,26,14,0.083,0.172
41146,54,76,22,10,23,13,0.039,0.133
41149,53,75,22,10,23,13,0.039,0.156
41159,55,77,22,10,23,13,0.039,0.194
41164,51,73,22,9,22,13,0.039,0.133
41166,50,72,22,9,22,13,0.056,0.167
41168,53,74,21,10,23,13,0.033,0.156
41169,59,81,22,13,27,14,0.083,0.172
41171,54,76,22,10,23,13,0.039,0.156
41174,51,72,21,10,22,12,0.083,0.172
41175,55,76,21,11,25,14,0.083,0.172
41179,51,73,22,10,23,13,0.056,0.167
41180,54,76,22,10,23,13,0.039,0.194
41183,59,81,22,13,27,14,0.083,0.172
41189,52,74,22,10,23,13,0.056,0.167
41201,55,77,22,10,23,13,0.039,0.194
41203,56,78,22,11,25,14,0.078,0.222
41204,58,80,22,12,26,14,0.056,0.217
41214,54,76,22,10,23,13,0.078,0.222
41216,60,82,22,13,28,15,0.044,0.206
41219,56,78,22,11,25,14,0.056,0.217
41222,61,83,22,13,28,15,0.056,0.217
41224,54,76,22,10,23,13,0.078,0.222
41226,55,76,21,10,23,13,0.056,0.217
41230,57,79,22,11,25,14,0.039,0.194
41231,58,80,22,12,26,14,0.078,0.222
41232,57,79,22,11,25,14,0.039,0.194
41234,59,81,22,13,28,15,0.056,0.217
41238,56,78,22,11,25,14,0.056,0.217
41240,61,83,22,14,29,15,0.056,0.217
41250,58,80,22,12,26,14,0.078,0.222
41254,60,82,22,13,27,14,0.056,0.217
41255,58,80,22,12,26,14,0.056,0.217
41256,61,83,22,13,28,15,0.056,0.217
41257,58,80,22,12,26,14,0.056,0.217
41260,61,83,22,14,29,15,0.056,0.217
41262,55,77,22,10,24,14,0.078,0.222
41263,62,84,22,14,29,15,0.056,0.217
41264,58,80,22,11,25,14,0.039,0.194
41265,61,83,22,14,29,15,0.056,0.217
41267,55,77,22,11,25,14,0.078,0.222
41268,63,85,22,15,30,15,0.056,0.217
41271,60,82,22,13,28,15,0.056,0.217
41274,61,83,22,14,29,15,0.056,0.217
41301,53,76,23,9,22,13,0.022,0.100
41311,56,79,23,10,24,14,0.017,0.106
41314,53,76,23,9,22,13,0.017,0.094
41317,50,73,23,8,20,12,0.022,0.089
41332,51,74,23,8,21,13,0.022,0.100
41339,53,76,23,9,22,13,0.022,0.089
41348,50,73,23,8,20,12,0.022,0.089
41352,51,73,22,8,21,13,0.039,0.156
41360,53,74,21,10,23,13,0.022,0.100
41366,52,74,22,8,21,13,0.022,0.089
41367,49,71,22,7,19,12,0.017,0.067
41385,52,75,23,9,21,12,0.022,0.089
41390,51,74,23,8,21,13,0.022,0.089
41408,52,74,22,8,21,13,0.039,0.156
41421,54,76,22,10,23,13,0.039,0.156
41425,55,77,22,10,23,13,0.039,0.156
41464,52,75,23,9,22,13,0.039,0.161
41465,53,76,23,9,22,13,0.039,0.161
41472,56,78,22,10,24,14,0.039,0.156
41517,19,38,19,1,4,3,0.017,0.039
41537,21,40,19,1,5,4,0.017,0.039
41601,63,85,22,14,30,16,0.044,0.206
41602,62,84,22,14,30,16,0.044,0.206
41603,62,84,22,13,29,16,0.044,0.206
41604,41,63,22,4,14,10,0.044,0.206
41605,67,89,22,17,33,16,0.044,0.206
41606,41,63,22,4,14,10,0.044,0.206
41607,58,81,23,11,26,15,0.044,0.206
41612,41,63,22,4,13,9,0.044,0.206
41615,64,86,22,15,31,16,0.044,0.206
41616,56,79,23,10,24,14,0.044,0.206
41619,55,78,23,10,23,13,0.044,0.206
41621,63,86,23,14,30,16,0.044,0.206
41622,58,81,23,11,25,14,0.044,0.206
41630,54,76,22,9,22,13,0.044,0.206
41631,56,79,23,10,24,14,0.044,0.206
41632,51,73,22,8,21,13,0.039,0.161
41635,58,81,23,12,26,14,0.044,0.206
41636,47,69,22,6,17,11,0.044,0.206
41640,57,79,22,10,24,14,0.044,0.206
41642,65,87,22,15,31,16,0.044,0.206
41643,54,77,23,9,22,13,0.044,0.206
41645,60,83,23,12,27,15,0.044,0.206
41647,50,73,23,8,20,12,0.044,0.206
41649,59,82,23,12,27,15,0.044,0.206
41650,38,60,22,3,12,9,0.044,0.206
41653,60,83,23,13,28,15,0.044,0.206
41655,56,79,23,10,24,14,0.044,0.206
41659,63,85,22,14,30,16,0.044,0.206
41660,45,67,22,6,16,10,0.044,0.206
41663,66,88,22,16,32,16,0.044,0.206
41666,52,75,23,8,21,13,0.044,0.206
41667,38,59,21,3,12,9,0.044,0.206
41669,36,58,22,3,11,8,0.044,0.206
41701,46,68,22,6,17,11,0.017,0.067
41712,47,69,22,6,17,11,0.017,0.067
41713,41,62,21,4,14,10,0.017,0.067
41714,43,65,22,5,15,10,0.006,0.056
41719,49,72,23,7,19,12,0.017,0.067
41721,48,70,22,7,18,11,0.017,0.067
41722,46,69,23,6,17,11,0.017,0.067
41723,45,67,22,5,16,11,0.017,0.067
41727,48,70,22,6,18,12,0.017,0.067
41729,47,69,22,6,17,11,0.017,0.067
41731,43,65,22,5,14,9,0.017,0.067
41735,30,51,21,2,8,6,0.017,0.067
41739,46,68,22,6,17,11,0.017,0.067
41745,47,69,22,6,18,12,0.017,0.067
41746,45,67,22,5,16,11,0.017,0.067
41749,43,66,23,5,15,10,0.006,0.056
41751,46,69,23,6,16,10,0.017,0.067
41754,48,70,22,6,18,12,0.017,0.067
41759,41,63,22,4,13,9,0.028,0.089
41760,44,66,22,5,15,10,0.017,0.067
41762,44,66,22,5,16,11,0.006,0.056
41763,38,60,22,3,12,9,0.017,0.067
41764,37,58,21,3,12,9,0.006,0.056
41766,42,64,22,5,15,10,0.006,0.056
41773,43,65,22,5,14,9,0.017,0.067
41774,42,64,22,5,14,9,0.017,0.067
41775,38,60,22,4,13,9,0.006,0.056
41776,40,62,22,4,13,9,0.006,0.056
41777,32,53,21,2,9,7,0.006,0.056
41804,45,67,22,5,15,10,0.017,0.039
41810,21,41,20,1,5,4,0.017,0.039
41812,30,52,22,2,8,6,0.017,0.039
41815,34,55,21,3,10,7,0.017,0.039
41819,28,49,21,2,7,5,0.017,0.039
41821,43,65,22,5,14,9,0.017,0.039
41824,42,64,22,4,14,10,0.017,0.039
41825,31,52,21,2,8,6,0.017,0.039
41826,43,65,22,5,14,9,0.017,0.039
41832,46,68,22,6,16,10,0.017,0.039
41833,32,54,22,2,9,7,0.017,0.039
41835,26,46,20,1,6,5,0.017,0.039
41837,17,34,17,1,4,3,0.017,0.039
41838,38,59,21,3,12,9,0.017,0.039
41840,29,49,20,2,7,5,0.017,0.039
41845,44,66,22,5,15,10,0.017,0.039
41848,44,67,23,5,15,10,0.017,0.039
41849,37,59,22,3,11,8,0.017,0.039
41855,39,61,22,4,13,9,0.017,0.039
41858,35,57,22,3,11,8,0.017,0.039
42001,83,102,19,34,54,20,0.233,1.256
42003,84,103,19,35,55,20,0.233,1.256
42020,88,107,19,36,57,21,0.244,1.133
42021,86,105,19,35,56,21,0.350,1.644
42022,83,102,19,34,54,20,0.411,1.961
42023,86,104,18,35,56,21,0.350,1.644
42024,84,103,19,35,55,20,0.411,1.961
42025,88,107,19,37,58,21,0.411,1.817
42027,85,104,19,34,55,21,0.183,1.183
42029,92,109,17,41,62,21,0.411,1.817
42031,86,105,19,35,56,21,0.261,1.506
42032,86,105,19,35,56,21,0.261,1.506
42035,87,105,18,36,57,21,0.350,1.644
42036,88,107,19,37,57,20,0.244,1.133
42037,89,107,18,39,59,20,0.300,1.317
42038,88,106,18,37,57,20,0.411,1.778
42039,85,104,19,33,54,21,0.183,1.183
42040,85,104,19,33,53,20,0.183,1.183
42041,85,105,20,33,54,21,0.250,1.550
42044,93,110,17,42,63,21,0.411,1.817
42048,89,107,18,37,58,21,0.411,1.817
42049,85,105,20,33,53,20,0.244,1.133
42050,88,107,19,36,57,21,0.250,1.550
42051,85,104,19,34,54,20,0.183,1.183
42053,84,103,19,34,54,20,0.233,1.256
42054,86,105,19,35,55,20,0.244,1.133
42055,92,110,18,41,62,21,0.411,1.778
42056,84,103,19,35,55,20,0.411,1.961
42060,87,106,19,37,58,21,0.411,1.961
42061,85,104,19,34,55,21,0.183,1.183
42064,82,101,19,31,51,20,0.300,1.317
42066,84,104,20,32,52,20,0.183,1.183
42069,85,104,19,34,55,21,0.183,1.183
42071,88,107,19,36,57,21,0.244,1.133
42076,89,107,18,36,57,21,0.244,1.133
42078,81,100,19,31,51,20,0.411,1.817
42079,84,104,20,32,52,20,0.183,1.183
42082,85,104,19,35,55,20,0.183,1.183
42084,79,99,20,30,49,19,,
42085,84,104,20,32,53,21,0.183,1.183
42086,83,102,19,33,53,20,0.233,1.256
42087,86,104,18,36,57,21,0.411,1.961
42088,83,103,20,31,52,21,0.183,1.183
42101,82,101,19,30,50,20,0.144,0.506
42102,83,102,19,31,51,20,0.144,0.506
42103,83,102,19,30,50,20,0.144,0.506
42104,82,102,20,30,50,20,0.144,0.506
42120,79,99,20,26,46,20,0.194,0.706
42122,83,102,19,30,50,20,0.144,0.506
42123,82,101,19,29,49,20,0.144,0.528
42127,81,100,19,27,47,20,0.144,0.528
42129,73,94,21,21,40,19,0.083,0.361
42130,75,96,21,22,42,20,0.144,0.528
42133,83,102,19,29,50,21,0.194,0.706
42134,80,100,20,27,47,20,0.083,0.394
42140,81,101,20,27,48,21,0.194,0.706
42141,81,101,20,28,48,20,0.144,0.528
42151,78,99,21,24,44,20,0.194,0.706
42153,85,104,19,32,53,21,0.194,0.706
42154,75,96,21,23,42,19,0.083,0.361
42156,83,102,19,30,50,20,0.144,0.528
42157,76,97,21,23,43,20,0.194,0.706
42159,83,102,19,30,50,20,0.144,0.506
42160,82,101,19,28,48,20,0.144,0.528
42163,83,102,19,29,49,20,0.139,0.489
42164,80,100,20,27,48,21,0.194,0.706
42166,74,95,21,22,41,19,0.083,0.361
42167,77,98,21,24,44,20,0.194,0.706
42170,81,101,20,29,49,20,0.144,0.506
42171,82,101,19,29,49,20,0.144,0.506
42202,82,101,19,29,49,20,0.217,0.728
42204,82,101,19,29,49,20,0.183,0.761
42206,80,99,19,27,47,20,0.217,0.728
42207,82,100,18,30,50,20,0.139,0.489
42210,81,100,19,28,48,20,0.139,0.489
42211,87,106,19,36,56,20,0.256,1.189
42214,76,97,21,24,43,19,0.083,0.361
42215,85,104,19,33,53,20,0.250,0.906
42217,83,102,19,30,51,21,0.250,0.906
42220,79,99,20,27,47,20,0.183,0.761
42223,85,104,19,32,52,20,0.150,0.644
42232,86,104,18,34,54,20,0.250,0.906
42234,83,102,19,30,50,20,0.183,0.761
42236,83,103,20,31,51,20,0.250,0.906
42240,84,103,19,32,52,20,0.250,0.906
42254,83,103,20,31,51,20,0.250,0.906
42256,81,99,18,29,48,19,0.217,0.728
42259,79,99,20,27,46,19,0.139,0.489
42261,78,98,20,27,46,19,0.183,0.644
42262,84,103,19,31,51,20,0.250,0.906
42265,82,100,18,29,48,19,0.217,0.728
42266,82,101,19,30,50,20,0.250,0.906
42273,79,99,20,29,48,19,0.183,0.644
42274,81,101,20,29,49,20,0.144,0.506
42275,81,100,19,29,48,19,0.183,0.644
42276,79,98,19,27,46,19,0.217,0.728
42280,80,99,19,28,47,19,0.183,0.761
42285,81,100,19,29,49,20,0.139,0.489
42286,82,101,19,30,49,19,0.183,0.761
42301,80,99,19,29,49,20,0.300,0.894
42303,79,98,19,29,48,19,0.300,0.894
42320,81,100,19,28,48,20,0.283,0.861
42321,82,100,18,30,50,20,0.267,1.039
42322,80,99,19,29,49,20,0.272,0.900
42323,82,100,18,30,50,20,0.267,1.039
42324,81,100,19,29,49,20,0.267,1.039
42325,84,103,19,32,52,20,0.267,1.039
42326,81,100,19,30,50,20,0.267,1.039
42327,81,100,19,30,50,20,0.272,0.900
42328,82,101,19,29,49,20,0.283,0.861
42330,83,102,19,31,51,20,0.267,1.039
42332,82,101,19,31,51,20,0.267,1.039
42333,80,99,19,28,47,19,0.283,0.861
42337,81,100,19,30,50,20,0.267,1.039
42338,80,99,19,28,48,20,0.283,0.861
42339,80,99,19,29,48,19,0.267,1.039
42343,77,96,19,27,46,19,0.283,0.861
42344,85,104,19,33,54,21,0.267,1.039
42345,83,102,19,31,51,20,0.267,1.039
42347,81,100,19,29,49,20,0.283,0.861
42348,73,93,20,24,43,19,0.278,0.850
42349,78,98,20,27,46,19,0.283,0.861
42350,83,102,19,31,52,21,0.272,0.900
42351,75,94,19,26,44,18,0.278,0.850
42352,82,101,19,30,51,21,0.272,0.900
42354,81,100,19,28,48,20,0.283,0.861
42355,77,96,19,27,46,19,0.300,0.894
42361,79,98,19,28,47,19,0.283,0.861
42366,78,97,19,28,47,19,0.300,0.894
42367,84,103,19,32,52,20,0.267,1.039
42368,76,95,19,26,45,19,0.278,0.850
42369,82,100,18,30,49,19,0.283,0.861
42370,77,97,20,26,45,19,0.283,0.861
42371,83,102,19,31,52,21,0.272,0.900
42372,84,103,19,32,53,21,0.272,0.900
42374,84,102,18,32,52,20,0.267,1.039
42376,80,99,19,29,48,19,0.300,0.894
42378,78,97,19,28,47,19,0.300,0.894
42404,88,106,18,37,57,20,0.300,1.239
42406,78,97,19,27,47,20,0.272,0.894
42408,86,105,19,34,54,20,0.294,1.217
42409,84,103,19,33,53,20,0.300,1.239
42410,87,106,19,34,55,21,0.294,1.217
42411,87,105,18,36,56,20,0.300,1.239
42413,87,106,19,35,55,20,0.294,1.217
42420,78,97,19,27,47,20,0.272,0.894
42431,88,107,19,35,56,21,0.294,1.217
42436,88,106,18,35,56,21,0.294,1.217
42437,80,98,18,29,49,20,0.244,1.128
42440,87,106,19,35,55,20,0.294,1.217
42441,88,106,18,36,56,20,0.294,1.217
42442,86,104,18,33,54,21,0.294,1.217
42445,88,106,18,36,56,20,0.300,1.239
42450,89,107,18,38,59,21,0.300,1.239
42451,79,98,19,28,48,20,0.272,0.894
42452,80,99,19,29,49,20,0.272,0.894
42453,85,104,19,33,53,20,0.294,1.217
42455,82,101,19,31,51,20,0.300,1.239
42456,85,103,18,33,53,20,0.300,1.239
42458,78,97,19,28,48,20,0.272,0.894
42459,82,101,19,32,52,20,0.244,1.128
42461,78,97,19,28,48,20,0.244,1.128
42462,78,97,19,28,48,20,0.244,1.128
42463,87,105,18,35,56,21,0.300,1.239
42464,86,105,19,34,55,21,0.294,1.217
42501,62,85,23,13,29,16,0.044,0.194
42503,63,86,23,14,30,16,0.044,0.194
42516,58,81,23,11,26,15,0.067,0.206
42518,64,87,23,14,31,17,0.044,0.194
42519,62,85,23,13,29,16,0.044,0.194
42528,64,86,22,15,32,17,0.067,0.206
42533,64,86,22,14,31,17,0.044,0.194
42539,62,84,22,14,30,16,0.067,0.206
42541,58,80,22,11,26,15,0.067,0.206
42544,65,87,22,15,32,17,0.044,0.194
42553,60,82,22,12,27,15,0.044,0.194
42565,60,82,22,12,28,16,0.067,0.206
42566,57,79,22,11,25,14,0.067,0.206
42567,57,80,23,11,25,14,0.044,0.194
42602,71,93,22,19,38,18,0.078,0.278
42629,69,90,21,18,36,18,0.078,0.294
42631,56,79,23,10,25,15,0.017,0.122
42633,61,84,23,13,29,16,0.061,0.211
42634,57,80,23,10,24,14,0.017,0.122
42635,55,78,23,9,23,14,0.017,0.122
42638,55,78,23,10,24,14,0.017,0.122
42642,65,86,21,16,33,17,0.078,0.294
42647,57,80,23,11,25,14,0.017,0.122
42649,53,76,23,9,22,13,0.017,0.122
42653,57,80,23,10,25,15,0.017,0.122
42701,66,87,21,18,35,17,0.117,0.350
42712,71,92,21,21,40,19,0.144,0.561
42713,74,94,20,22,41,19,0.111,0.417
42715,71,93,22,20,39,19,0.078,0.306
42716,70,91,21,19,38,19,0.094,0.300
42717,77,98,21,23,43,20,0.078,0.322
42718,68,90,22,18,36,18,0.072,0.278
42721,78,98,20,27,46,19,0.144,0.561
42722,77,97,20,25,44,19,0.111,0.417
42724,70,91,21,21,39,18,0.117,0.350
42728,70,91,21,19,38,19,0.078,0.306
42729,79,98,19,26,46,20,0.111,0.417
42731,77,98,21,24,44,20,,
42732,71,92,21,21,40,19,0.117,0.350
42733,66,88,22,17,34,17,0.072,0.278
42740,70,91,21,20,39,19,0.117,0.350
42741,68,89,21,18,36,18,0.078,0.306
42743,75,96,21,23,42,19,0.072,0.333
42746,77,97,20,24,44,20,0.111,0.417
42749,79,99,20,26,46,20,0.111,0.417
42753,69,91,22,19,37,18,0.078,0.306
42754,74,94,20,24,42,18,0.144,0.561
42757,73,94,21,22,41,19,0.111,0.417
42758,66,88,22,17,35,18,0.072,0.278
42764,71,92,21,20,39,19,0.072,0.333
42765,77,97,20,25,44,19,0.111,0.417
42776,72,92,20,21,40,19,0.117,0.350
42782,75,95,20,23,42,19,0.072,0.333
42784,73,93,20,21,40,19,0.117,0.350
42788,73,94,21,23,42,19,0.117,0.350
43001,34,54,20,5,14,9,0.083,0.294
43002,43,63,20,8,19,11,0.117,0.344
43003,37,56,19,7,17,10,0.089,0.333
43004,34,54,20,5,13,8,0.117,0.344
43005,31,51,20,5,12,7,0.083,0.256
43006,28,47,19,4,10,6,0.061,0.122
43008,37,57,20,6,15,9,0.083,0.294
43009,37,57,20,6,17,11,0.122,0.417
43010,36,56,20,6,16,10,0.156,0.472
43011,28,47,19,4,11,7,0.083,0.256
43013,29,48,19,4,11,7,0.083,0.294
43014,29,49,20,4,11,7,0.083,0.256
43015,38,58,20,7,17,10,0.089,0.333
43016,41,62,21,8,19,11,0.117,0.344
43017,41,62,21,8,19,11,0.117,0.344
43019,28,46,18,4,11,7,0.083,0.256
43021,38,59,21,7,17,10,0.089,0.333
43022,30,49,19,4,12,8,0.083,0.256
43023,36,56,20,6,15,9,0.083,0.294
43025,38,58,20,6,16,10,0.083,0.294
43026,43,64,21,8,20,12,0.117,0.344
43028,31,51,20,5,12,7,0.083,0.256
43029,44,64,20,9,20,11,0.094,0.339
43030,34,54,20,5,13,8,0.083,0.294
43031,31,50,19,4,12,8,0.083,0.294
43032,37,57,20,7,17,10,,
43033,38,59,21,6,16,10,0.083,0.294
43035,42,63,21,8,19,11,0.089,0.333
43036,39,59,20,8,18,10,0.089,0.344
43037,31,50,19,5,12,7,0.083,0.256
43040,39,59,20,7,18,11,0.089,0.344
43044,40,60,20,7,18,11,0.122,0.417
43045,42,63,21,8,20,12,0.089,0.344
43046,38,58,20,6,16,10,0.061,0.239
43050,29,48,19,4,11,7,0.083,0.256
43054,34,54,20,5,14,9,0.117,0.344
43055,38,58,20,7,16,9,0.083,0.294
43056,36,56,20,6,15,9,0.083,0.294
43060,40,60,20,7,18,11,0.122,0.417
43061,39,59,20,7,18,11,0.089,0.333
43062,34,54,20,5,14,9,0.083,0.294
43064,40,61,21,8,18,10,0.089,0.344
43065,40,61,21,8,18,10,0.089,0.333
43066,38,58,20,7,18,11,0.089,0.333
43067,37,57,20,7,17,10,0.089,0.344
43068,37,57,20,6,15,9,0.117,0.344
43070,33,52,19,5,15,10,0.122,0.417
43071,34,54,20,6,14,8,0.083,0.294
43072,33,52,19,6,15,9,0.122,0.417
43074,35,54,19,6,15,9,0.089,0.333
43076,36,57,21,6,15,9,0.039,0.128
43077,41,61,20,8,19,11,0.089,0.344
43078,36,56,20,7,17,10,0.122,0.417
43080,32,51,19,5,13,8,0.083,0.294
43081,39,60,21,7,17,10,0.117,0.344
43082,40,61,21,7,18,11,0.089,0.333
43084,43,63,20,8,20,12,0.122,0.417
43085,41,62,21,8,18,10,0.117,0.344
43101,41,62,21,7,17,10,0.111,0.344
43102,40,61,21,6,17,11,0.061,0.239
43103,45,66,21,9,20,11,0.111,0.333
43105,39,60,21,7,16,9,0.061,0.239
43106,39,59,20,7,17,10,0.094,0.278
43107,39,60,21,6,16,10,0.061,0.239
43109,40,60,20,7,17,10,0.117,0.344
43110,40,61,21,7,17,10,0.117,0.344
43111,42,62,20,7,17,10,0.072,0.200
43112,40,61,21,7,17,10,0.061,0.239
43113,45,66,21,9,20,11,0.111,0.333
43115,44,65,21,8,20,12,0.111,0.344
43116,44,65,21,8,20,12,0.111,0.333
43117,40,61,21,7,18,11,0.111,0.333
43119,43,63,20,8,19,11,0.117,0.344
43123,45,65,20,9,20,11,0.117,0.344
43125,42,63,21,8,19,11,0.117,0.344
43126,42,63,21,8,19,11,0.117,0.344
43127,41,62,21,7,17,10,0.072,0.200
43128,39,59,20,7,17,10,0.094,0.278
43130,41,62,21,7,17,10,0.061,0.239
43135,40,61,21,6,16,10,0.072,0.200
43136,38,58,20,6,15,9,0.061,0.239
43137,45,66,21,9,21,12,0.111,0.333
43138,41,62,21,7,17,10,0.072,0.200
43140,40,60,20,7,18,11,0.094,0.339
43142,39,59,20,7,17,10,0.094,0.278
43143,40,60,20,7,18,11,0.094,0.339
43144,39,59,20,6,15,9,0.072,0.200
43145,41,61,20,7,18,11,0.111,0.333
43146,43,64,21,8,19,11,0.111,0.333
43147,39,60,21,6,16,10,0.061,0.239
43148,39,60,21,7,16,9,0.061,0.239
43149,39,60,21,6,16,10,0.072,0.200
43150,39,59,20,6,15,9,0.061,0.239
43151,39,59,20,7,17,10,0.094,0.339
43152,41,62,21,6,17,11,0.072,0.200
43153,38,58,20,6,17,11,0.094,0.339
43154,40,61,21,7,17,10,0.061,0.239
43155,40,61,21,6,16,10,0.061,0.239
43156,42,63,21,8,18,10,0.111,0.333
43157,39,60,21,7,16,9,0.061,0.239
43158,41,62,21,7,17,10,0.072,0.200
43160,38,59,21,6,16,10,0.094,0.278
43162,42,62,20,8,19,11,0.094,0.339
43164,44,64,20,8,20,12,0.111,0.333
43201,41,61,20,7,17,10,0.117,0.344
43202,40,61,21,7,17,10,0.117,0.344
43203,41,62,21,7,18,11,0.117,0.344
43204,45,65,20,9,21,12,0.117,0.344
43205,41,62,21,7,18,11,0.117,0.344
43206,42,63,21,8,18,10,0.117,0.344
43207,43,64,21,8,19,11,0.117,0.344
43209,40,61,21,7,17,10,0.117,0.344
43210,42,62,20,8,18,10,0.117,0.344
43211,40,60,20,7,17,10,0.117,0.344
43212,44,64,20,9,20,11,0.117,0.344
43213,39,59,20,6,16,10,0.117,0.344
43214,41,61,20,8,18,10,0.117,0.344
43215,42,63,21,8,19,11,0.117,0.344
43217,45,66,21,9,21,12,0.117,0.344
43219,39,60,21,7,16,9,0.117,0.344
43220,43,64,21,9,20,11,0.117,0.344
43221,44,65,21,9,20,11,0.117,0.344
43222,44,65,21,9,20,11,0.117,0.344
43223,45,65,20,9,20,11,0.117,0.344
43224,40,60,20,7,17,10,0.117,0.344
43227,40,61,21,7,17,10,0.117,0.344
43228,44,65,21,9,20,11,0.117,0.344
43229,41,61,20,7,18,11,0.117,0.344
43230,37,57,20,6,15,9,0.117,0.344
43231,41,61,20,7,18,11,0.117,0.344
43232,40,61,21,7,17,10,0.117,0.344
43235,42,62,20,8,19,11,0.117,0.344
43240,43,63,20,8,19,11,0.089,0.333
43302,34,54,20,6,15,9,0.072,0.344
43310,35,55,20,6,16,10,0.106,0.317
43311,32,52,20,5,15,10,0.106,0.317
43314,33,52,19,6,14,8,0.072,0.344
43315,32,51,19,5,13,8,0.072,0.333
43316,35,55,20,7,16,9,0.067,0.317
43317,28,46,18,4,11,7,0.072,0.333
43318,36,56,20,6,17,11,0.106,0.317
43319,37,57,20,7,17,10,0.106,0.317
43320,31,50,19,5,14,9,0.072,0.333
43321,29,48,19,4,12,8,0.072,0.333
43322,36,56,20,7,17,10,0.072,0.344
43323,36,55,19,7,16,9,0.067,0.317
43324,35,54,19,6,16,10,0.106,0.317
43326,38,57,19,7,18,11,0.089,0.328
43330,37,56,19,7,17,10,0.067,0.317
43331,36,55,19,7,17,10,0.106,0.317
43332,37,57,20,7,17,10,0.072,0.344
43333,36,55,19,6,16,10,0.106,0.317
43334,29,48,19,4,12,8,0.072,0.333
43336,38,58,20,7,17,10,0.106,0.317
43337,35,55,20,7,16,9,0.072,0.344
43338,27,45,18,4,11,7,0.072,0.333
43340,36,56,20,7,17,10,0.089,0.328
43341,36,56,20,7,17,10,0.072,0.344
43342,37,57,20,7,17,10,0.072,0.344
43343,36,55,19,6,16,10,0.106,0.317
43344,38,58,20,7,18,11,0.089,0.344
43345,35,55,20,6,16,10,0.089,0.328
43347,34,53,19,6,15,9,0.106,0.317
43348,36,56,20,7,17,10,0.106,0.317
43351,36,56,20,7,17,10,0.067,0.317
43356,38,57,19,7,17,10,0.072,0.344
43357,35,55,20,6,16,10,0.106,0.317
43358,36,56,20,7,17,10,0.106,0.317
43359,36,55,19,7,16,9,0.067,0.317
43360,34,53,19,6,15,9,0.106,0.317
43402,36,54,18,6,15,9,0.083,0.250
43403,35,54,19,6,15,9,0.083,0.250
43406,35,54,19,6,15,9,0.083,0.250
43407,35,53,18,6,15,9,0.072,0.233
43408,32,51,19,6,14,8,0.056,0.189
43410,30,48,18,5,13,8,0.072,0.233
43412,34,52,18,6,14,8,0.089,0.306
43413,34,53,19,6,15,9,0.083,0.250
43416,31,49,18,5,13,8,0.056,0.189
43420,31,50,19,5,13,8,0.072,0.233
43430,32,50,18,6,14,8,0.056,0.189
43431,33,51,18,6,14,8,0.072,0.233
43432,32,51,19,6,14,8,0.056,0.189
43433,21,37,16,3,9,6,0.056,0.189
43434,35,54,19,7,16,9,0.089,0.306
43435,34,53,19,6,14,8,0.072,0.233
43437,34,53,19,6,15,9,0.083,0.250
43438,15,29,14,2,6,4,0.039,0.117
43439,27,44,17,4,11,7,0.056,0.189
43440,18,33,15,2,7,5,0.056,0.189
43442,30,48,18,5,13,8,0.072,0.233
43443,34,52,18,6,14,8,0.083,0.250
43445,33,51,18,6,14,8,0.056,0.189
43446,16,30,14,2,6,4,0.056,0.189
43447,34,52,18,7,15,8,0.083,0.250
43449,29,47,18,5,12,7,0.056,0.189
43450,35,54,19,6,15,9,0.083,0.250
43451,36,54,18,6,15,9,0.083,0.250
43452,21,37,16,3,9,6,0.056,0.189
43456,16,31,15,2,6,4,0.056,0.189
43457,35,53,18,6,15,9,0.083,0.250
43458,32,50,18,6,14,8,0.056,0.189
43460,36,55,19,8,17,9,0.083,0.250
43462,35,54,19,6,15,9,0.083,0.250
43463,33,52,19,6,14,8,0.083,0.250
43464,26,44,18,4,11,7,0.072,0.233
43465,35,53,18,7,16,9,0.083,0.250
43466,35,54,19,6,15,9,0.083,0.250
43467,34,53,19,6,15,9,0.083,0.250
43468,33,52,19,7,15,8,0.056,0.189
43469,32,50,18,5,13,8,0.072,0.233
43501,35,53,18,7,15,8,0.083,0.400
43502,36,55,19,7,16,9,0.072,0.333
43504,31,49,18,5,13,8,0.089,0.306
43505,36,54,18,7,16,9,0.083,0.400
43506,38,56,18,8,17,9,0.083,0.400
43511,35,54,19,6,15,9,0.083,0.250
43512,37,56,19,7,17,10,0.078,0.422
43515,34,53,19,6,14,8,0.072,0.333
43516,35,53,18,6,15,9,0.089,0.333
43517,37,56,19,8,17,9,0.083,0.400
43518,34,52,18,7,15,8,0.083,0.400
43519,37,55,18,7,16,9,0.078,0.422
43521,36,54,18,7,15,8,0.072,0.333
43522,35,54,19,6,15,9,0.083,0.250
43523,35,54,19,6,15,9,0.089,0.333
43524,35,54,19,6,15,9,0.089,0.333
43525,36,55,19,7,15,8,0.083,0.250
43526,40,59,19,8,19,11,0.078,0.422
43527,36,55,19,7,16,9,0.089,0.333
43528,32,50,18,6,14,8,0.089,0.306
43529,35,54,19,6,15,9,0.089,0.333
43531,36,54,18,7,16,9,0.083,0.400
43532,36,54,18,7,15,8,0.089,0.333
43533,33,51,18,6,14,8,0.072,0.333
43534,35,54,19,6,15,9,0.089,0.333
43535,36,54,18,7,16,9,0.089,0.333
43536,39,58,19,8,18,10,0.078,0.422
43537,33,51,18,6,14,8,0.089,0.306
43540,32,51,19,6,13,7,0.072,0.333
43541,35,54,19,6,15,9,0.083,0.250
43542,32,50,18,6,13,7,0.089,0.306
43543,35,53,18,7,16,9,0.083,0.400
43545,37,56,19,7,16,9,0.089,0.333
43547,34,52,18,6,14,8,0.089,0.306
43548,36,55,19,7,16,9,0.089,0.333
43549,37,56,19,7,17,10,0.078,0.422
43551,34,52,18,6,15,9,0.083,0.250
43553,36,54,18,6,16,10,0.072,0.333
43554,35,53,18,7,15,8,0.083,0.400
43555,36,55,19,7,16,9,0.089,0.333
43556,37,56,19,7,17,10,0.078,0.422
43557,37,55,18,7,16,9,0.083,0.400
43558,33,51,18,6,14,8,0.072,0.333
43560,33,51,18,7,14,7,0.089,0.306
43565,36,55,19,7,15,8,0.083,0.250
43566,34,52,18,6,14,8,0.089,0.306
43567,35,54,19,6,15,9,0.072,0.333
43569,35,54,19,6,15,9,0.083,0.250
43570,37,55,18,7,16,9,0.083,0.400
43571,33,52,19,6,14,8,0.089,0.306
43604,38,57,19,9,18,9,0.089,0.306
43605,38,56,18,8,18,10,0.089,0.306
43606,39,57,18,9,19,10,0.089,0.306
43607,38,56,18,9,18,9,0.089,0.306
43608,39,57,18,9,19,10,0.089,0.306
43609,37,56,19,8,17,9,0.089,0.306
43610,39,57,18,9,19,10,0.089,0.306
43611,36,55,19,8,17,9,0.089,0.306
43612,39,57,18,9,19,10,0.089,0.306
43613,39,57,18,9,19,10,0.089,0.306
43614,35,53,18,7,16,9,0.089,0.306
43615,35,53,18,7,15,8,0.089,0.306
43616,37,55,18,8,17,9,0.089,0.306
43617,33,51,18,6,14,8,0.089,0.306
43619,36,55,19,8,17,9,0.083,0.250
43620,39,57,18,9,19,10,0.089,0.306
43623,38,56,18,9,18,9,0.089,0.306
43701,36,55,19,5,14,9,0.072,0.278
43711,38,59,21,6,15,9,0.044,0.128
43713,24,41,17,3,8,5,0.017,0.028
43716,28,47,19,3,10,7,0.017,0.056
43717,38,58,20,5,15,10,0.044,0.128
43718,28,46,18,3,9,6,0.017,0.028
43719,26,43,17,3,9,6,0.017,0.028
43720,34,54,20,5,13,8,0.072,0.278
43721,35,55,20,5,14,9,0.083,0.294
43722,36,56,20,5,14,9,0.028,0.122
43723,37,57,20,5,14,9,0.028,0.122
43724,38,58,20,5,15,10,0.044,0.128
43725,39,60,21,6,16,10,0.028,0.122
43727,34,54,20,5,13,8,0.072,0.278
43728,39,60,21,6,15,9,0.044,0.139
43730,37,57,20,5,14,9,0.039,0.128
43731,37,57,20,5,14,9,0.039,0.128
43732,37,57,20,5,14,9,0.028,0.122
43733,36,56,20,5,14,9,0.028,0.122
43734,33,53,20,5,13,8,0.072,0.278
43735,36,57,21,5,14,9,0.072,0.278
43736,25,42,17,3,8,5,0.028,0.122
43738,37,57,20,5,14,9,0.072,0.278
43739,36,57,21,5,14,9,0.039,0.128
43740,34,54,20,5,13,8,0.083,0.294
43746,35,55,20,5,14,9,0.072,0.278
43747,27,45,18,3,9,6,0.017,0.056
43748,37,58,21,5,15,10,0.039,0.128
43749,35,55,20,5,13,8,0.028,0.122
43750,36,56,20,5,14,9,0.028,0.122
43754,31,50,19,4,11,7,0.017,0.056
43755,35,55,20,5,13,8,0.028,0.122
43756,39,60,21,6,15,9,0.044,0.139
43758,37,57,20,5,14,9,0.044,0.139
43759,25,43,18,3,8,5,0.017,0.028
43760,37,57,20,5,14,9,0.039,0.128
43761,37,58,21,5,14,9,0.039,0.128
43762,35,55,20,5,14,9,0.072,0.278
43764,38,58,20,6,15,9,0.039,0.128
43766,38,59,21,6,15,9,0.039,0.128
43767,34,53,19,5,13,8,0.072,0.278
43768,34,54,20,5,13,8,0.028,0.122
43771,33,52,19,4,12,8,0.072,0.278
43772,36,56,20,5,14,9,0.028,0.122
43773,29,47,18,3,10,7,0.028,0.122
43777,35,56,21,5,14,9,0.072,0.278
43778,32,51,19,4,12,8,0.028,0.122
43779,32,52,20,4,12,8,0.044,0.128
43780,33,53,20,4,12,8,0.028,0.122
43782,37,58,21,5,14,9,0.039,0.128
43783,37,57,20,5,14,9,0.039,0.128
43786,34,53,19,4,12,8,0.017,0.056
43787,43,63,20,7,17,10,0.044,0.139
43788,31,50,19,4,11,7,0.044,0.128
43793,32,51,19,4,11,7,0.017,0.056
43802,33,53,20,5,13,8,0.072,0.278
43804,28,47,19,4,11,7,0.061,0.122
43805,31,50,19,4,12,8,0.078,0.278
43811,35,55,20,5,14,9,0.078,0.278
43812,33,52,19,5,13,8,0.078,0.278
43821,35,55,20,5,14,9,0.072,0.278
43822,36,55,19,6,15,9,0.072,0.278
43824,32,51,19,5,13,8,0.078,0.278
43830,37,56,19,6,15,9,0.072,0.278
43832,33,52,19,5,13,8,0.033,0.089
43836,36,56,20,5,14,9,0.078,0.278
43837,32,51,19,4,12,8,0.033,0.089
43840,30,49,19,4,12,8,0.033,0.089
43842,35,54,19,5,14,9,0.072,0.278
43843,30,49,19,4,11,7,0.078,0.278
43844,32,51,19,5,13,8,0.078,0.278
43845,34,54,20,5,14,9,0.078,0.278
43901,28,47,19,3,10,7,0.017,0.061
43902,29,47,18,3,10,7,0.017,0.028
43903,29,47,18,4,10,6,0.017,0.061
43905,31,50,19,4,11,7,0.017,0.028
43906,31,50,19,4,11,7,0.017,0.028
43907,30,49,19,4,11,7,0.017,0.078
43908,29,47,18,4,10,6,0.017,0.061
43910,29,48,19,4,11,7,0.017,0.061
43912,33,52,19,4,12,8,0.017,0.028
43913,29,48,19,3,10,7,0.017,0.061
43914,30,49,19,3,10,7,0.017,0.056
43915,34,54,20,4,12,8,0.017,0.056
43917,28,46,18,3,10,7,0.017,0.061
43920,30,49,19,4,11,7,0.017,0.067
43925,28,46,18,3,10,7,0.017,0.061
43926,35,55,20,5,14,9,0.017,0.061
43927,30,49,19,4,11,7,0.017,0.028
43928,29,47,18,3,10,7,0.017,0.028
43930,30,50,20,4,11,7,0.017,0.061
43931,36,56,20,5,13,8,0.017,0.056
43932,31,51,20,4,12,8,0.017,0.061
43933,31,50,19,4,11,7,0.017,0.028
43934,31,50,19,4,11,7,0.017,0.028
43935,32,51,19,4,12,8,0.017,0.028
43938,33,53,20,5,12,7,0.017,0.061
43939,26,44,18,3,9,6,0.017,0.061
43940,32,51,19,4,12,8,0.017,0.028
43942,34,53,19,4,12,8,0.017,0.028
43943,27,45,18,3,9,6,0.017,0.061
43944,30,49,19,4,11,7,0.017,0.061
43945,28,47,19,4,10,6,0.017,0.067
43946,35,54,19,4,13,9,0.017,0.056
43947,33,52,19,4,12,8,0.017,0.028
43948,27,46,19,3,9,6,0.017,0.061
43950,29,47,18,3,10,7,0.017,0.028
43951,30,49,19,4,11,7,0.017,0.028
43952,33,52,19,4,12,8,0.017,0.061
43953,31,50,19,4,11,7,0.017,0.061
43961,34,54,20,5,13,8,0.017,0.061
43962,27,45,18,3,9,6,0.017,0.067
43963,26,44,18,3,9,6,0.017,0.061
43964,34,54,20,5,13,8,0.017,0.061
43967,29,47,18,3,10,7,0.017,0.028
43968,33,53,20,5,13,8,0.017,0.067
43970,28,46,18,3,10,7,0.017,0.061
43971,26,44,18,3,9,6,0.017,0.061
43972,28,46,18,3,10,7,0.017,0.028
43973,32,51,19,4,12,8,0.017,0.078
43974,27,46,19,3,9,6,0.017,0.078
43976,29,47,18,4,10,6,0.017,0.078
43977,30,48,18,4,11,7,0.017,0.028
43983,31,50,19,4,11,7,0.017,0.028
43985,31,49,18,4,11,7,0.017,0.028
43986,30,49,19,4,11,7,0.017,0.078
43988,32,51,19,4,12,8,0.017,0.078
44001,29,47,18,5,12,7,0.078,0.172
44003,21,36,15,2,7,5,0.022,0.039
44004,17,32,15,1,5,4,0.022,0.039
44010,22,38,16,2,7,5,0.022,0.039
44011,27,45,18,4,10,6,0.078,0.172
44012,24,42,18,3,9,6,0.078,0.172
44017,24,41,17,3,9,6,0.039,0.050
44021,23,39,16,3,8,5,0.017,0.033
44022,20,35,15,2,6,4,0.039,0.050
44023,22,38,16,3,8,5,0.017,0.033
44024,17,31,14,2,5,3,0.017,0.033
44026,17,31,14,1,5,4,0.017,0.033
44028,28,45,17,4,11,7,0.078,0.172
44030,16,29,13,1,4,3,0.022,0.039
44032,21,36,15,2,7,5,0.022,0.039
44035,33,51,18,6,14,8,0.078,0.172
44039,29,48,19,5,12,7,0.078,0.172
44040,20,36,16,2,7,5,0.039,0.050
44041,18,33,15,2,6,4,0.022,0.039
44044,30,49,19,5,13,8,0.078,0.172
44045,18,33,15,1,5,4,0.000,0.028
44046,21,36,15,2,7,5,0.017,0.033
44047,20,35,15,2,7,5,0.022,0.039
44048,19,34,15,2,6,4,0.022,0.039
44049,29,47,18,5,12,7,0.078,0.172
44050,31,49,18,5,13,8,0.078,0.172
44052,28,46,18,4,11,7,0.078,0.172
44053,27,45,18,4,11,7,0.078,0.172
44054,28,46,18,4,11,7,0.078,0.172
44055,30,49,19,5,12,7,0.078,0.172
44056,23,39,16,3,8,5,0.044,0.056
44057,19,33,14,2,6,4,0.000,0.028
44060,19,35,16,2,6,4,0.000,0.028
44062,25,42,17,4,9,5,0.017,0.033
44064,18,32,14,2,6,4,0.017,0.033
44065,21,36,15,2,7,5,0.017,0.033
44067,23,40,17,3,8,5,0.044,0.056
44070,22,39,17,3,8,5,0.039,0.050
44072,18,33,15,2,6,4,0.017,0.033
44074,31,49,18,5,13,8,0.078,0.172
44076,27,44,17,4,10,6,0.022,0.039
44077,21,37,16,2,7,5,0.000,0.028
44080,26,43,17,4,9,5,0.017,0.033
44081,20,36,16,2,7,5,0.000,0.028
44082,17,31,14,1,5,4,0.022,0.039
44084,22,38,16,2,8,6,0.022,0.039
44085,23,39,16,3,8,5,0.022,0.039
44086,18,32,14,2,5,3,0.017,0.033
44087,24,40,16,3,9,6,0.044,0.056
44089,24,41,17,4,10,6,0.039,0.117
44090,30,49,19,5,12,7,0.078,0.172
44092,22,38,16,2,7,5,0.000,0.028
44093,21,37,16,2,7,5,0.022,0.039
44094,21,36,15,2,7,5,0.000,0.028
44095,20,36,16,2,6,4,0.000,0.028
44099,26,42,16,4,10,6,0.022,0.039
44101,21,37,16,2,7,5,0.039,0.050
44102,22,38,16,2,7,5,0.039,0.050
44103,21,36,15,2,7,5,0.039,0.050
44104,22,38,16,2,7,5,0.039,0.050
44105,23,39,16,3,8,5,0.039,0.050
44106,22,37,15,2,7,5,0.039,0.050
44107,20,36,16,2,7,5,0.039,0.050
44108,19,35,16,2,6,4,0.039,0.050
44109,22,38,16,3,7,4,0.039,0.050
44110,20,35,15,2,6,4,0.039,0.050
44111,20,36,16,2,7,5,0.039,0.050
44112,20,36,16,2,6,4,0.039,0.050
44113,22,38,16,2,7,5,0.039,0.050
44114,21,36,15,2,7,5,0.039,0.050
44115,21,37,16,2,7,5,0.039,0.050
44116,20,36,16,2,7,5,0.039,0.050
44117,21,37,16,2,7,5,0.039,0.050
44118,21,37,16,2,7,5,0.039,0.050
44119,20,36,16,2,6,4,0.039,0.050
44120,22,38,16,3,7,4,0.039,0.050
44121,21,36,15,2,7,5,0.039,0.050
44122,20,35,15,2,7,5,0.039,0.050
44123,20,36,16,2,6,4,0.039,0.050
44124,20,36,16,2,6,4,0.039,0.050
44125,24,40,16,3,8,5,0.039,0.050
44126,21,37,16,2,7,5,0.039,0.050
44127,23,39,16,3,8,5,0.039,0.050
44128,22,38,16,2,7,5,0.039,0.050
44129,21,36,15,2,7,5,0.039,0.050
44130,22,38,16,3,8,5,0.039,0.050
44131,23,39,16,3,8,5,0.039,0.050
44132,21,37,16,2,7,5,0.039,0.050
44133,21,37,16,2,7,5,0.039,0.050
44134,20,36,16,2,7,5,0.039,0.050
44135,20,36,16,2,7,5,0.039,0.050
44136,24,41,17,3,9,6,0.039,0.050
44137,22,38,16,3,8,5,0.039,0.050
44138,26,43,17,4,10,6,0.039,0.050
44139,21,36,15,2,7,5,0.039,0.050
44140,21,37,16,2,7,5,0.039,0.050
44141,24,40,16,3,8,5,0.039,0.050
44142,22,38,16,3,8,5,0.039,0.050
44143,21,37,16,2,7,5,0.039,0.050
44144,22,38,16,3,7,4,0.039,0.050
44145,21,37,16,2,7,5,0.039,0.050
44146,20,36,16,2,7,5,0.039,0.050
44147,20,35,15,2,7,5,0.039,0.050
44149,25,42,17,3,9,6,0.039,0.050
44201,25,42,17,3,9,6,0.028,0.061
44202,23,40,17,3,9,6,0.028,0.061
44203,26,43,17,4,10,6,0.044,0.056
44212,26,43,17,4,10,6,0.094,0.172
44214,28,46,18,5,11,6,0.083,0.189
44215,29,47,18,5,12,7,0.094,0.172
44216,25,42,17,4,10,6,0.044,0.056
44217,28,46,18,5,11,6,0.083,0.189
44221,26,43,17,4,10,6,0.044,0.056
44223,26,44,18,4,11,7,0.044,0.056
44224,26,43,17,4,10,6,0.044,0.056
44230,26,43,17,4,10,6,0.083,0.189
44231,26,43,17,4,10,6,0.028,0.061
44233,25,42,17,4,9,5,0.094,0.172
44234,23,39,16,3,8,5,0.028,0.061
44235,28,46,18,5,11,6,0.094,0.172
44236,25,43,18,4,10,6,0.044,0.056
44240,25,42,17,3,9,6,0.028,0.061
44241,24,41,17,3,9,6,0.028,0.061
44243,25,42,17,3,9,6,0.028,0.061
44250,24,40,16,3,9,6,0.044,0.056
44251,29,47,18,5,12,7,0.094,0.172
44253,28,46,18,5,11,6,0.094,0.172
44254,29,47,18,5,12,7,0.094,0.172
44255,22,38,16,3,8,5,0.028,0.061
44256,28,46,18,4,11,7,0.094,0.172
44260,24,40,16,3,9,6,0.028,0.061
44262,25,42,17,4,10,6,0.044,0.056
44264,28,45,17,4,11,7,0.044,0.056
44265,24,41,17,3,9,6,0.028,0.061
44266,25,42,17,3,9,6,0.028,0.061
44270,28,46,18,4,11,7,0.083,0.189
44272,25,41,16,3,9,6,0.028,0.061
44273,29,47,18,5,12,7,0.094,0.172
44274,26,43,17,4,10,6,0.094,0.172
44275,29,48,19,5,12,7,0.094,0.172
44276,28,46,18,4,11,7,0.083,0.189
44278,24,41,17,3,9,6,0.044,0.056
44280,29,47,18,5,12,7,0.094,0.172
44281,26,43,17,4,10,6,0.094,0.172
44285,28,46,18,4,10,6,0.028,0.061
44286,26,43,17,4,10,6,0.044,0.056
44287,27,45,18,4,11,7,0.083,0.189
44288,27,44,17,4,10,6,0.028,0.061
44301,25,41,16,3,9,6,0.044,0.056
44302,26,43,17,4,10,6,0.044,0.056
44303,26,44,18,4,11,7,0.044,0.056
44304,25,42,17,4,10,6,0.044,0.056
44305,24,41,17,3,9,6,0.044,0.056
44306,24,41,17,3,9,6,0.044,0.056
44307,26,43,17,4,10,6,0.044,0.056
44308,25,42,17,4,10,6,0.044,0.056
44310,25,42,17,4,10,6,0.044,0.056
44311,25,41,16,3,9,6,0.044,0.056
44312,24,40,16,3,9,6,0.044,0.056
44313,27,44,17,4,11,7,0.044,0.056
44314,26,43,17,4,10,6,0.044,0.056
44319,25,41,16,3,9,6,0.044,0.056
44320,26,43,17,4,10,6,0.044,0.056
44321,27,44,17,4,10,6,0.044,0.056
44333,27,44,17,4,11,7,0.044,0.056
44401,26,43,17,3,9,6,0.028,0.067
44402,29,47,18,4,11,7,0.028,0.061
44403,27,45,18,4,10,6,0.028,0.061
44404,25,42,17,3,9,6,0.028,0.061
44405,26,43,17,3,9,6,0.028,0.067
44406,25,43,18,3,9,6,0.028,0.067
44408,23,40,17,3,8,5,0.017,0.067
44410,25,41,16,3,9,6,0.028,0.061
44411,27,45,18,4,10,6,0.028,0.061
44412,28,45,17,4,10,6,0.028,0.061
44413,26,44,18,3,9,6,0.017,0.067
44417,24,41,17,3,8,5,0.028,0.061
44418,25,41,16,3,8,5,0.028,0.061
44420,29,47,18,4,11,7,0.028,0.061
44423,27,45,18,4,10,6,0.017,0.067
44425,28,46,18,4,10,6,0.028,0.061
44427,27,45,18,4,10,6,0.017,0.067
44428,23,39,16,3,8,5,0.028,0.061
44429,29,47,18,4,11,7,0.028,0.067
44430,30,48,18,5,11,6,0.028,0.061
44431,24,42,18,3,8,5,0.017,0.067
44432,27,45,18,4,10,6,0.017,0.067
44436,26,43,17,3,9,6,0.028,0.067
44437,30,48,18,5,11,6,0.028,0.061
44438,31,49,18,5,12,7,0.028,0.061
44439,31,49,18,5,12,7,0.028,0.061
44440,28,46,18,4,10,6,0.028,0.061
44441,28,46,18,3,10,7,0.017,0.067
44442,24,41,17,3,8,5,0.028,0.067
44443,24,41,17,3,8,5,0.028,0.067
44444,30,48,18,4,11,7,0.028,0.061
44445,25,42,17,3,8,5,0.017,0.067
44446,30,48,18,5,11,6,0.028,0.061
44449,27,44,17,4,10,6,0.028,0.061
44450,29,46,17,4,11,7,0.028,0.061
44451,29,47,18,4,11,7,0.028,0.067
44452,25,42,17,3,8,5,0.028,0.067
44454,26,43,17,3,9,6,0.028,0.067
44455,26,44,18,3,9,6,0.017,0.067
44460,24,41,17,3,8,5,0.017,0.067
44470,30,48,18,4,11,7,0.028,0.061
44471,26,43,17,3,9,6,0.028,0.067
44473,24,41,17,3,8,5,0.028,0.061
44481,30,48,18,5,11,6,0.028,0.061
44483,30,48,18,5,11,6,0.028,0.061
44484,29,47,18,4,11,7,0.028,0.061
44485,31,49,18,5,12,7,0.028,0.061
44490,25,43,18,3,9,6,0.028,0.067
44491,29,48,19,4,11,7,0.028,0.061
44493,25,42,17,3,9,6,0.017,0.067
44502,28,46,18,4,10,6,0.028,0.067
44503,28,45,17,4,10,6,0.028,0.067
44504,31,49,18,5,12,7,0.028,0.067
44505,27,45,18,4,9,5,0.028,0.067
44506,29,47,18,4,11,7,0.028,0.067
44507,27,45,18,4,10,6,0.028,0.067
44509,29,47,18,4,11,7,0.028,0.067
44510,31,49,18,5,12,7,0.028,0.067
44511,28,45,17,4,10,6,0.028,0.067
44512,26,43,17,3,9,6,0.028,0.067
44514,25,42,17,3,8,5,0.028,0.067
44515,27,45,18,4,9,5,0.028,0.067
44601,26,43,17,4,9,5,0.028,0.067
44606,25,43,18,3,10,7,0.083,0.189
44607,28,47,19,4,10,6,0.017,0.078
44608,29,48,19,4,11,7,0.028,0.067
44609,26,43,17,3,9,6,0.028,0.067
44610,27,45,18,4,10,6,0.061,0.122
44611,27,45,18,4,10,6,0.061,0.122
44612,32,51,19,5,12,7,0.033,0.089
44613,28,46,18,4,10,6,0.028,0.067
44614,26,43,17,3,10,7,0.028,0.067
44615,29,48,19,4,11,7,0.017,0.078
44618,26,44,18,4,10,6,0.083,0.189
44620,31,49,18,5,12,7,0.017,0.078
44621,35,55,20,6,14,8,0.033,0.089
44622,34,53,19,5,14,9,0.033,0.089
44624,29,47,18,4,11,7,0.061,0.122
44625,27,44,17,4,9,5,0.017,0.067
44626,30,48,18,4,11,7,0.028,0.067
44627,26,44,18,4,10,6,0.083,0.189
44628,28,47,19,4,11,7,0.061,0.122
44629,33,52,19,5,13,8,0.033,0.089
44632,24,41,17,3,9,6,0.028,0.067
44633,29,48,19,4,11,7,0.061,0.122
44634,26,43,17,3,9,6,0.017,0.067
44637,30,49,19,4,11,7,0.061,0.122
44638,27,45,18,4,10,6,0.061,0.122
44640,27,44,17,4,10,6,0.028,0.067
44641,25,42,17,3,9,6,0.028,0.067
44643,31,50,19,5,12,7,0.028,0.067
44644,29,47,18,4,11,7,0.017,0.078
44645,27,44,17,4,10,6,0.083,0.189
44646,26,44,18,4,10,6,0.028,0.067
44647,27,45,18,4,10,6,0.028,0.067
44651,27,45,18,3,9,6,0.017,0.078
44652,25,42,17,3,9,6,0.028,0.067
44653,38,57,19,6,16,10,0.033,0.089
44654,29,47,18,4,11,7,0.061,0.122
44656,33,53,20,5,13,8,0.033,0.089
44657,28,46,18,4,10,6,0.028,0.067
44659,26,44,18,4,10,6,0.083,0.189
44661,26,43,17,4,10,6,0.061,0.122
44662,28,47,19,4,11,7,0.028,0.067
44663,35,54,19,5,14,9,0.033,0.089
44666,26,43,17,3,10,7,0.028,0.067
44667,26,44,18,4,10,6,0.083,0.189
44669,27,45,18,4,10,6,0.028,0.067
44670,27,45,18,4,10,6,0.028,0.067
44671,32,51,19,5,13,8,0.033,0.089
44672,27,45,18,4,10,6,0.028,0.067
44675,32,51,19,5,13,8,0.017,0.078
44676,28,46,18,4,11,7,0.083,0.189
44677,26,43,17,4,10,6,0.083,0.189
44678,33,52,19,5,14,9,0.033,0.089
44680,31,50,19,5,12,7,0.033,0.089
44681,29,48,19,4,11,7,0.033,0.089
44682,34,54,20,5,14,9,0.033,0.089
44683,35,55,20,5,14,9,0.033,0.089
44685,24,40,16,3,9,6,0.044,0.056
44687,29,47,18,4,11,7,0.061,0.122
44688,29,48,19,4,11,7,0.028,0.067
44689,29,47,18,4,11,7,0.061,0.122
44690,27,46,19,4,10,6,0.061,0.122
44691,26,44,18,4,10,6,0.083,0.189
44693,33,52,19,5,13,8,0.017,0.078
44695,32,51,19,5,12,7,0.017,0.078
44697,32,51,19,5,12,7,0.033,0.089
44699,32,52,20,4,12,8,0.017,0.078
44702,27,45,18,4,10,6,0.028,0.067
44703,27,45,18,4,10,6,0.028,0.067
44704,27,44,17,4,10,6,0.028,0.067
44705,26,44,18,4,10,6,0.028,0.067
44706,27,45,18,4,10,6,0.028,0.067
44707,27,45,18,4,10,6,0.028,0.067
44708,26,44,18,4,10,6,0.028,0.067
44709,26,43,17,4,10,6,0.028,0.067
44710,27,45,18,4,10,6,0.028,0.067
44714,26,44,18,4,10,6,0.028,0.067
44718,25,42,17,3,9,6,0.028,0.067
44720,25,42,17,3,9,6,0.028,0.067
44721,25,42,17,3,9,6,0.028,0.067
44730,27,44,17,4,10,6,0.028,0.067
44802,34,53,19,6,15,9,0.089,0.278
44804,33,52,19,6,14,8,0.100,0.306
44805,27,45,18,4,11,7,0.078,0.183
44807,31,49,18,6,13,7,0.089,0.278
44809,35,55,20,7,16,9,0.089,0.278
44811,28,45,17,4,11,7,0.072,0.233
44813,25,43,18,3,10,7,0.067,0.167
44814,23,41,18,4,10,6,0.039,0.117
44815,35,54,19,6,15,9,0.089,0.278
44816,27,45,18,4,11,7,0.039,0.117
44817,34,53,19,6,15,9,0.083,0.250
44818,32,50,18,6,14,8,0.089,0.278
44820,31,50,19,6,13,7,0.078,0.283
44822,26,44,18,4,10,6,0.067,0.167
44824,24,41,17,4,10,6,0.039,0.117
44825,31,49,18,6,13,7,0.078,0.283
44826,25,43,18,4,10,6,0.078,0.222
44827,26,44,18,4,11,7,0.078,0.283
44828,29,48,19,5,12,7,0.089,0.278
44830,34,53,19,6,15,9,0.089,0.278
44833,27,45,18,4,11,7,0.078,0.283
44836,34,52,18,6,14,8,0.089,0.278
44837,27,45,18,4,11,7,0.078,0.222
44838,24,42,18,3,9,6,0.078,0.183
44839,21,37,16,3,8,5,0.039,0.117
44840,27,45,18,4,10,6,0.078,0.183
44841,35,54,19,6,15,9,0.089,0.278
44842,27,45,18,4,10,6,0.078,0.183
44843,25,43,18,3,10,7,0.067,0.167
44844,35,55,20,7,16,9,0.067,0.317
44846,23,40,17,3,10,7,0.039,0.117
44847,27,45,18,4,11,7,0.078,0.222
44849,34,53,19,6,15,9,0.067,0.317
44850,30,48,18,5,13,8,0.078,0.222
44851,28,46,18,5,11,6,0.078,0.222
44853,34,53,19,7,15,8,0.089,0.278
44854,30,48,18,5,13,8,0.078,0.283
44855,29,47,18,5,12,7,0.078,0.222
44856,29,48,19,5,13,8,0.078,0.283
44857,25,42,17,4,10,6,0.078,0.222
44859,27,45,18,4,11,7,0.078,0.183
44861,35,53,18,6,15,9,0.089,0.278
44864,26,44,18,4,10,6,0.078,0.183
44865,28,46,18,5,12,7,0.078,0.222
44866,27,45,18,4,11,7,0.078,0.183
44867,32,51,19,6,14,8,0.089,0.278
44870,19,34,15,3,7,4,0.039,0.117
44874,28,46,18,5,11,6,0.078,0.183
44875,26,44,18,4,10,6,0.067,0.167
44878,27,45,18,4,11,7,0.067,0.167
44880,27,45,18,4,11,7,0.078,0.183
44881,30,48,18,5,13,8,0.078,0.283
44882,34,53,19,6,15,9,0.067,0.317
44883,36,55,19,7,16,9,0.089,0.278
44887,28,46,18,5,12,7,0.078,0.283
44889,27,45,18,4,11,7,0.078,0.222
44890,30,49,19,5,13,8,0.078,0.222
44902,24,41,17,3,9,6,0.067,0.167
44903,24,41,17,3,9,6,0.067,0.167
44904,24,42,18,3,9,6,0.067,0.167
44905,24,41,17,3,9,6,0.067,0.167
44906,23,40,17,3,9,6,0.067,0.167
44907,24,40,16,3,9,6,0.067,0.167
45001,54,75,21,13,26,13,0.256,0.733
45002,54,75,21,13,27,14,0.256,0.733
45003,43,64,21,8,20,12,0.206,0.578
45005,47,67,20,10,23,13,0.211,0.561
45011,57,78,21,15,30,15,0.294,0.806
45013,60,80,20,17,32,15,0.294,0.806
45014,58,79,21,15,31,16,0.294,0.806
45015,60,81,21,17,32,15,0.294,0.806
45030,57,78,21,15,30,15,0.256,0.733
45032,42,62,20,7,19,12,0.211,0.561
45033,55,76,21,13,28,15,0.256,0.733
45034,51,72,21,12,25,13,0.211,0.561
45036,47,68,21,10,23,13,0.211,0.561
45039,51,72,21,11,25,14,0.211,0.561
45040,51,72,21,12,25,13,0.211,0.561
45041,55,76,21,13,28,15,0.256,0.733
45042,51,72,21,12,26,14,0.294,0.806
45044,52,73,21,13,27,14,0.294,0.806
45050,51,72,21,12,26,14,0.294,0.806
45051,52,73,21,11,25,14,0.256,0.733
45052,54,75,21,13,27,14,0.256,0.733
45053,54,74,20,13,28,14,0.294,0.806
45054,45,66,21,9,21,12,0.211,0.561
45056,48,69,21,10,24,14,0.294,0.806
45062,59,80,21,16,32,16,0.294,0.806
45064,48,68,20,10,23,13,0.206,0.578
45065,50,71,21,11,25,14,0.211,0.561
45066,43,64,21,8,20,12,0.211,0.561
45067,55,76,21,14,29,15,0.294,0.806
45068,45,66,21,9,21,12,0.211,0.561
45069,53,74,21,13,27,14,0.294,0.806
45070,45,66,21,9,22,13,0.206,0.578
45101,54,75,21,11,25,14,0.089,0.333
45102,51,72,21,11,24,13,0.161,0.517
45103,49,71,22,10,23,13,0.161,0.517
45106,49,70,21,10,23,13,0.161,0.517
45107,44,65,21,8,20,12,0.106,0.356
45111,53,75,22,12,26,14,0.256,0.733
45112,54,75,21,12,25,13,0.161,0.517
45113,44,65,21,8,20,12,0.106,0.356
45115,47,69,22,9,21,12,0.089,0.333
45118,44,65,21,8,20,12,0.089,0.333
45120,51,72,21,10,24,14,0.161,0.517
45121,47,68,21,9,21,12,0.089,0.333
45122,47,68,21,9,22,13,0.161,0.517
45123,42,63,21,7,18,11,0.072,0.256
45130,47,68,21,9,21,12,0.089,0.333
45131,53,74,21,11,25,14,0.089,0.333
45132,38,58,20,6,16,10,0.072,0.256
45133,40,61,21,6,17,11,0.072,0.256
45135,40,60,20,7,17,10,0.072,0.256
45140,50,72,22,11,25,14,0.161,0.517
45142,40,60,20,7,17,10,0.072,0.256
45144,52,74,22,10,23,13,0.050,0.167
45145,45,66,21,8,20,12,,
45146,39,60,21,7,17,10,0.106,0.356
45147,53,75,22,12,26,14,0.161,0.517
45148,42,63,21,8,19,11,0.106,0.356
45150,51,72,21,11,25,14,0.161,0.517
45152,48,69,21,10,23,13,0.211,0.561
45153,52,73,21,11,25,14,0.161,0.517
45154,45,66,21,9,20,11,0.089,0.333
45155,43,63,20,7,18,11,0.072,0.256
45156,53,74,21,11,25,14,0.161,0.517
45157,53,74,21,12,26,14,0.161,0.517
45158,46,67,21,9,21,12,0.161,0.517
45159,37,58,21,6,16,10,0.106,0.356
45160,47,68,21,9,22,13,0.161,0.517
45162,46,67,21,9,21,12,0.211,0.561
45164,39,60,21,7,18,11,0.106,0.356
45166,38,59,21,6,17,11,0.106,0.356
45167,52,74,22,11,24,13,0.089,0.333
45168,46,67,21,8,20,12,0.089,0.333
45169,39,59,20,7,17,10,0.106,0.356
45171,43,64,21,7,18,11,0.089,0.333
45172,45,66,21,8,19,11,0.072,0.256
45174,55,76,21,13,28,15,0.256,0.733
45176,47,68,21,9,21,12,0.161,0.517
45177,39,60,21,7,18,11,0.106,0.356
45202,56,78,22,14,29,15,0.256,0.733
45203,56,77,21,14,29,15,0.256,0.733
45204,55,77,22,14,28,14,0.256,0.733
45205,56,77,21,14,28,14,0.256,0.733
45206,57,78,21,14,29,15,0.256,0.733
45207,57,78,21,15,29,14,0.256,0.733
45208,57,78,21,15,30,15,0.256,0.733
45209,56,78,22,14,29,15,0.256,0.733
45211,55,77,22,13,28,15,0.256,0.733
45212,56,78,22,14,29,15,0.256,0.733
45213,56,77,21,14,29,15,0.256,0.733
45214,57,79,22,15,30,15,0.256,0.733
45215,56,77,21,14,28,14,0.256,0.733
45216,57,78,21,14,29,15,0.256,0.733
45217,57,78,21,14,29,15,0.256,0.733
45218,57,78,21,14,29,15,0.256,0.733
45219,57,78,21,15,30,15,0.256,0.733
45220,57,79,22,15,30,15,0.256,0.733
45223,58,80,22,15,31,16,0.256,0.733
45224,58,79,21,15,30,15,0.256,0.733
45225,57,79,22,15,30,15,0.256,0.733
45226,57,78,21,15,29,14,0.256,0.733
45227,55,77,22,14,28,14,0.256,0.733
45229,57,78,21,14,29,15,0.256,0.733
45230,54,76,22,13,27,14,0.256,0.733
45231,57,78,21,14,29,15,0.256,0.733
45232,57,79,22,15,30,15,0.256,0.733
45233,53,74,21,12,26,14,0.256,0.733
45236,54,75,21,13,27,14,0.256,0.733
45237,56,77,21,14,29,15,0.256,0.733
45238,54,75,21,12,26,14,0.256,0.733
45239,57,78,21,14,29,15,0.256,0.733
45240,57,78,21,15,30,15,0.256,0.733
45241,53,74,21,12,26,14,0.256,0.733
45242,53,74,21,12,26,14,0.256,0.733
45243,55,76,21,13,28,15,0.256,0.733
45244,52,74,22,12,26,14,0.161,0.517
45245,52,73,21,12,25,13,0.161,0.517
45246,57,78,21,15,30,15,0.256,0.733
45247,56,77,21,14,28,14,0.256,0.733
45248,54,75,21,12,27,15,0.256,0.733
45249,53,74,21,12,26,14,0.256,0.733
45251,56,77,21,14,29,15,0.256,0.733
45252,56,77,21,14,29,15,0.256,0.733
45255,53,74,21,12,26,14,0.256,0.733
45301,50,71,21,12,25,13,0.167,0.478
45302,35,55,20,6,16,10,0.144,0.439
45303,37,56,19,7,17,10,0.178,0.456
45304,36,56,20,6,16,10,0.178,0.456
45305,45,66,21,9,22,13,0.167,0.478
45306,36,55,19,6,16,10,0.144,0.439
45307,39,59,20,7,17,10,0.167,0.478
45308,38,57,19,7,17,10,0.178,0.456
45309,41,61,20,7,19,12,0.211,0.572
45310,37,57,20,7,17,10,0.156,0.483
45311,43,64,21,8,20,12,0.206,0.578
45312,37,57,20,7,17,10,0.150,0.500
45314,40,60,20,7,18,11,0.167,0.478
45315,43,63,20,8,20,12,0.211,0.572
45316,40,61,21,8,19,11,0.167,0.478
45317,33,52,19,6,15,9,0.122,0.417
45318,39,59,20,7,18,11,0.150,0.500
45319,41,61,20,8,19,11,0.156,0.472
45320,40,60,20,7,18,11,0.206,0.578
45321,35,55,20,6,16,10,0.206,0.578
45322,42,63,21,8,20,12,0.211,0.572
45323,42,62,20,8,20,12,0.156,0.472
45324,46,67,21,10,22,12,0.167,0.478
45325,47,68,21,10,23,13,0.211,0.572
45326,36,55,19,6,16,10,0.150,0.500
45327,49,69,20,11,24,13,0.211,0.572
45328,37,57,20,7,17,10,0.178,0.456
45330,44,64,20,9,21,12,0.206,0.578
45331,35,55,20,6,16,10,0.178,0.456
45332,33,53,20,5,15,10,0.178,0.456
45333,37,56,19,7,17,10,0.144,0.439
45334,35,55,20,6,16,10,0.144,0.439
45335,39,59,20,7,17,10,0.167,0.478
45336,36,55,19,7,17,10,0.144,0.439
45337,38,58,20,7,17,10,0.150,0.500
45338,40,60,20,7,18,11,0.206,0.578
45339,41,61,20,8,19,11,0.150,0.500
45340,35,54,19,6,16,10,0.144,0.439
45341,44,65,21,9,21,12,0.156,0.472
45342,43,63,20,8,20,12,0.211,0.572
45344,42,61,19,8,20,12,0.156,0.472
45345,45,66,21,9,22,13,0.211,0.572
45346,34,54,20,6,15,9,0.178,0.456
45347,35,55,20,6,15,9,0.206,0.578
45348,37,57,20,7,17,10,0.178,0.456
45349,34,54,20,6,16,10,0.156,0.472
45350,37,57,20,7,17,10,0.178,0.456
45351,37,57,20,7,17,10,0.178,0.456
45352,34,54,20,6,16,10,0.178,0.456
45353,35,54,19,6,16,10,0.144,0.439
45354,38,58,20,7,18,11,0.211,0.572
45356,40,60,20,8,19,11,0.150,0.500
45358,37,56,19,6,17,11,0.178,0.456
45359,40,60,20,8,19,11,0.150,0.500
45360,35,54,19,6,16,10,0.144,0.439
45361,38,58,20,7,17,10,0.150,0.500
45362,37,57,20,7,17,10,0.178,0.456
45363,37,57,20,7,17,10,0.144,0.439
45365,36,56,20,7,17,10,0.144,0.439
45368,37,57,20,6,17,11,0.156,0.472
45369,37,57,20,6,17,11,0.156,0.472
45370,45,66,21,9,21,12,0.167,0.478
45371,41,61,20,8,19,11,0.150,0.500
45372,38,58,20,7,18,11,0.156,0.472
45373,42,62,20,9,20,11,0.150,0.500
45377,43,63,20,8,20,12,0.211,0.572
45378,37,57,20,6,17,11,0.206,0.578
45380,37,57,20,7,17,10,0.178,0.456
45381,44,64,20,9,21,12,0.206,0.578
45382,37,57,20,6,16,10,0.206,0.578
45383,41,61,20,8,19,11,0.150,0.500
45384,40,61,21,7,18,11,0.167,0.478
45385,43,63,20,8,20,12,0.167,0.478
45387,44,65,21,9,21,12,0.167,0.478
45388,37,57,20,7,17,10,0.178,0.456
45389,35,54,19,6,16,10,0.122,0.417
45390,35,55,20,6,16,10,0.178,0.456
45402,52,72,20,12,26,14,0.211,0.572
45403,48,68,20,10,23,13,0.211,0.572
45404,51,71,20,12,26,14,0.211,0.572
45405,53,74,21,13,27,14,0.211,0.572
45406,51,71,20,12,26,14,0.211,0.572
45409,47,67,20,10,23,13,0.211,0.572
45410,48,68,20,10,23,13,0.211,0.572
45414,50,70,20,11,25,14,0.211,0.572
45415,46,66,20,10,22,12,0.211,0.572
45416,50,70,20,11,25,14,0.211,0.572
45417,51,71,20,12,26,14,0.211,0.572
45418,52,72,20,12,26,14,,
45419,44,65,21,9,21,12,0.211,0.572
45420,45,66,21,9,22,13,0.211,0.572
45424,45,65,20,9,21,12,0.211,0.572
45426,47,67,20,10,23,13,0.211,0.572
45428,53,73,20,13,27,14,0.211,0.572
45429,44,64,20,9,21,12,0.211,0.572
45430,47,67,20,10,22,12,0.167,0.478
45431,48,69,21,11,24,13,0.167,0.478
45432,48,68,20,10,23,13,0.211,0.572
45433,46,66,20,10,22,12,0.167,0.478
45434,49,70,21,11,24,13,0.167,0.478
45439,46,66,20,10,22,12,0.211,0.572
45440,46,66,20,10,22,12,0.211,0.572
45449,44,65,21,9,21,12,0.211,0.572
45458,41,62,21,7,19,12,0.211,0.572
45459,43,64,21,8,20,12,0.211,0.572
45502,37,57,20,7,17,10,0.156,0.472
45503,36,56,20,6,17,11,0.156,0.472
45504,37,57,20,7,17,10,0.156,0.472
45505,36,56,20,6,17,11,0.156,0.472
45506,37,56,19,7,17,10,0.156,0.472
45601,46,67,21,9,21,12,0.111,0.344
45612,42,63,21,7,18,11,0.111,0.344
45613,47,69,22,9,20,11,0.106,0.222
45614,53,74,21,11,23,12,0.117,0.267
45616,48,70,22,9,21,12,0.050,0.167
45617,46,67,21,9,20,11,0.111,0.344
45618,44,66,22,7,19,12,0.050,0.167
45619,58,80,22,12,27,15,0.061,0.178
45620,54,75,21,11,23,12,0.117,0.267
45621,46,67,21,8,19,11,0.089,0.206
45622,45,66,21,8,20,12,0.089,0.256
45623,52,74,22,10,23,13,0.117,0.267
45624,41,62,21,7,17,10,0.106,0.222
45628,42,63,21,8,19,11,0.111,0.344
45629,57,79,22,12,26,14,0.100,0.217
45630,56,77,21,12,25,13,0.100,0.217
45631,55,77,22,12,25,13,0.117,0.267
45634,47,68,21,9,21,12,0.089,0.256
45636,60,82,22,13,28,15,0.100,0.217
45638,58,80,22,13,27,14,0.061,0.178
45640,47,68,21,9,20,11,0.089,0.206
45642,53,74,21,11,24,13,0.106,0.222
45644,43,64,21,8,19,11,0.111,0.344
45645,54,76,22,11,24,13,0.061,0.178
45646,44,65,21,8,19,11,0.106,0.222
45647,46,67,21,8,20,12,0.111,0.344
45648,51,72,21,10,22,12,0.100,0.217
45650,49,71,22,9,21,12,0.050,0.167
45651,47,68,21,9,21,12,0.089,0.256
45652,52,73,21,11,23,12,0.100,0.217
45653,52,73,21,10,23,13,0.100,0.217
45654,45,66,21,8,20,12,0.089,0.256
45656,50,72,22,10,22,12,0.089,0.206
45657,48,69,21,9,21,12,0.100,0.217
45658,51,72,21,10,22,12,0.117,0.267
45659,53,75,22,10,23,13,0.061,0.178
45660,48,69,21,9,21,12,0.050,0.167
45661,49,71,22,10,22,12,0.106,0.222
45662,55,77,22,12,25,13,0.100,0.217
45663,55,77,22,12,25,13,0.100,0.217
45669,57,79,22,12,26,14,0.061,0.178
45671,46,68,22,8,20,12,0.100,0.217
45672,46,67,21,8,20,12,0.089,0.206
45673,47,68,21,9,20,11,0.111,0.344
45674,54,76,22,11,24,13,0.117,0.267
45678,52,74,22,10,23,13,0.061,0.178
45679,47,69,22,9,21,12,0.050,0.167
45680,57,79,22,12,26,14,0.061,0.178
45681,41,62,21,7,18,11,0.111,0.344
45682,51,73,22,10,22,12,0.100,0.217
45684,54,76,22,11,24,13,0.100,0.217
45685,51,72,21,10,22,12,0.117,0.267
45686,50,71,21,10,21,11,0.117,0.267
45688,51,73,22,10,22,12,0.061,0.178
45690,50,71,21,10,22,12,0.106,0.222
45692,47,68,21,9,20,11,0.089,0.206
45693,49,70,21,9,21,12,0.050,0.167
45694,54,76,22,11,24,13,0.100,0.217
45695,47,68,21,9,20,11,0.089,0.256
45696,53,75,22,10,23,13,0.061,0.178
45697,44,65,21,7,19,12,0.050,0.167
45698,49,70,21,10,23,13,0.089,0.256
45701,44,65,21,8,18,10,0.072,0.233
45710,46,66,20,8,19,11,0.072,0.233
45711,42,62,20,6,16,10,0.072,0.233
45714,48,69,21,9,21,12,0.056,0.144
45715,47,68,21,8,20,12,0.056,0.144
45716,41,62,21,7,17,10,0.072,0.233
45719,43,64,21,8,18,10,0.072,0.233
45721,47,68,21,8,20,12,0.056,0.144
45723,47,68,21,8,19,11,0.072,0.233
45724,43,64,21,7,17,10,0.056,0.144
45727,39,59,20,6,15,9,0.044,0.128
45729,43,64,21,7,17,10,0.056,0.144
45732,38,59,21,6,15,9,0.072,0.233
45734,35,55,20,5,13,8,0.017,0.056
45735,44,65,21,7,17,10,0.072,0.233
45740,40,60,20,6,15,9,0.072,0.233
45741,47,67,20,8,19,11,0.117,0.233
45742,47,68,21,8,20,12,0.056,0.144
45743,50,71,21,9,21,12,0.117,0.233
45744,44,65,21,7,18,11,0.056,0.144
45745,37,57,20,5,14,9,0.056,0.144
45746,40,61,21,6,16,10,0.056,0.144
45750,44,65,21,7,18,11,0.056,0.144
45760,50,71,21,9,21,12,0.117,0.233
45761,41,62,21,7,17,10,0.072,0.233
45764,43,64,21,7,18,11,0.072,0.233
45766,46,67,21,9,20,11,0.072,0.233
45767,36,56,20,5,13,8,0.056,0.144
45768,40,61,21,6,16,10,0.056,0.144
45769,49,69,20,9,20,11,0.117,0.233
45770,54,75,21,11,23,12,0.117,0.233
45771,52,73,21,10,22,12,0.117,0.233
45772,49,70,21,9,20,11,0.117,0.233
45773,36,56,20,5,13,8,0.056,0.144
45775,47,68,21,8,19,11,0.117,0.233
45776,45,66,21,8,18,10,0.117,0.233
45778,43,64,21,7,17,10,0.072,0.233
45779,52,73,21,10,22,12,0.117,0.233
45780,44,65,21,8,19,11,0.072,0.233
45782,39,59,20,6,15,9,0.072,0.233
45784,45,66,21,8,18,10,0.056,0.144
45786,46,67,21,8,19,11,0.056,0.144
45787,44,65,21,7,18,11,0.056,0.144
45788,39,60,21,6,15,9,0.056,0.144
45789,37,57,20,5,14,9,0.056,0.144
45801,37,57,20,7,18,11,0.122,0.378
45804,37,57,20,7,17,10,0.122,0.378
45805,38,58,20,8,18,10,0.122,0.378
45806,38,57,19,7,18,11,0.122,0.378
45807,38,58,20,8,18,10,0.122,0.378
45808,35,55,20,7,16,9,0.122,0.378
45809,38,57,19,8,18,10,0.122,0.378
45810,35,55,20,7,16,9,0.089,0.328
45812,36,56,20,7,17,10,0.089,0.328
45813,38,57,19,8,18,10,0.094,0.422
45814,34,53,19,6,15,9,0.100,0.306
45816,32,51,19,6,14,8,0.100,0.306
45817,35,54,19,6,16,10,0.122,0.378
45819,38,58,20,7,18,11,0.133,0.400
45820,37,56,19,7,17,10,0.122,0.378
45821,37,56,19,7,17,10,0.094,0.422
45822,39,59,20,8,18,10,0.156,0.483
45826,38,57,19,7,17,10,0.156,0.483
45827,37,56,19,7,17,10,0.111,0.356
45828,39,59,20,8,18,10,0.156,0.483
45830,36,56,20,7,17,10,0.111,0.356
45831,36,55,19,7,16,9,0.111,0.356
45832,40,60,20,9,19,10,0.111,0.478
45833,38,58,20,8,18,10,0.122,0.378
45835,36,55,19,7,16,9,0.089,0.328
45836,36,55,19,7,16,9,0.089,0.328
45838,39,59,20,8,19,11,0.111,0.478
45840,32,51,19,6,14,8,0.100,0.306
45841,33,52,19,6,15,9,0.100,0.306
45843,36,56,20,7,17,10,0.089,0.328
45844,38,57,19,7,17,10,0.111,0.356
45845,37,56,19,7,17,10,0.144,0.439
45846,40,60,20,8,19,11,0.156,0.483
45849,37,57,20,8,17,9,0.094,0.422
45850,35,55,20,7,16,9,0.122,0.378
45851,38,57,19,8,18,10,0.094,0.422
45853,37,56,19,7,17,10,0.111,0.356
45854,35,55,20,7,16,9,0.122,0.378
45855,36,56,20,7,17,10,0.094,0.422
45856,35,54,19,6,15,9,0.111,0.356
45858,34,52,18,6,15,9,0.100,0.306
45859,37,56,19,7,17,10,0.089,0.328
45860,38,57,19,7,17,10,0.156,0.483
45861,37,56,19,7,17,10,0.094,0.422
45862,39,59,20,8,19,11,0.156,0.483
45863,39,59,20,8,19,11,0.111,0.478
45864,36,55,19,7,16,9,0.111,0.356
45865,37,57,20,7,17,10,0.133,0.400
45866,39,59,20,7,18,11,0.156,0.483
45867,34,54,20,6,15,9,0.100,0.306
45868,34,53,19,6,15,9,0.100,0.306
45869,37,57,20,7,17,10,0.133,0.400
45870,35,55,20,6,16,10,0.133,0.400
45871,38,57,19,7,18,11,0.133,0.400
45872,34,53,19,6,15,9,0.083,0.250
45873,37,56,19,7,17,10,0.094,0.422
45874,40,59,19,8,19,11,0.111,0.478
45875,35,55,20,7,16,9,0.111,0.356
45876,38,57,19,8,18,10,0.111,0.356
45877,35,54,19,7,16,9,0.111,0.356
45879,36,55,19,7,17,10,0.094,0.422
45880,38,57,19,8,18,10,0.094,0.422
45881,33,52,19,6,14,8,0.100,0.306
45882,39,59,20,8,19,11,0.156,0.483
45883,38,58,20,7,18,11,0.156,0.483
45884,35,55,20,6,16,10,0.133,0.400
45885,38,59,21,7,18,11,0.133,0.400
45886,38,58,20,8,18,10,0.111,0.478
45887,38,58,20,8,18,10,0.122,0.378
45888,35,55,20,6,16,10,0.133,0.400
45889,33,52,19,6,14,8,0.100,0.306
45890,34,53,19,6,15,9,0.100,0.306
45891,40,60,20,8,19,11,0.111,0.478
45894,39,59,20,8,19,11,0.111,0.478
45895,37,57,20,7,17,10,0.133,0.400
45896,35,55,20,6,16,10,0.133,0.400
45897,34,53,19,6,15,9,0.100,0.306
45898,40,60,20,8,19,11,0.111,0.478
45899,40,59,19,8,19,11,0.111,0.478
46001,41,61,20,8,20,12,0.272,0.617
46011,42,61,19,8,20,12,0.272,0.617
46012,41,61,20,8,20,12,0.272,0.617
46013,41,61,20,8,20,12,0.272,0.617
46016,41,61,20,8,20,12,0.272,0.617
46017,40,60,20,8,19,11,0.272,0.617
46030,43,62,19,9,21,12,0.261,0.617
46031,42,61,19,9,20,11,0.261,0.617
46032,45,65,20,10,22,12,0.261,0.617
46033,46,66,20,10,23,13,0.261,0.617
46034,44,64,20,9,22,13,0.261,0.617
46035,44,64,20,9,22,13,0.244,0.544
46036,43,63,20,9,21,12,0.272,0.617
46037,44,64,20,9,22,13,0.261,0.617
46038,45,65,20,10,22,12,0.261,0.617
46039,42,61,19,9,20,11,0.244,0.544
46040,44,64,20,9,21,12,0.261,0.617
46041,42,62,20,8,20,12,0.244,0.544
46044,43,62,19,9,21,12,0.272,0.617
46045,39,59,20,8,18,10,0.250,0.606
46047,42,62,20,9,20,11,0.250,0.606
46048,44,64,20,9,21,12,0.272,0.617
46049,39,59,20,8,18,10,0.250,0.606
46050,42,62,20,9,20,11,0.244,0.544
46051,43,63,20,9,21,12,0.272,0.617
46052,46,66,20,10,22,12,0.244,0.583
46055,44,64,20,9,21,12,0.272,0.561
46056,40,60,20,8,19,11,0.272,0.617
46057,41,61,20,8,20,12,0.244,0.544
46058,44,64,20,9,21,12,0.244,0.544
46060,45,65,20,10,22,12,0.261,0.617
46062,45,65,20,10,23,13,0.261,0.617
46063,41,61,20,8,20,12,0.272,0.617
46064,43,63,20,9,21,12,0.272,0.617
46065,45,65,20,10,22,12,0.244,0.544
46068,41,61,20,9,20,11,0.250,0.606
46069,42,62,20,8,20,12,0.261,0.617
46070,41,60,19,8,20,12,0.272,0.617
46071,45,65,20,9,22,13,0.244,0.583
46072,41,60,19,8,20,12,0.250,0.606
46074,44,64,20,9,22,13,0.261,0.617
46075,47,67,20,10,23,13,0.244,0.583
46076,41,61,20,8,20,12,0.250,0.606
46077,46,66,20,10,23,13,0.244,0.583
46103,49,69,20,12,26,14,0.300,0.639
46104,45,65,20,9,22,13,0.256,0.517
46105,49,69,20,12,26,14,0.361,0.750
46106,46,67,21,10,23,13,0.250,0.600
46107,45,66,21,10,23,13,0.256,0.539
46110,51,71,20,12,26,14,0.272,0.583
46111,49,70,21,11,25,14,0.261,0.589
46112,44,64,20,9,21,12,0.300,0.639
46113,48,68,20,11,24,13,0.256,0.539
46115,44,64,20,9,21,12,0.256,0.517
46117,44,64,20,9,21,12,0.272,0.561
46118,48,68,20,10,24,14,0.300,0.639
46120,52,71,19,13,27,14,0.361,0.750
46121,49,69,20,12,26,14,0.361,0.750
46122,45,66,21,9,22,13,0.300,0.639
46123,46,66,20,10,23,13,0.300,0.639
46124,53,73,20,13,28,15,0.250,0.600
46125,50,70,20,12,26,14,0.261,0.589
46126,50,70,20,12,26,14,0.272,0.583
46127,38,58,20,6,17,11,0.256,0.517
46128,50,70,20,13,27,14,0.361,0.750
46130,49,69,20,11,25,14,0.272,0.583
46131,49,69,20,11,25,14,0.250,0.600
46133,40,61,21,7,18,11,0.211,0.572
46135,52,72,20,14,28,14,0.361,0.750
46140,47,67,20,10,23,13,0.272,0.561
46142,47,67,20,10,23,13,0.250,0.600
46143,46,67,21,10,23,13,0.250,0.600
46144,46,67,21,10,23,13,0.272,0.583
46146,45,66,21,9,22,13,0.256,0.517
46147,43,63,20,9,21,12,0.244,0.583
46148,41,62,21,8,20,12,0.244,0.556
46149,42,62,20,8,20,12,0.300,0.639
46150,46,67,21,9,23,14,0.256,0.517
46151,49,70,21,11,25,14,0.261,0.589
46155,40,60,20,7,18,11,0.256,0.517
46156,45,65,20,9,21,12,0.256,0.517
46157,48,68,20,11,24,13,0.261,0.589
46158,48,69,21,11,24,13,0.261,0.589
46160,51,72,21,12,27,15,0.283,0.700
46161,48,68,20,11,24,13,0.272,0.583
46162,50,71,21,12,26,14,0.250,0.600
46163,47,68,21,10,24,14,0.272,0.561
46164,51,71,20,12,26,14,0.283,0.700
46165,44,64,20,9,21,12,0.300,0.639
46166,51,71,20,12,26,14,0.261,0.589
46167,43,63,20,8,20,12,0.300,0.639
46168,47,68,21,10,24,14,0.300,0.639
46171,54,74,20,14,29,15,0.361,0.750
46172,47,67,20,11,24,13,0.361,0.750
46173,42,63,21,8,20,12,0.256,0.517
46175,50,69,19,12,26,14,0.361,0.750
46176,51,72,21,12,27,15,0.272,0.583
46180,49,69,20,11,25,14,0.300,0.639
46181,48,69,21,11,25,14,0.250,0.600
46182,49,70,21,11,25,14,0.272,0.583
46183,49,69,20,11,25,14,0.256,0.539
46184,47,67,20,10,23,13,0.250,0.600
46186,42,62,20,8,20,12,0.272,0.561
46201,46,66,20,10,23,13,0.256,0.539
46202,48,68,20,11,24,13,0.256,0.539
46203,46,67,21,10,23,13,0.256,0.539
46204,48,68,20,11,24,13,0.256,0.539
46205,47,67,20,10,24,14,0.256,0.539
46208,47,68,21,11,24,13,0.256,0.539
46214,46,67,21,10,23,13,0.256,0.539
46216,44,65,21,9,22,13,0.256,0.539
46217,48,68,20,10,24,14,0.256,0.539
46218,46,66,20,10,23,13,0.256,0.539
46219,45,65,20,10,22,12,0.256,0.539
46220,46,66,20,10,23,13,0.256,0.539
46221,49,70,21,11,25,14,0.256,0.539
46222,48,69,21,11,25,14,0.256,0.539
46224,47,68,21,10,24,14,0.256,0.539
46225,48,69,21,11,24,13,0.256,0.539
46226,45,65,20,9,22,13,0.256,0.539
46227,47,67,20,10,23,13,0.256,0.539
46228,47,67,20,10,23,13,0.256,0.539
46229,45,65,20,9,22,13,0.256,0.539
46231,47,67,20,10,23,13,0.256,0.539
46234,46,66,20,10,22,12,0.256,0.539
46235,44,64,20,9,21,12,0.256,0.539
46236,44,64,20,9,21,12,0.256,0.539
46237,45,66,21,9,22,13,0.256,0.539
46239,45,65,20,9,22,13,0.256,0.539
46240,46,66,20,10,23,13,0.256,0.539
46241,49,69,20,11,24,13,0.256,0.539
46250,45,65,20,10,22,12,0.256,0.539
46254,46,66,20,10,22,12,0.256,0.539
46256,44,64,20,9,22,13,0.256,0.539
46259,46,67,21,10,23,13,0.256,0.539
46260,46,66,20,10,23,13,0.256,0.539
46268,46,66,20,10,22,12,0.256,0.539
46278,44,64,20,9,21,12,0.256,0.539
46280,46,66,20,10,23,13,0.261,0.617
46290,46,66,20,10,23,13,0.256,0.539
46301,30,46,16,7,13,6,0.222,0.522
46303,39,57,18,9,18,9,0.267,0.761
46304,34,51,17,8,15,7,0.222,0.522
46307,38,56,18,8,18,10,0.267,0.761
46310,42,60,18,10,20,10,0.328,0.778
46311,40,57,17,9,19,10,0.267,0.761
46312,38,55,17,9,19,10,0.267,0.761
46319,43,60,17,11,21,10,0.267,0.761
46320,39,57,18,10,20,10,0.267,0.761
46321,42,59,17,11,21,10,0.267,0.761
46322,43,60,17,11,22,11,0.267,0.761
46323,41,59,18,11,20,9,0.267,0.761
46324,41,59,18,11,21,10,0.267,0.761
46327,38,56,18,10,19,9,0.267,0.761
46340,39,57,18,9,18,9,0.217,0.539
46341,39,58,19,9,18,9,0.222,0.522
46342,42,60,18,10,21,11,0.267,0.761
46345,35,52,17,7,16,9,0.217,0.539
46346,39,56,17,8,18,10,0.217,0.539
46347,40,58,18,9,19,10,0.222,0.522
46348,40,58,18,9,19,10,0.217,0.539
46349,43,62,19,11,21,10,0.344,0.906
46350,33,49,16,7,14,7,0.217,0.539
46356,41,59,18,10,20,10,0.267,0.761
46360,32,48,16,7,14,7,0.217,0.539
46365,35,52,17,7,16,9,0.217,0.539
46366,40,59,19,9,19,10,0.256,0.689
46368,39,56,17,9,19,10,0.222,0.522
46371,33,49,16,7,14,7,0.217,0.539
46373,39,56,17,9,18,9,0.267,0.761
46374,41,59,18,9,19,10,0.256,0.689
46375,40,58,18,10,19,9,0.267,0.761
46376,42,61,19,10,21,11,0.267,0.761
46377,42,60,18,10,20,10,0.267,0.761
46379,42,61,19,10,21,11,0.344,0.906
46381,42,60,18,10,20,10,0.344,0.906
46382,36,54,18,8,16,8,0.217,0.539
46383,35,52,17,7,15,8,0.222,0.522
46385,36,53,17,8,16,8,0.222,0.522
46390,38,55,17,8,17,9,0.217,0.539
46391,34,51,17,7,15,8,0.217,0.539
46392,42,60,18,10,20,10,0.328,0.778
46393,38,55,17,9,18,9,0.222,0.522
46394,37,54,17,9,18,9,0.267,0.761
46402,41,58,17,10,20,10,0.267,0.761
46403,40,57,17,10,19,9,0.267,0.761
46404,41,58,17,10,20,10,0.267,0.761
46405,42,59,17,11,20,9,0.267,0.761
46406,41,58,17,11,20,9,0.267,0.761
46407,41,58,17,10,20,10,0.267,0.761
46408,43,61,18,11,22,11,0.267,0.761
46409,43,61,18,11,22,11,0.267,0.761
46410,40,58,18,10,19,9,0.267,0.761
46501,38,56,18,8,18,10,0.267,0.689
46502,35,53,18,7,16,9,0.283,0.744
46504,37,56,19,8,18,10,0.267,0.689
46506,36,54,18,8,17,9,0.267,0.689
46507,36,53,17,8,16,8,0.167,0.511
46508,34,52,18,7,16,9,0.283,0.744
46510,35,53,18,7,16,9,0.283,0.744
46511,39,57,18,9,18,9,0.267,0.689
46514,36,54,18,8,17,9,0.167,0.511
46516,37,55,18,8,17,9,0.167,0.511
46517,37,54,17,8,17,9,0.167,0.511
46524,36,54,18,8,17,9,0.283,0.744
46526,37,55,18,8,18,10,0.167,0.511
46528,36,54,18,8,17,9,0.167,0.511
46530,34,52,18,7,15,8,0.178,0.511
46531,41,59,18,9,19,10,0.256,0.689
46532,40,58,18,9,19,10,0.256,0.689
46534,39,58,19,9,19,10,0.256,0.689
46536,33,51,18,7,15,8,0.178,0.511
46537,36,54,18,8,17,9,0.267,0.689
46538,33,51,18,7,15,8,0.283,0.744
46539,35,53,18,7,16,9,0.283,0.744
46540,33,51,18,7,15,8,0.167,0.511
46542,34,52,18,7,16,9,0.283,0.744
46543,33,51,18,7,15,8,0.167,0.511
46544,34,51,17,7,15,8,0.178,0.511
46545,35,52,17,7,16,9,0.178,0.511
46550,35,53,18,7,16,9,0.167,0.511
46552,32,49,17,6,14,8,0.178,0.511
46553,35,53,18,7,17,10,0.167,0.511
46554,36,53,17,7,16,9,0.178,0.511
46555,33,51,18,6,15,9,0.283,0.744
46556,34,51,17,7,15,8,0.178,0.511
46561,36,53,17,8,17,9,0.178,0.511
46562,33,50,17,6,15,9,0.283,0.744
46563,41,59,18,10,20,10,0.267,0.689
46565,31,49,18,6,14,8,0.094,0.389
46567,34,51,17,7,15,8,0.283,0.744
46570,38,56,18,8,18,10,0.267,0.689
46571,31,48,17,6,14,8,0.094,0.389
46573,35,52,17,7,16,9,0.167,0.511
46574,39,57,18,9,18,9,0.178,0.511
46580,34,52,18,7,15,8,0.283,0.744
46582,33,51,18,7,15,8,0.283,0.744
46590,33,51,18,6,15,9,0.283,0.744
46595,33,51,18,7,15,8,0.178,0.511
46601,33,51,18,7,15,8,0.178,0.511
46613,34,51,17,7,15,8,0.178,0.511
46614,31,48,17,6,14,8,0.178,0.511
46615,34,51,17,7,15,8,0.178,0.511
46616,34,51,17,7,15,8,0.178,0.511
46617,34,51,17,7,15,8,0.178,0.511
46619,34,51,17,7,15,8,0.178,0.511
46628,34,51,17,7,15,8,0.178,0.511
46635,34,51,17,7,15,8,0.178,0.511
46637,34,51,17,7,15,8,0.178,0.511
46701,33,50,17,6,15,9,0.106,0.417
46702,42,61,19,9,21,12,0.189,0.600
46703,29,46,17,5,13,8,0.072,0.400
46704,36,55,19,8,17,9,0.117,0.461
46705,34,52,18,7,16,9,0.089,0.428
46706,37,56,19,8,17,9,0.089,0.428
46710,36,54,18,7,17,10,0.106,0.417
46711,41,60,19,9,20,11,0.128,0.522
46714,37,56,19,7,17,10,0.150,0.478
46721,37,56,19,8,17,9,0.089,0.428
46723,34,53,19,7,16,9,0.178,0.583
46725,33,51,18,6,15,9,0.178,0.583
46730,36,54,18,8,17,9,0.089,0.428
46731,37,56,19,7,17,10,0.150,0.478
46732,33,51,18,6,15,9,0.106,0.417
46733,39,58,19,8,18,10,0.128,0.522
46737,29,46,17,5,13,8,0.072,0.400
46738,38,56,18,8,18,10,0.089,0.428
46740,40,60,20,9,20,11,0.128,0.522
46741,38,57,19,8,18,10,0.117,0.461
46742,34,52,18,7,15,8,0.072,0.400
46743,39,58,19,8,18,10,0.117,0.461
46745,37,57,20,8,18,10,0.117,0.461
46746,30,47,17,6,13,7,0.094,0.389
46747,32,50,18,6,15,9,0.072,0.400
46748,36,55,19,7,17,10,0.117,0.461
46750,42,61,19,9,21,12,0.189,0.600
46755,34,51,17,7,15,8,0.106,0.417
46759,37,57,20,7,18,11,0.150,0.478
46760,32,50,18,6,15,9,0.106,0.417
46761,30,47,17,6,13,7,0.094,0.389
46763,36,55,19,7,17,10,0.106,0.417
46764,32,50,18,6,15,9,0.178,0.583
46765,37,56,19,8,18,10,0.117,0.461
46766,37,56,19,7,17,10,0.150,0.478
46767,33,51,18,7,15,8,0.106,0.417
46770,37,57,20,8,18,10,0.150,0.478
46771,30,47,17,6,13,7,0.094,0.389
46772,40,60,20,9,20,11,0.128,0.522
46773,39,58,19,8,19,11,0.117,0.461
46774,38,57,19,8,18,10,0.117,0.461
46776,29,46,17,5,13,8,0.072,0.400
46777,36,55,19,7,17,10,0.150,0.478
46779,32,50,18,6,14,8,0.072,0.400
46781,37,56,19,7,18,11,0.150,0.478
46783,38,57,19,8,18,10,0.189,0.600
46784,32,50,18,6,15,9,0.106,0.417
46785,38,57,19,8,18,10,0.089,0.428
46786,31,48,17,6,14,8,0.094,0.389
46787,36,55,19,7,17,10,0.178,0.583
46788,38,57,19,8,18,10,0.117,0.461
46791,36,55,19,7,17,10,0.150,0.478
46792,38,58,20,8,18,10,0.189,0.600
46793,37,55,18,8,17,9,0.089,0.428
46794,33,50,17,6,15,9,0.106,0.417
46795,31,48,17,6,14,8,0.094,0.389
46797,39,58,19,8,19,11,0.117,0.461
46798,36,55,19,7,17,10,0.117,0.461
46799,36,56,20,8,17,9,0.150,0.478
46802,37,56,19,8,18,10,0.117,0.461
46803,37,56,19,8,18,10,0.117,0.461
46804,37,56,19,8,18,10,0.117,0.461
46805,37,56,19,8,18,10,0.117,0.461
46806,37,56,19,8,18,10,0.117,0.461
46807,37,56,19,8,18,10,0.117,0.461
46808,37,56,19,8,18,10,0.117,0.461
46809,37,56,19,8,18,10,0.117,0.461
46814,37,56,19,8,17,9,0.117,0.461
46815,38,57,19,8,18,10,0.117,0.461
46816,37,56,19,8,18,10,0.117,0.461
46818,36,55,19,7,17,10,0.117,0.461
46819,37,56,19,8,17,9,0.117,0.461
46825,37,56,19,8,18,10,0.117,0.461
46835,38,57,19,8,18,10,0.117,0.461
46845,37,56,19,8,18,10,0.117,0.461
46901,43,63,20,10,21,11,0.244,0.589
46902,43,62,19,9,21,12,0.244,0.589
46910,37,55,18,8,17,9,0.294,0.744
46911,41,60,19,9,20,11,0.283,0.733
46913,44,64,20,10,22,12,0.278,0.711
46914,41,60,19,9,19,10,0.283,0.733
46915,43,63,20,9,21,12,0.278,0.711
46917,44,64,20,10,22,12,0.278,0.711
46919,41,60,19,9,20,11,0.283,0.733
46920,44,64,20,10,22,12,0.278,0.711
46922,38,57,19,8,18,10,0.294,0.744
46923,48,68,20,12,24,12,0.278,0.711
46926,41,60,19,9,20,11,0.283,0.733
46928,40,60,20,8,20,12,0.228,0.528
46929,45,64,19,10,22,12,0.278,0.711
46930,40,60,20,8,19,11,0.228,0.528
46931,39,57,18,9,19,10,0.294,0.744
46932,41,61,20,9,20,11,0.300,0.733
46933,40,60,20,8,19,11,0.228,0.528
46936,41,61,20,9,20,11,0.244,0.589
46938,40,60,20,8,20,12,0.228,0.528
46939,39,58,19,9,19,10,0.294,0.744
46940,40,60,20,9,20,11,0.272,0.744
46941,40,59,19,9,19,10,0.272,0.744
46943,39,58,19,9,19,10,0.272,0.744
46946,39,57,18,9,19,10,0.272,0.744
46947,43,62,19,10,21,11,0.300,0.733
46950,40,59,19,9,19,10,0.300,0.733
46951,39,57,18,9,19,10,0.283,0.733
46952,41,60,19,9,20,11,0.228,0.528
46953,41,60,19,9,20,11,0.228,0.528
46957,39,58,19,7,18,11,0.228,0.528
46958,42,61,19,10,20,10,0.283,0.733
46959,41,60,19,9,19,10,0.283,0.733
46960,40,58,18,9,19,10,0.311,0.717
46961,42,61,19,10,20,10,0.300,0.733
46962,39,58,19,9,19,10,0.272,0.744
46967,40,60,20,9,19,10,0.300,0.733
46968,40,58,18,9,19,10,0.256,0.689
46970,41,60,19,9,20,11,0.283,0.733
46974,39,58,19,9,19,10,0.272,0.744
46975,38,56,18,8,18,10,0.294,0.744
46978,42,61,19,10,20,10,0.300,0.733
46979,43,63,20,9,21,12,0.244,0.589
46982,36,54,18,8,17,9,0.283,0.744
46984,41,60,19,9,20,11,0.272,0.744
46985,41,59,18,9,19,10,0.311,0.717
46986,41,60,19,9,20,11,0.228,0.528
46987,41,60,19,9,20,11,0.228,0.528
46988,40,59,19,9,20,11,0.300,0.733
46989,38,57,19,7,18,11,0.228,0.528
46990,39,58,19,9,19,10,0.272,0.744
46991,39,59,20,8,19,11,0.228,0.528
46992,39,58,19,8,19,11,0.272,0.744
46994,41,60,19,9,19,10,0.300,0.733
46996,40,59,19,9,19,10,0.311,0.717
46998,42,61,19,9,20,11,0.283,0.733
47001,57,77,20,15,30,15,0.250,0.767
47003,42,63,21,7,19,12,0.211,0.550
47006,45,65,20,9,21,12,0.233,0.717
47010,43,64,21,8,20,12,0.244,0.728
47011,59,79,20,16,32,16,0.200,0.667
47012,48,69,21,10,24,14,0.244,0.728
47016,50,70,20,11,25,14,0.244,0.728
47017,57,78,21,16,32,16,0.233,0.717
47018,56,76,20,15,30,15,0.250,0.767
47020,59,80,21,16,31,15,0.200,0.667
47022,50,71,21,11,25,14,0.250,0.767
47023,53,73,20,13,29,16,0.233,0.717
47024,47,67,20,9,22,13,0.244,0.728
47025,56,77,21,14,29,15,0.250,0.767
47030,49,69,20,10,24,14,0.244,0.728
47031,47,67,20,10,23,13,0.233,0.717
47032,51,72,21,12,26,14,0.250,0.767
47034,46,67,21,9,22,13,0.233,0.717
47035,54,74,20,13,28,15,0.244,0.728
47036,46,67,21,9,22,13,0.244,0.728
47037,49,70,21,11,25,14,0.233,0.717
47038,58,79,21,15,30,15,0.200,0.667
47040,58,79,21,15,31,16,0.206,0.672
47041,43,63,20,8,20,12,0.233,0.717
47042,55,75,20,14,30,16,0.233,0.717
47043,63,84,21,18,35,17,0.200,0.667
47060,53,73,20,13,27,14,0.250,0.767
47102,65,86,21,19,37,18,0.156,0.528
47104,65,86,21,18,35,17,0.122,0.394
47106,65,85,20,18,35,17,0.122,0.394
47108,63,83,20,18,35,17,0.189,0.528
47110,68,89,21,20,38,18,0.139,0.456
47111,68,89,21,19,37,18,0.122,0.394
47112,67,87,20,19,36,17,0.139,0.456
47114,64,85,21,17,34,17,0.139,0.456
47115,66,86,20,19,37,18,0.139,0.456
47116,63,83,20,17,34,17,0.156,0.517
47117,66,87,21,18,35,17,0.139,0.456
47118,66,86,20,19,36,17,0.156,0.517
47119,66,86,20,18,36,18,0.117,0.350
47120,65,85,20,18,36,18,0.189,0.528
47122,64,85,21,17,34,17,0.117,0.350
47123,67,88,21,20,38,18,0.156,0.517
47124,64,85,21,17,35,18,0.117,0.350
47125,64,84,20,18,36,18,0.189,0.528
47126,67,88,21,19,37,18,0.122,0.394
47129,71,91,20,20,39,19,0.122,0.394
47130,69,90,21,19,38,19,0.122,0.394
47135,67,87,20,18,36,18,0.139,0.456
47136,64,85,21,17,34,17,0.139,0.456
47137,69,90,21,21,39,18,0.156,0.517
47138,62,82,20,17,34,17,0.156,0.528
47140,65,85,20,19,36,17,0.156,0.517
47141,64,85,21,18,35,17,0.122,0.394
47142,70,90,20,21,39,18,0.139,0.456
47143,69,89,20,20,38,18,0.122,0.394
47145,67,87,20,20,37,17,0.156,0.517
47147,63,85,22,18,35,17,0.122,0.394
47150,71,92,21,21,40,19,0.117,0.350
47160,66,86,20,18,35,17,0.139,0.456
47161,65,86,21,18,36,18,0.139,0.456
47162,65,86,21,18,36,18,0.122,0.394
47163,66,87,21,18,36,18,0.122,0.394
47164,63,84,21,17,34,17,0.139,0.456
47165,63,83,20,17,34,17,0.189,0.528
47166,66,86,20,19,36,17,0.139,0.456
47167,63,83,20,18,35,17,0.189,0.528
47170,65,85,20,19,37,18,0.156,0.528
47172,70,91,21,21,39,18,0.122,0.394
47175,64,84,20,18,35,17,0.156,0.517
47177,65,86,21,18,36,18,0.122,0.394
47201,56,76,20,14,30,16,0.244,0.594
47203,55,75,20,14,29,15,0.244,0.594
47220,61,81,20,17,33,16,0.267,0.650
47223,56,76,20,15,31,16,0.206,0.611
47224,59,79,20,17,33,16,0.194,0.672
47226,55,75,20,14,29,15,0.244,0.594
47227,61,81,20,17,34,17,0.206,0.611
47229,65,86,21,19,37,18,0.267,0.650
47230,61,82,21,17,34,17,0.194,0.672
47231,60,80,20,17,34,17,0.194,0.672
47232,57,78,21,15,31,16,0.244,0.594
47234,51,72,21,12,27,15,0.272,0.583
47235,58,78,20,15,31,16,0.267,0.650
47240,47,68,21,10,23,13,0.206,0.494
47243,63,84,21,18,35,17,0.194,0.672
47244,53,73,20,12,27,15,0.244,0.594
47246,53,73,20,13,28,15,0.244,0.594
47247,58,78,20,15,31,16,0.244,0.594
47250,62,83,21,18,35,17,0.194,0.672
47260,63,83,20,18,35,17,0.267,0.650
47263,46,67,21,9,22,13,0.206,0.494
47264,60,80,20,17,33,16,0.267,0.650
47265,60,80,20,17,33,16,0.206,0.611
47270,63,84,21,18,35,17,0.206,0.611
47272,49,70,21,11,25,14,0.206,0.494
47273,59,80,21,16,32,16,0.206,0.611
47274,58,79,21,15,31,16,0.267,0.650
47280,55,75,20,14,29,15,0.244,0.594
47281,64,84,20,18,35,17,0.267,0.650
47282,62,82,20,18,35,17,0.206,0.611
47283,53,74,21,13,28,15,0.206,0.494
47302,40,60,20,8,19,11,0.250,0.611
47303,40,60,20,8,19,11,0.250,0.611
47304,41,61,20,8,20,12,0.250,0.611
47305,40,60,20,8,20,12,0.250,0.611
47306,41,60,19,8,20,12,0.250,0.611
47320,39,59,20,8,19,11,0.250,0.611
47324,36,56,20,6,16,10,0.228,0.578
47325,43,63,20,8,20,12,0.211,0.550
47326,39,59,20,8,19,11,0.228,0.600
47327,40,60,20,7,18,11,0.228,0.578
47330,40,60,20,7,18,11,0.228,0.578
47331,44,65,21,8,21,13,0.211,0.572
47334,39,60,21,8,19,11,0.250,0.611
47335,38,58,20,7,17,10,0.228,0.578
47336,37,56,19,7,17,10,0.228,0.600
47337,39,60,21,7,18,11,0.244,0.556
47338,38,58,20,7,18,11,0.250,0.611
47339,36,56,20,6,16,10,0.228,0.578
47340,37,56,19,7,17,10,0.233,0.606
47341,36,56,20,7,17,10,0.228,0.578
47342,40,60,20,8,19,11,0.250,0.611
47344,39,59,20,7,18,11,0.244,0.556
47345,38,58,20,7,17,10,0.228,0.578
47346,36,56,20,6,16,10,0.228,0.578
47348,36,56,20,7,17,10,0.217,0.522
47351,39,59,20,7,18,11,0.244,0.556
47352,37,58,21,6,17,11,0.244,0.556
47353,42,62,20,7,19,12,0.211,0.550
47354,35,55,20,6,16,10,0.233,0.606
47355,33,53,20,6,15,9,0.233,0.606
47356,38,58,20,7,18,11,0.244,0.556
47357,41,62,21,8,19,11,0.228,0.578
47358,34,54,20,6,15,9,0.233,0.606
47359,36,56,20,7,17,10,0.217,0.522
47360,35,55,20,6,16,10,0.244,0.556
47361,36,56,20,6,17,11,0.244,0.556
47362,36,56,20,6,16,10,0.244,0.556
47367,37,57,20,7,17,10,0.250,0.611
47368,38,58,20,7,18,11,0.233,0.606
47369,37,56,19,7,17,10,0.228,0.600
47371,38,58,20,7,18,11,0.228,0.600
47373,38,58,20,7,18,11,0.228,0.600
47374,40,60,20,7,18,11,0.228,0.578
47380,37,57,20,7,18,11,0.233,0.606
47381,39,59,20,8,19,11,0.228,0.600
47382,35,55,20,6,16,10,0.233,0.606
47383,38,58,20,7,18,11,0.250,0.611
47384,40,60,20,7,19,12,0.244,0.556
47385,38,58,20,7,17,10,0.244,0.556
47386,37,57,20,7,17,10,0.244,0.556
47387,36,56,20,6,16,10,0.244,0.556
47388,36,56,20,6,16,10,0.244,0.556
47390,35,55,20,6,16,10,0.233,0.606
47393,37,56,19,7,17,10,0.228,0.578
47394,34,54,20,6,16,10,0.233,0.606
47396,41,61,20,8,20,12,0.250,0.611
47401,59,79,20,17,33,16,0.328,0.772
47403,60,79,19,17,34,17,0.328,0.772
47404,58,78,20,17,33,16,0.328,0.772
47405,59,79,20,17,34,17,0.328,0.772
47406,59,79,20,17,34,17,0.328,0.772
47408,58,78,20,16,33,17,0.328,0.772
47420,62,81,19,18,35,17,0.294,0.667
47421,62,82,20,18,34,16,0.294,0.667
47424,63,83,20,19,36,17,0.333,0.728
47427,58,77,19,16,32,16,0.317,0.728
47429,57,77,20,16,32,16,0.328,0.772
47431,55,75,20,14,30,16,0.317,0.728
47432,62,82,20,17,34,17,0.161,0.528
47433,53,73,20,13,28,15,0.317,0.728
47434,62,82,20,19,35,16,0.328,0.772
47436,62,82,20,18,36,18,0.294,0.667
47437,62,82,20,18,35,17,0.294,0.667
47438,59,78,19,17,33,16,0.333,0.728
47441,62,81,19,18,35,17,0.333,0.728
47443,64,83,19,19,36,17,0.333,0.728
47446,63,83,20,18,35,17,0.294,0.667
47448,55,75,20,14,29,15,0.283,0.700
47449,65,85,20,20,37,17,0.333,0.728
47451,61,81,20,17,34,17,0.294,0.667
47452,63,83,20,18,35,17,0.161,0.528
47453,65,84,19,20,37,17,0.333,0.728
47454,64,84,20,18,36,18,0.161,0.528
47455,55,75,20,15,30,15,0.317,0.728
47456,51,71,20,12,27,15,0.317,0.728
47457,67,87,20,21,39,18,0.333,0.728
47458,60,79,19,17,33,16,0.328,0.772
47459,60,79,19,17,34,17,0.333,0.728
47460,53,73,20,13,28,15,0.317,0.728
47462,62,81,19,18,35,17,0.294,0.667
47464,54,74,20,14,29,15,0.328,0.772
47465,63,82,19,19,35,16,0.333,0.728
47467,66,85,19,20,38,18,0.294,0.667
47468,56,76,20,15,31,16,0.328,0.772
47469,64,83,19,18,35,17,0.161,0.528
47470,63,82,19,18,35,17,0.294,0.667
47471,60,79,19,17,33,16,0.333,0.728
47501,69,88,19,22,41,19,0.278,0.717
47512,67,86,19,21,39,18,0.278,1.044
47513,62,82,20,17,33,16,0.261,0.756
47514,68,88,20,20,38,18,0.233,0.744
47515,67,87,20,20,37,17,0.233,0.744
47516,67,86,19,21,40,19,0.278,1.044
47519,66,85,19,20,37,17,0.278,0.717
47520,73,93,20,24,43,19,0.233,0.744
47521,60,80,20,16,32,16,0.261,0.756
47522,67,87,20,21,39,18,0.283,0.633
47523,70,90,20,22,40,18,0.317,0.906
47524,73,91,18,26,45,19,0.278,1.044
47525,73,92,19,23,42,19,0.233,0.744
47527,60,81,21,16,33,17,0.261,0.756
47528,66,84,18,21,38,17,0.278,1.044
47529,65,85,20,20,37,17,0.278,0.717
47531,73,92,19,24,43,19,0.317,0.906
47532,67,87,20,20,37,17,0.261,0.756
47535,62,81,19,18,35,17,0.278,1.044
47536,70,90,20,21,40,19,0.317,0.906
47537,72,92,20,24,42,18,0.317,0.906
47541,69,88,19,21,39,18,0.261,0.756
47542,67,86,19,20,38,18,0.261,0.756
47546,66,85,19,20,37,17,0.261,0.756
47550,73,92,19,24,42,18,0.317,0.906
47551,68,88,20,20,37,17,0.233,0.744
47552,70,90,20,22,40,18,0.317,0.906
47553,65,84,19,19,36,17,0.283,0.633
47557,69,88,19,22,41,19,0.278,1.044
47558,67,86,19,21,39,18,0.278,0.717
47561,66,85,19,21,39,18,0.278,1.044
47562,66,85,19,20,38,18,0.278,0.717
47564,68,87,19,21,38,17,0.256,0.811
47567,68,87,19,21,39,18,0.256,0.811
47568,67,86,19,21,39,18,0.278,0.717
47574,73,93,20,23,42,19,0.233,0.744
47575,64,84,20,18,35,17,0.261,0.756
47576,66,86,20,19,36,17,0.233,0.744
47577,69,89,20,21,39,18,0.317,0.906
47578,64,83,19,20,37,17,0.278,1.044
47579,71,91,20,23,41,18,0.317,0.906
47580,61,82,21,17,33,16,0.261,0.756
47581,63,83,20,18,35,17,0.283,0.633
47584,69,89,20,22,40,18,0.256,0.811
47585,69,88,19,22,40,18,0.256,0.811
47586,71,91,20,23,41,18,0.233,0.744
47588,72,91,19,23,42,19,0.233,0.744
47590,68,87,19,21,39,18,0.256,0.811
47591,70,88,18,23,42,19,0.278,1.044
47596,64,83,19,19,37,18,0.278,1.044
47597,70,88,18,23,42,19,0.278,1.044
47598,69,88,19,21,40,19,0.256,0.811
47601,75,94,19,25,45,20,0.278,0.850
47610,74,93,19,24,44,20,0.278,0.850
47611,74,93,19,25,43,18,0.317,0.906
47612,74,92,18,25,45,20,0.361,1.233
47613,73,92,19,24,43,19,0.278,0.850
47615,76,95,19,26,45,19,0.317,0.906
47616,76,94,18,29,49,20,0.361,1.233
47619,70,90,20,22,41,19,0.278,0.850
47620,75,94,19,27,46,19,0.361,1.233
47630,76,95,19,26,46,20,0.278,0.850
47631,75,93,18,28,47,19,0.361,1.233
47633,75,93,18,27,46,19,0.361,1.233
47634,77,96,19,27,47,20,0.317,0.906
47635,78,97,19,28,47,19,0.317,0.906
47637,73,92,19,24,43,19,0.278,0.850
47638,74,92,18,25,45,20,0.361,1.233
47639,72,91,19,24,43,19,0.350,1.244
47640,71,90,19,24,43,19,0.350,1.244
47648,73,92,19,25,44,19,0.350,1.244
47649,72,90,18,24,43,19,0.350,1.244
47654,72,91,19,24,43,19,0.350,1.244
47660,71,90,19,23,41,18,0.350,1.244
47665,74,92,18,26,46,20,0.350,1.244
47666,73,92,19,26,46,20,0.350,1.244
47670,72,91,19,25,44,19,0.350,1.244
47683,70,89,19,22,41,19,0.350,1.244
47708,79,98,19,29,49,20,0.250,0.872
47710,77,95,18,26,46,20,0.250,0.872
47711,76,95,19,26,45,19,0.250,0.872
47712,78,97,19,28,48,20,0.250,0.872
47713,78,97,19,28,48,20,0.250,0.872
47714,78,97,19,27,47,20,0.250,0.872
47715,76,95,19,26,46,20,0.250,0.872
47720,75,94,19,26,45,19,0.250,0.872
47725,73,92,19,24,43,19,0.250,0.872
47802,61,80,19,18,35,17,0.311,0.778
47803,59,78,19,16,33,17,0.311,0.778
47804,61,81,20,18,36,18,0.311,0.778
47805,59,79,20,17,34,17,0.311,0.778
47807,61,80,19,18,35,17,0.311,0.778
47809,61,81,20,18,36,18,0.311,0.778
47832,58,77,19,17,33,16,0.433,1.067
47833,56,75,19,15,30,15,0.317,0.728
47834,56,75,19,15,31,16,0.328,0.656
47836,57,76,19,15,31,16,0.433,1.067
47837,56,75,19,15,30,15,0.433,1.067
47838,64,83,19,20,38,18,0.367,1.183
47840,57,76,19,16,31,15,0.328,0.656
47841,58,78,20,16,32,16,0.328,0.656
47842,60,80,20,18,35,17,0.433,1.067
47846,59,78,19,16,33,17,0.328,0.656
47847,58,78,20,17,34,17,0.433,1.067
47848,60,80,20,17,34,17,0.367,1.183
47849,65,84,19,20,39,19,0.367,1.183
47850,60,80,20,17,34,17,0.367,1.183
47853,55,74,19,15,30,15,0.328,0.656
47854,61,80,19,18,35,17,0.433,1.067
47855,59,78,19,17,33,16,0.367,1.183
47857,55,75,20,15,30,15,0.328,0.656
47858,58,78,20,16,33,17,0.328,0.656
47859,56,75,19,15,31,16,0.433,1.067
47860,60,80,20,18,35,17,0.433,1.067
47861,71,89,18,25,44,19,0.367,1.183
47862,61,81,20,18,35,17,0.433,1.067
47863,60,79,19,17,34,17,0.311,0.778
47865,65,84,19,20,38,18,,
47866,59,79,20,17,34,17,0.311,0.778
47868,53,73,20,13,28,15,0.317,0.728
47869,63,82,19,18,36,18,0.311,0.778
47871,60,79,19,17,34,17,0.311,0.778
47872,57,77,20,16,32,16,0.433,1.067
47874,59,78,19,17,33,16,0.433,1.067
47876,63,82,19,19,37,18,0.311,0.778
47879,61,80,19,17,35,18,0.367,1.183
47880,61,80,19,18,35,17,0.311,0.778
47881,57,77,20,16,32,16,0.328,0.656
47882,64,83,19,19,37,18,0.367,1.183
47884,60,80,20,18,35,17,0.433,1.067
47885,62,81,19,18,36,18,0.311,0.778
47901,47,67,20,11,24,13,0.339,0.800
47904,47,67,20,11,23,12,0.339,0.800
47905,47,67,20,11,23,12,0.339,0.800
47906,48,67,19,11,24,13,0.339,0.800
47907,48,68,20,11,24,13,0.339,0.800
47909,46,66,20,10,23,13,0.339,0.800
47916,49,68,19,12,25,13,0.394,0.856
47917,46,66,20,11,24,13,0.322,0.833
47918,47,67,20,11,24,13,0.433,1.067
47920,49,68,19,12,25,13,0.339,0.800
47921,45,65,20,10,23,13,0.322,0.833
47922,47,67,20,12,24,12,0.344,0.906
47923,47,67,20,11,24,13,0.300,0.717
47924,47,67,20,11,24,13,0.339,0.800
47925,43,62,19,10,21,11,0.300,0.717
47926,44,64,20,10,22,12,0.300,0.717
47928,58,77,19,17,33,16,0.433,1.067
47929,45,65,20,11,22,11,0.300,0.717
47930,44,63,19,9,21,12,0.339,0.800
47932,54,74,20,15,30,15,0.433,1.067
47933,47,66,19,10,23,13,0.394,0.856
47940,45,65,20,9,22,13,0.394,0.856
47941,46,66,20,10,23,13,0.339,0.800
47942,47,66,19,11,24,13,0.322,0.833
47943,43,61,18,10,21,11,0.328,0.778
47944,44,64,20,10,22,12,0.322,0.833
47946,42,61,19,10,20,10,0.311,0.717
47948,46,65,19,11,23,12,0.344,0.906
47949,49,68,19,12,25,13,0.433,1.067
47950,44,63,19,10,22,12,0.300,0.717
47951,50,69,19,13,26,13,0.344,0.906
47952,55,74,19,15,30,15,0.433,1.067
47954,47,67,20,11,23,12,0.394,0.856
47955,45,64,19,10,22,12,0.394,0.856
47957,41,60,19,10,20,10,0.311,0.717
47958,47,67,20,11,24,13,0.433,1.067
47959,43,62,19,10,21,11,0.300,0.717
47960,45,65,20,11,22,11,0.300,0.717
47963,47,66,19,12,24,12,0.344,0.906
47964,44,63,19,11,22,11,0.344,0.906
47965,47,66,19,10,23,13,0.394,0.856
47966,59,78,19,17,34,17,0.433,1.067
47967,45,64,19,10,21,11,0.394,0.856
47968,45,65,20,9,22,13,0.394,0.856
47969,46,66,20,10,23,13,0.433,1.067
47970,46,66,20,11,23,12,0.322,0.833
47971,46,66,20,11,23,12,0.322,0.833
47974,56,75,19,15,31,16,0.433,1.067
47975,46,65,19,10,23,13,0.406,1.067
47977,44,63,19,10,22,12,0.328,0.778
47978,43,62,19,10,21,11,0.328,0.778
47980,45,64,19,10,22,12,0.300,0.717
47981,44,64,20,9,21,12,0.339,0.800
47982,53,72,19,14,29,15,0.406,1.067
47983,44,64,20,9,21,12,0.339,0.800
47987,51,70,19,13,27,14,0.433,1.067
47989,50,70,20,12,26,14,0.394,0.856
47990,47,67,20,11,24,13,0.394,0.856
47991,52,71,19,14,28,14,0.406,1.067
47992,45,65,20,10,22,12,0.339,0.800
47993,51,70,19,13,27,14,0.406,1.067
47994,45,64,19,10,22,12,0.394,0.856
47995,44,63,19,10,22,12,0.300,0.717
47997,48,68,20,12,24,12,0.278,0.711
48001,22,36,14,3,8,5,0.150,0.211
48002,26,41,15,5,10,5,0.150,0.211
48003,26,41,15,4,9,5,0.094,0.211
48005,26,41,15,4,9,5,0.089,0.139
48006,23,36,13,4,9,5,0.150,0.211
48009,28,43,15,4,9,5,0.078,0.122
48014,26,40,14,5,10,5,0.150,0.211
48015,27,43,16,4,9,5,0.089,0.139
48017,28,44,16,4,10,6,0.078,0.122
48021,24,39,15,3,8,5,0.089,0.139
48022,24,37,13,4,9,5,0.150,0.211
48023,22,37,15,3,8,5,0.150,0.211
48025,27,43,16,4,9,5,0.078,0.122
48026,24,38,14,3,8,5,0.089,0.139
48027,24,37,13,4,9,5,0.150,0.211
48028,21,36,15,3,8,5,0.150,0.211
48030,28,44,16,4,10,6,0.078,0.122
48032,25,39,14,5,11,6,0.150,0.211
48033,29,45,16,4,10,6,0.078,0.122
48034,27,43,16,4,9,5,0.078,0.122
48035,23,38,15,3,8,5,0.089,0.139
48036,23,38,15,3,8,5,0.089,0.139
48038,24,38,14,3,8,5,0.089,0.139
48039,22,36,14,3,8,5,0.150,0.211
48040,26,40,14,5,10,5,0.150,0.211
48041,25,39,14,5,9,4,0.150,0.211
48042,25,40,15,4,9,5,0.089,0.139
48043,23,37,14,3,8,5,0.089,0.139
48044,24,39,15,4,9,5,0.089,0.139
48045,23,38,15,3,8,5,0.089,0.139
48047,23,37,14,4,8,4,0.089,0.139
48048,24,38,14,4,9,5,0.089,0.139
48049,27,41,14,6,12,6,0.150,0.211
48050,24,38,14,4,9,5,0.089,0.139
48051,23,37,14,4,8,4,0.089,0.139
48054,23,37,14,4,8,4,0.150,0.211
48059,26,40,14,6,11,5,0.150,0.211
48060,27,41,14,6,11,5,0.150,0.211
48062,23,37,14,4,9,5,0.089,0.139
48063,22,36,14,4,8,4,0.150,0.211
48064,22,36,14,4,8,4,0.150,0.211
48065,26,41,15,4,9,5,0.089,0.139
48066,24,39,15,3,8,5,0.089,0.139
48067,28,44,16,4,10,6,0.078,0.122
48069,28,44,16,4,10,6,0.078,0.122
48070,28,44,16,4,10,6,0.078,0.122
48071,28,44,16,4,10,6,0.078,0.122
48072,28,44,16,4,10,6,0.078,0.122
48073,28,44,16,4,10,6,0.078,0.122
48074,26,40,14,6,11,5,0.150,0.211
48075,29,45,16,4,10,6,0.078,0.122
48076,28,44,16,4,10,6,0.078,0.122
48079,24,38,14,5,9,4,0.150,0.211
48080,24,40,16,3,8,5,0.089,0.139
48081,24,39,15,3,8,5,0.089,0.139
48082,24,39,15,3,8,5,0.089,0.139
48083,28,44,16,4,10,6,0.078,0.122
48084,28,44,16,4,10,6,0.078,0.122
48085,28,43,15,4,10,6,0.078,0.122
48088,25,40,15,3,8,5,0.089,0.139
48089,25,41,16,3,8,5,0.089,0.139
48091,27,43,16,4,9,5,0.089,0.139
48092,28,44,16,4,10,6,0.089,0.139
48093,26,42,16,4,9,5,0.089,0.139
48094,26,41,15,4,9,5,0.089,0.139
48095,26,41,15,4,9,5,0.089,0.139
48096,26,41,15,4,10,6,0.089,0.139
48097,21,34,13,4,8,4,0.150,0.211
48098,28,43,15,4,9,5,0.078,0.122
48101,25,41,16,3,9,6,0.072,0.144
48103,32,49,17,6,13,7,0.111,0.256
48104,34,51,17,6,14,8,0.111,0.256
48105,33,50,17,6,13,7,0.111,0.256
48108,34,51,17,6,14,8,0.111,0.256
48109,34,51,17,7,14,7,0.111,0.256
48111,28,44,16,4,10,6,0.072,0.144
48114,22,37,15,3,7,4,0.061,0.167
48116,24,39,15,3,8,5,0.061,0.167
48117,33,51,18,6,14,8,0.139,0.389
48118,27,42,15,4,10,6,0.111,0.256
48120,24,40,16,3,8,5,0.072,0.144
48122,25,41,16,3,8,5,0.072,0.144
48124,29,46,17,4,10,6,0.072,0.144
48125,29,45,16,4,10,6,0.072,0.144
48126,27,44,17,4,9,5,0.072,0.144
48127,31,48,17,5,11,6,0.072,0.144
48128,31,48,17,5,11,6,0.072,0.144
48130,28,44,16,4,11,7,0.111,0.256
48131,30,48,18,5,11,6,0.139,0.389
48133,36,54,18,8,16,8,0.139,0.389
48134,28,45,17,4,11,7,0.072,0.144
48135,28,45,17,4,10,6,0.072,0.144
48137,26,41,15,4,9,5,0.061,0.167
48138,25,41,16,4,9,5,0.072,0.144
48139,26,41,15,4,9,5,0.061,0.167
48140,37,55,18,8,16,8,0.139,0.389
48141,29,46,17,4,10,6,0.072,0.144
48143,27,42,15,4,9,5,0.061,0.167
48144,39,57,18,9,18,9,0.139,0.389
48145,36,54,18,8,16,8,0.139,0.389
48146,23,39,16,3,8,5,0.072,0.144
48150,29,46,17,4,11,7,0.072,0.144
48152,29,46,17,4,11,7,0.072,0.144
48154,29,46,17,4,11,7,0.072,0.144
48157,35,53,18,7,15,8,0.139,0.389
48158,29,45,16,4,11,7,0.111,0.256
48159,31,49,18,5,12,7,0.139,0.389
48160,30,47,17,4,11,7,0.111,0.256
48161,38,56,18,9,18,9,0.139,0.389
48162,37,55,18,8,17,9,0.139,0.389
48164,28,45,17,4,11,7,0.072,0.144
48165,23,38,15,3,7,4,0.078,0.122
48166,30,47,17,6,12,6,0.139,0.389
48167,28,44,16,4,10,6,0.072,0.144
48168,28,44,16,4,10,6,0.072,0.144
48169,27,42,15,4,9,5,0.061,0.167
48170,29,45,16,4,11,7,0.072,0.144
48173,25,41,16,4,9,5,0.072,0.144
48174,27,43,16,4,10,6,0.072,0.144
48176,33,50,17,6,13,7,0.111,0.256
48177,39,58,19,9,18,9,0.139,0.389
48178,25,41,16,4,9,5,0.078,0.122
48179,27,43,16,4,10,6,0.139,0.389
48180,27,44,17,4,10,6,0.072,0.144
48182,39,57,18,9,18,9,0.139,0.389
48183,25,41,16,4,9,5,0.072,0.144
48184,26,43,17,4,9,5,0.072,0.144
48185,28,45,17,4,10,6,0.072,0.144
48186,27,43,16,4,10,6,0.072,0.144
48187,29,45,16,4,11,7,0.072,0.144
48188,28,45,17,4,10,6,0.072,0.144
48189,28,43,15,4,10,6,0.111,0.256
48190,28,45,17,4,10,6,0.111,0.256
48191,28,45,17,4,10,6,0.111,0.256
48192,23,39,16,3,8,5,0.072,0.144
48193,24,41,17,3,9,6,0.072,0.144
48195,24,40,16,3,8,5,0.072,0.144
48197,32,50,18,5,12,7,0.111,0.256
48198,31,48,17,5,12,7,0.111,0.256
48201,23,38,15,3,7,4,0.072,0.144
48202,25,41,16,3,8,5,0.072,0.144
48203,27,43,16,4,9,5,0.072,0.144
48204,27,44,17,4,9,5,0.072,0.144
48205,24,39,15,3,8,5,0.072,0.144
48206,27,43,16,4,9,5,0.072,0.144
48207,23,38,15,3,7,4,0.072,0.144
48208,24,39,15,3,8,5,0.072,0.144
48209,23,38,15,3,7,4,0.072,0.144
48210,25,41,16,3,8,5,0.072,0.144
48211,24,39,15,3,8,5,0.072,0.144
48212,26,41,15,3,9,6,0.072,0.144
48213,23,38,15,3,7,4,0.072,0.144
48214,22,37,15,3,7,4,0.072,0.144
48215,22,37,15,3,7,4,0.072,0.144
48216,23,38,15,3,7,4,0.072,0.144
48217,23,39,16,3,8,5,0.072,0.144
48218,22,38,16,3,8,5,0.072,0.144
48219,30,47,17,5,11,6,0.072,0.144
48220,28,44,16,4,10,6,0.078,0.122
48221,29,45,16,4,10,6,0.072,0.144
48223,31,48,17,5,12,7,0.072,0.144
48224,23,38,15,3,7,4,0.072,0.144
48225,24,39,15,3,8,5,0.072,0.144
48226,23,38,15,3,7,4,0.072,0.144
48227,30,47,17,4,11,7,0.072,0.144
48228,30,47,17,4,11,7,0.072,0.144
48229,23,38,15,3,8,5,0.072,0.144
48230,23,39,16,3,8,5,0.072,0.144
48233,23,39,16,3,7,4,0.072,0.144
48234,26,41,15,3,9,6,0.072,0.144
48235,30,46,16,4,11,7,0.072,0.144
48236,24,40,16,3,8,5,0.072,0.144
48237,28,45,17,4,10,6,0.078,0.122
48238,28,45,17,4,10,6,0.072,0.144
48239,31,48,17,5,11,6,0.072,0.144
48240,30,47,17,5,11,6,0.072,0.144
48242,26,43,17,4,9,5,0.072,0.144
48243,23,38,15,3,7,4,0.072,0.144
48301,27,43,16,4,9,5,0.078,0.122
48302,26,42,16,4,9,5,0.078,0.122
48304,27,43,16,4,9,5,0.078,0.122
48306,26,41,15,4,9,5,0.078,0.122
48307,27,42,15,4,9,5,0.078,0.122
48309,27,42,15,4,9,5,0.078,0.122
48310,28,44,16,4,10,6,0.089,0.139
48312,26,41,15,4,9,5,0.089,0.139
48313,26,41,15,4,9,5,0.089,0.139
48314,27,43,16,4,10,6,0.089,0.139
48315,27,42,15,4,9,5,0.089,0.139
48316,27,42,15,4,9,5,0.089,0.139
48317,27,43,16,4,10,6,0.089,0.139
48320,26,41,15,3,8,5,0.078,0.122
48322,26,41,15,3,9,6,0.078,0.122
48323,25,41,16,3,8,5,0.078,0.122
48324,24,39,15,3,8,5,0.078,0.122
48326,26,42,16,4,9,5,0.078,0.122
48327,24,39,15,3,8,5,0.078,0.122
48328,25,40,15,3,8,5,0.078,0.122
48329,24,38,14,3,8,5,0.078,0.122
48331,26,42,16,3,9,6,0.078,0.122
48334,27,43,16,4,9,5,0.078,0.122
48335,27,43,16,4,9,5,0.078,0.122
48336,28,44,16,4,10,6,0.078,0.122
48340,26,41,15,4,8,4,0.078,0.122
48341,26,41,15,3,8,5,0.078,0.122
48342,26,41,15,4,9,5,0.078,0.122
48346,23,37,14,3,7,4,0.078,0.122
48348,22,37,15,3,7,4,0.078,0.122
48350,20,34,14,2,6,4,0.078,0.122
48353,21,35,14,3,7,4,0.061,0.167
48356,20,34,14,2,6,4,0.078,0.122
48357,20,34,14,2,6,4,0.078,0.122
48359,25,40,15,3,8,5,0.078,0.122
48360,25,39,14,3,8,5,0.078,0.122
48362,24,39,15,3,8,5,0.078,0.122
48363,25,40,15,4,9,5,0.078,0.122
48367,24,39,15,4,8,4,0.078,0.122
48370,24,38,14,3,8,5,0.078,0.122
48371,23,38,15,3,8,5,0.078,0.122
48374,26,42,16,4,9,5,0.078,0.122
48375,27,43,16,4,9,5,0.078,0.122
48377,25,41,16,3,9,6,0.078,0.122
48380,21,35,14,3,7,4,0.078,0.122
48381,21,35,14,3,7,4,0.078,0.122
48382,22,37,15,3,7,4,0.078,0.122
48383,21,35,14,2,6,4,0.078,0.122
48386,22,37,15,3,7,4,0.078,0.122
48390,24,39,15,3,8,5,0.078,0.122
48393,23,38,15,3,7,4,0.078,0.122
48397,27,43,16,4,9,5,,
48401,21,33,12,4,8,4,0.100,0.172
48411,24,38,14,4,8,4,0.078,0.139
48412,25,39,14,4,9,5,0.094,0.211
48413,21,33,12,5,9,4,0.072,0.150
48414,26,39,13,4,9,5,0.083,0.183
48415,28,42,14,5,10,5,0.072,0.150
48416,25,39,14,5,10,5,0.100,0.172
48417,29,42,13,5,10,5,0.072,0.150
48418,24,38,14,4,8,4,0.083,0.183
48419,20,32,12,4,8,4,0.100,0.172
48420,26,39,13,4,9,5,0.078,0.139
48421,26,39,13,4,9,5,0.094,0.211
48422,22,35,13,4,9,5,0.100,0.172
48423,25,39,14,4,9,5,0.078,0.139
48426,27,41,14,6,11,5,0.100,0.172
48427,21,32,11,4,9,5,0.100,0.172
48428,24,38,14,4,8,4,0.094,0.211
48429,26,39,13,4,9,5,0.083,0.183
48430,22,36,14,3,7,4,0.078,0.139
48432,19,31,12,4,8,4,0.072,0.150
48433,25,38,13,4,9,5,0.078,0.139
48434,15,25,10,3,7,4,0.100,0.172
48435,26,40,14,4,10,6,0.078,0.133
48436,23,37,14,3,8,5,0.078,0.139
48437,26,39,13,4,9,5,0.078,0.139
48438,23,37,14,3,8,5,0.078,0.139
48439,23,37,14,3,8,5,0.078,0.139
48440,23,38,15,3,8,5,0.094,0.211
48441,15,24,9,3,7,4,0.072,0.150
48442,21,35,14,3,7,4,0.078,0.122
48444,26,40,14,5,10,5,0.094,0.211
48445,18,29,11,4,8,4,0.072,0.150
48446,25,39,14,4,9,5,0.094,0.211
48449,25,39,14,4,9,5,0.078,0.139
48450,21,33,12,4,8,4,0.100,0.172
48451,22,36,14,3,8,5,0.078,0.139
48453,26,40,14,5,10,5,0.100,0.172
48454,20,33,13,3,8,5,0.100,0.172
48455,23,37,14,3,8,5,0.094,0.211
48456,22,34,12,5,9,4,0.100,0.172
48457,27,41,14,4,10,6,0.078,0.139
48458,25,38,13,4,9,5,0.078,0.139
48460,27,40,13,4,10,6,0.083,0.183
48461,26,39,13,5,10,5,0.094,0.211
48462,22,36,14,3,7,4,0.078,0.122
48463,26,39,13,4,9,5,0.078,0.139
48464,26,39,13,4,9,5,0.094,0.211
48465,19,31,12,4,8,4,0.100,0.172
48466,21,33,12,4,8,4,0.100,0.172
48467,16,27,11,3,7,4,0.072,0.150
48468,15,25,10,4,7,3,0.072,0.150
48469,17,28,11,3,7,4,0.100,0.172
48470,21,33,12,5,9,4,0.072,0.150
48471,22,35,13,4,9,5,0.100,0.172
48472,25,38,13,5,10,5,0.100,0.172
48473,23,37,14,4,8,4,0.078,0.139
48475,23,35,12,5,10,5,0.072,0.150
48476,26,40,14,4,9,5,0.083,0.183
48502,23,37,14,3,8,5,0.078,0.139
48503,24,37,13,4,8,4,0.078,0.139
48504,24,37,13,4,8,4,0.078,0.139
48505,24,38,14,4,8,4,0.078,0.139
48506,24,38,14,4,9,5,0.078,0.139
48507,23,37,14,3,8,5,0.078,0.139
48509,24,38,14,4,8,4,0.078,0.139
48519,24,38,14,4,8,4,0.078,0.139
48529,23,37,14,3,8,5,0.078,0.139
48532,24,37,13,4,8,4,0.078,0.139
48551,23,36,13,3,8,5,,
48554,24,37,13,4,8,4,,
48601,31,45,14,6,12,6,0.072,0.150
48602,32,46,14,6,13,7,0.072,0.150
48603,31,45,14,6,12,6,0.072,0.150
48604,30,44,14,6,12,6,0.072,0.150
48607,32,46,14,6,13,7,0.072,0.150
48609,30,44,14,6,12,6,0.072,0.150
48610,18,28,10,2,6,4,0.006,0.039
48611,23,36,13,4,9,5,0.044,0.122
48612,24,37,13,4,8,4,0.017,0.072
48613,18,29,11,3,6,3,0.044,0.122
48614,28,43,15,5,10,5,0.072,0.150
48615,28,42,14,5,11,6,0.094,0.200
48616,28,42,14,5,10,5,0.072,0.150
48617,22,34,12,3,8,5,0.022,0.083
48618,25,39,14,4,9,5,0.044,0.122
48619,15,25,10,2,4,2,0.000,0.006
48621,16,25,9,2,4,2,0.000,0.006
48622,20,32,12,3,7,4,0.022,0.083
48623,27,40,13,5,10,5,0.072,0.150
48624,21,32,11,3,7,4,0.017,0.072
48625,15,25,10,2,4,2,0.022,0.083
48626,29,43,14,5,11,6,0.072,0.150
48627,13,21,8,1,3,2,0.006,0.017
48628,27,40,13,5,10,5,0.044,0.122
48629,13,22,9,1,3,2,0.006,0.017
48630,14,23,9,1,4,3,0.006,0.017
48631,22,34,12,4,8,4,0.044,0.122
48632,18,29,11,2,6,4,0.022,0.083
48633,16,26,10,2,5,3,0.022,0.083
48634,20,32,12,3,7,4,0.044,0.122
48635,17,26,9,2,5,3,0.006,0.017
48636,15,23,8,2,4,2,0.000,0.006
48637,28,42,14,5,11,6,0.072,0.150
48638,32,46,14,6,12,6,0.072,0.150
48640,29,43,14,6,12,6,0.044,0.122
48642,28,41,13,5,11,6,0.044,0.122
48647,16,25,9,2,4,2,0.000,0.006
48649,28,42,14,5,10,5,0.072,0.150
48650,18,29,11,3,6,3,0.044,0.122
48651,13,21,8,1,3,2,0.006,0.017
48652,21,32,11,3,7,4,0.017,0.072
48653,13,22,9,1,3,2,0.006,0.017
48654,14,23,9,2,4,2,0.006,0.017
48655,29,43,14,5,11,6,0.072,0.150
48656,12,20,8,1,3,2,0.006,0.017
48657,28,41,13,5,10,5,0.044,0.122
48658,16,26,10,2,5,3,0.006,0.039
48659,17,27,10,2,5,3,0.006,0.039
48661,16,26,10,2,4,2,0.006,0.017
48662,28,42,14,5,11,6,0.094,0.200
48667,29,43,14,6,11,5,0.044,0.122
48701,25,38,13,5,10,5,0.078,0.133
48703,13,22,9,2,4,2,0.006,0.039
48705,16,26,10,2,5,3,0.011,0.017
48706,23,36,13,4,9,5,0.044,0.122
48708,24,37,13,4,9,5,0.044,0.122
48710,25,38,13,4,10,6,0.044,0.122
48720,23,36,13,5,9,4,0.072,0.150
48721,11,18,7,2,4,2,0.011,0.017
48722,29,44,15,5,11,6,0.072,0.150
48723,28,43,15,6,11,5,0.078,0.133
48724,30,44,14,6,12,6,0.072,0.150
48725,17,28,11,3,7,4,0.072,0.150
48726,27,41,14,6,11,5,0.078,0.133
48727,26,39,13,5,10,5,0.094,0.211
48728,16,25,9,2,4,2,0.011,0.017
48729,28,41,13,6,11,5,0.078,0.133
48731,20,31,11,4,8,4,0.072,0.150
48732,23,35,12,4,8,4,0.044,0.122
48733,25,39,14,5,10,5,0.078,0.133
48734,29,43,14,5,11,6,0.072,0.150
48735,25,39,14,5,11,6,0.078,0.133
48737,16,25,9,2,4,2,0.011,0.017
48738,12,20,8,2,4,2,0.011,0.017
48739,16,26,10,2,4,2,0.006,0.006
48740,12,20,8,2,4,2,0.011,0.017
48741,26,40,14,5,11,6,0.078,0.133
48742,15,23,8,3,5,2,0.011,0.017
48744,26,40,14,5,10,5,0.078,0.133
48745,13,21,8,2,4,2,0.011,0.017
48746,26,40,14,4,10,6,0.078,0.133
48747,24,37,13,4,9,5,0.044,0.122
48749,16,26,10,2,5,3,0.006,0.039
48750,13,22,9,2,5,3,0.006,0.006
48754,24,37,13,5,10,5,0.072,0.150
48755,20,32,12,4,8,4,0.072,0.150
48756,16,26,10,2,4,2,0.006,0.017
48757,26,40,14,5,10,5,0.078,0.133
48759,24,37,13,5,10,5,0.072,0.150
48760,26,40,14,5,10,5,0.078,0.133
48761,16,26,10,2,4,2,0.006,0.006
48762,15,24,9,2,5,3,0.011,0.017
48763,14,23,9,2,4,2,0.006,0.006
48765,15,24,9,2,5,3,0.006,0.039
48766,16,26,10,2,5,3,0.006,0.039
48767,25,38,13,5,10,5,0.078,0.133
48768,28,42,14,5,11,6,0.078,0.133
48801,28,42,14,5,11,6,0.094,0.200
48806,29,44,15,5,11,6,0.094,0.200
48807,29,43,14,5,11,6,0.094,0.200
48808,25,39,14,4,9,5,0.106,0.206
48809,27,41,14,4,10,6,0.122,0.250
48811,28,42,14,5,11,6,0.106,0.217
48813,26,41,15,4,9,5,0.083,0.289
48815,27,42,15,4,10,6,0.122,0.250
48816,25,39,14,4,9,5,0.061,0.167
48817,27,40,13,4,10,6,0.083,0.183
48818,28,42,14,5,11,6,0.106,0.217
48819,24,39,15,3,8,5,0.072,0.194
48820,25,39,14,4,9,5,0.106,0.206
48821,25,40,15,4,9,5,0.083,0.289
48822,26,41,15,4,9,5,0.106,0.206
48823,25,39,14,4,9,5,0.072,0.194
48825,25,40,15,4,9,5,0.072,0.194
48827,25,41,16,4,9,5,0.083,0.289
48829,23,36,13,4,8,4,0.106,0.217
48831,28,42,14,5,10,5,0.106,0.206
48832,27,40,13,5,10,5,0.094,0.200
48834,28,42,14,5,10,5,0.106,0.217
48835,28,43,15,5,11,6,0.106,0.206
48836,25,39,14,4,9,5,0.061,0.167
48837,25,40,15,4,9,5,0.083,0.289
48838,28,43,15,5,11,6,0.106,0.217
48840,25,39,14,4,9,5,0.072,0.194
48841,27,41,14,5,10,5,0.083,0.183
48842,25,39,14,3,9,6,0.072,0.194
48843,24,38,14,3,8,5,0.061,0.167
48845,28,43,15,5,11,6,0.122,0.250
48846,27,41,14,4,10,6,0.122,0.250
48847,28,42,14,5,11,6,0.094,0.200
48848,26,40,14,4,9,5,0.083,0.183
48849,28,43,15,4,11,7,0.122,0.250
48850,22,35,13,3,8,5,0.106,0.217
48851,27,42,15,5,10,5,0.122,0.250
48852,24,37,13,4,9,5,0.106,0.217
48853,29,44,15,5,11,6,0.106,0.206
48854,24,38,14,3,8,5,0.072,0.194
48855,24,38,14,3,8,5,0.061,0.167
48856,29,43,14,5,11,6,0.094,0.200
48857,25,39,14,4,9,5,0.083,0.183
48858,24,37,13,4,9,5,0.050,0.128
48860,28,42,14,5,10,5,0.122,0.250
48861,27,41,14,4,10,6,0.083,0.289
48864,25,39,14,4,9,5,0.072,0.194
48865,27,41,14,5,10,5,0.122,0.250
48866,28,41,13,5,10,5,0.106,0.206
48867,26,40,14,4,10,6,0.083,0.183
48870,28,42,14,5,11,6,0.122,0.250
48871,30,44,14,5,11,6,0.094,0.200
48872,25,39,14,4,9,5,0.083,0.183
48873,28,42,14,5,10,5,0.122,0.250
48874,30,44,14,5,12,7,0.094,0.200
48875,27,42,15,4,10,6,0.122,0.250
48876,26,41,15,4,9,5,0.083,0.289
48877,26,40,14,5,10,5,0.094,0.200
48878,24,37,13,4,9,5,0.050,0.128
48879,28,43,15,5,10,5,0.106,0.206
48880,28,42,14,5,11,6,0.094,0.200
48881,27,41,14,4,10,6,0.122,0.250
48883,27,40,13,5,10,5,0.050,0.128
48884,28,42,14,5,11,6,0.106,0.217
48885,28,42,14,5,11,6,0.106,0.217
48886,23,37,14,4,9,5,0.106,0.217
48888,27,40,13,5,10,5,0.106,0.217
48889,28,42,14,5,11,6,0.094,0.200
48890,27,42,15,4,10,6,0.083,0.289
48891,25,38,13,4,9,5,0.106,0.217
48892,25,39,14,4,9,5,0.072,0.194
48893,22,34,12,3,8,5,0.050,0.128
48894,27,42,15,4,10,6,0.106,0.206
48895,25,39,14,4,9,5,0.072,0.194
48896,25,38,13,4,9,5,0.050,0.128
48897,28,44,16,5,11,6,0.117,0.328
48906,25,40,15,4,9,5,0.072,0.194
48910,25,40,15,4,9,5,0.072,0.194
48911,25,40,15,4,9,5,0.072,0.194
48912,25,40,15,4,9,5,0.072,0.194
48915,25,40,15,4,9,5,0.072,0.194
48917,25,40,15,4,9,5,0.083,0.289
48921,25,40,15,4,9,5,,
48933,25,40,15,4,9,5,0.072,0.194
49001,32,48,16,6,13,7,0.150,0.389
49002,31,48,17,6,13,7,0.150,0.389
49004,33,50,17,6,14,8,0.150,0.389
49006,33,50,17,6,14,8,0.150,0.389
49007,33,49,16,6,14,8,0.150,0.389
49008,32,49,17,6,13,7,0.150,0.389
49009,34,50,16,6,14,8,0.150,0.389
49010,28,43,15,5,11,6,0.094,0.300
49011,31,48,17,6,13,7,0.122,0.450
49012,32,48,16,5,13,8,0.150,0.389
49013,29,45,16,6,12,6,0.239,0.528
49014,29,45,16,5,11,6,0.122,0.450
49015,29,45,16,5,11,6,0.122,0.450
49017,29,45,16,5,11,6,0.122,0.450
49021,28,44,16,5,11,6,0.083,0.289
49022,33,49,16,8,16,8,0.239,0.533
49024,32,48,16,6,13,7,0.150,0.389
49026,31,47,16,6,13,7,0.239,0.528
49027,30,46,16,6,13,7,0.239,0.528
49028,31,48,17,6,14,8,0.128,0.489
49029,30,46,16,5,12,7,0.122,0.450
49030,31,48,17,6,13,7,0.150,0.433
49031,34,51,17,7,15,8,0.239,0.528
49032,33,50,17,7,15,8,0.150,0.433
49033,29,46,17,5,12,7,0.122,0.450
49034,30,46,16,5,12,7,0.150,0.389
49036,30,47,17,6,13,7,0.128,0.489
49037,28,44,16,4,11,7,0.122,0.450
49038,31,47,16,7,14,7,0.239,0.533
49040,32,49,17,6,14,8,0.150,0.433
49042,34,52,18,7,15,8,0.150,0.433
49043,27,42,15,5,12,7,0.239,0.528
49045,33,49,16,7,14,7,0.239,0.528
49046,31,48,17,5,13,8,0.117,0.328
49047,34,51,17,7,15,8,0.239,0.528
49048,33,49,16,6,13,7,0.150,0.389
49050,30,45,15,5,12,7,0.117,0.328
49051,30,47,17,5,12,7,0.122,0.450
49052,31,48,17,6,13,7,0.150,0.389
49053,32,48,16,6,13,7,0.150,0.389
49055,32,48,16,6,13,7,0.239,0.528
49056,28,44,16,5,12,7,0.239,0.528
49057,32,48,16,7,14,7,0.239,0.528
49058,29,45,16,5,12,7,0.117,0.328
49060,34,50,16,6,14,8,0.117,0.328
49061,34,51,17,7,15,8,0.239,0.528
49064,32,48,16,6,14,8,0.239,0.528
49065,33,50,17,7,15,8,0.239,0.528
49066,32,49,17,6,14,8,0.150,0.433
49067,33,50,17,7,15,8,0.239,0.528
49068,29,45,16,5,11,6,0.122,0.450
49070,30,46,16,5,12,7,0.094,0.300
49071,33,50,17,7,14,7,0.239,0.528
49072,33,50,17,7,15,8,0.150,0.433
49073,28,44,16,4,11,7,0.117,0.328
49074,33,50,17,6,14,8,0.150,0.389
49075,33,50,17,6,14,8,0.150,0.433
49076,27,43,16,4,10,6,0.083,0.289
49078,31,48,17,5,13,8,0.094,0.300
49079,32,49,17,6,14,8,0.239,0.528
49080,33,49,16,6,13,7,0.094,0.300
49082,28,45,17,5,12,7,0.128,0.489
49083,34,51,17,6,14,8,0.150,0.389
49084,34,49,15,8,16,8,0.239,0.533
49085,32,47,15,8,15,7,0.239,0.533
49087,33,49,16,6,14,8,0.150,0.389
49088,31,48,17,6,13,7,0.150,0.389
49089,32,49,17,6,14,8,0.128,0.489
49090,22,36,14,4,9,5,0.239,0.528
49091,30,47,17,6,13,7,0.150,0.433
49092,29,46,17,5,12,7,0.122,0.450
49093,35,52,17,7,16,9,0.150,0.433
49094,31,47,16,6,13,7,0.128,0.489
49095,34,51,17,7,15,8,0.239,0.528
49096,27,42,15,4,10,6,0.083,0.289
49097,32,49,17,6,14,8,0.150,0.389
49098,32,48,16,7,15,8,0.239,0.533
49099,34,51,17,7,15,8,0.150,0.433
49101,31,47,16,7,14,7,0.239,0.533
49102,35,51,16,8,16,8,0.239,0.533
49103,34,50,16,7,15,8,0.239,0.533
49104,33,50,17,7,15,8,0.239,0.533
49106,30,46,16,7,13,6,0.239,0.533
49107,32,48,16,6,14,8,0.239,0.533
49111,36,52,16,8,17,9,0.239,0.533
49112,35,52,17,7,16,9,0.239,0.528
49113,32,48,16,6,14,8,0.239,0.533
49115,31,47,16,6,13,7,0.239,0.533
49116,31,47,16,6,14,8,0.239,0.533
49117,32,47,15,6,14,8,0.239,0.533
49119,32,48,16,7,14,7,0.239,0.533
49120,33,49,16,6,14,8,0.239,0.533
49125,31,47,16,6,13,7,0.239,0.533
49126,34,50,16,8,15,7,0.239,0.533
49127,31,46,15,7,14,7,0.239,0.533
49128,33,50,17,7,15,8,0.239,0.533
49129,31,47,16,6,13,7,0.239,0.533
49130,36,54,18,8,16,8,0.239,0.528
49201,26,42,16,4,10,6,0.078,0.350
49202,26,42,16,4,10,6,0.078,0.350
49203,26,42,16,4,10,6,0.078,0.350
49220,26,43,17,4,10,6,0.089,0.339
49221,33,51,18,6,14,8,0.089,0.339
49224,27,43,16,4,10,6,0.122,0.450
49227,27,43,16,4,11,7,0.078,0.400
49228,32,50,18,5,13,8,0.089,0.339
49229,34,51,17,6,13,7,0.089,0.339
49230,27,43,16,4,10,6,0.078,0.350
49232,33,50,17,6,14,8,0.078,0.400
49233,26,42,16,4,9,5,0.078,0.400
49234,26,42,16,4,9,5,0.078,0.350
49235,32,50,18,6,13,7,0.089,0.339
49236,32,49,17,5,12,7,0.089,0.339
49237,27,43,16,4,10,6,0.078,0.350
49238,29,47,18,4,11,7,0.089,0.339
49240,26,41,15,4,9,5,0.078,0.350
49241,25,41,16,4,10,6,0.078,0.350
49242,26,42,16,4,10,6,0.078,0.400
49245,28,44,16,5,11,6,0.122,0.450
49246,25,41,16,4,9,5,0.078,0.350
49247,31,49,18,5,13,8,0.089,0.339
49248,34,52,18,6,14,8,0.089,0.339
49249,25,41,16,4,9,5,0.078,0.400
49250,26,42,16,4,10,6,0.078,0.400
49251,25,40,15,3,9,6,0.072,0.194
49252,28,44,16,5,11,6,0.078,0.400
49253,27,44,17,4,10,6,0.089,0.339
49254,26,42,16,4,10,6,0.078,0.350
49255,29,46,17,5,12,7,0.078,0.400
49256,34,52,18,6,14,8,0.089,0.339
49259,25,41,16,3,9,6,0.078,0.350
49261,26,43,17,4,10,6,0.078,0.350
49262,25,41,16,4,9,5,0.078,0.400
49263,27,44,17,4,10,6,0.078,0.350
49264,25,41,16,4,9,5,0.072,0.194
49265,30,47,17,5,12,7,0.089,0.339
49266,28,44,16,4,11,7,0.078,0.400
49267,34,52,18,7,15,8,0.139,0.389
49268,35,52,17,6,14,8,0.089,0.339
49269,26,42,16,4,10,6,0.078,0.350
49270,32,50,18,6,13,7,0.139,0.389
49271,30,47,17,5,12,7,0.078,0.400
49272,26,41,15,4,9,5,0.078,0.350
49274,27,44,17,5,11,6,0.078,0.400
49276,30,48,18,5,12,7,0.089,0.339
49277,26,41,15,4,9,5,0.078,0.350
49279,34,51,17,6,14,8,0.089,0.339
49282,26,42,16,4,9,5,0.078,0.400
49283,26,42,16,4,10,6,0.078,0.350
49284,26,42,16,4,10,6,0.078,0.350
49285,25,40,15,3,9,6,0.072,0.194
49286,34,51,17,6,14,8,0.089,0.339
49287,30,47,17,5,12,7,0.089,0.339
49288,34,51,17,6,14,8,0.078,0.400
49289,34,52,18,6,14,8,0.089,0.339
49301,25,39,14,4,9,5,0.089,0.222
49302,26,41,15,4,9,5,0.089,0.222
49303,23,36,13,3,8,5,0.033,0.189
49304,23,36,13,4,8,4,0.061,0.167
49305,19,30,11,2,6,4,0.033,0.100
49306,25,40,15,4,9,5,0.089,0.222
49307,20,32,12,3,7,4,0.033,0.100
49309,21,34,13,3,8,5,0.044,0.161
49310,22,35,13,3,8,5,0.050,0.128
49312,20,33,13,3,7,4,0.044,0.161
49315,26,41,15,4,9,5,0.089,0.222
49316,26,41,15,4,9,5,0.089,0.222
49318,23,37,14,3,8,5,0.033,0.189
49319,25,38,13,4,9,5,0.089,0.222
49320,18,29,11,2,6,4,0.033,0.100
49321,25,39,14,4,9,5,0.089,0.222
49322,24,37,13,4,9,5,0.106,0.217
49323,26,42,16,4,10,6,0.094,0.300
49325,28,43,15,4,11,7,0.117,0.328
49326,28,42,14,5,10,5,0.089,0.222
49327,22,36,14,3,8,5,0.044,0.161
49328,28,43,15,4,11,7,0.094,0.300
49329,21,34,13,3,7,4,0.106,0.217
49330,24,37,13,3,8,5,0.089,0.222
49331,26,40,14,4,9,5,0.089,0.222
49332,19,31,12,3,7,4,0.033,0.100
49333,29,44,15,5,11,6,0.117,0.328
49335,27,42,15,4,10,6,0.094,0.300
49336,20,32,12,3,7,4,0.033,0.100
49337,21,35,14,3,8,5,0.044,0.161
49338,19,31,12,3,7,4,0.033,0.100
49339,23,36,13,3,8,5,0.106,0.217
49340,19,32,13,3,7,4,0.033,0.100
49341,26,40,14,4,9,5,0.089,0.222
49342,18,30,12,2,6,4,0.033,0.100
49343,24,37,13,4,8,4,0.089,0.222
49344,30,46,16,5,12,7,0.094,0.300
49345,25,39,14,4,9,5,0.089,0.222
49346,19,32,13,3,7,4,0.033,0.100
49347,26,39,13,4,9,5,0.106,0.217
49348,28,44,16,4,11,7,0.094,0.300
49349,20,33,13,3,7,4,0.044,0.161
49401,25,40,15,4,9,5,0.044,0.217
49402,22,35,13,4,8,4,0.033,0.128
49403,23,37,14,3,8,5,0.044,0.217
49404,23,36,13,3,8,5,0.044,0.217
49405,19,31,12,3,6,3,0.033,0.128
49406,20,34,14,3,7,4,0.094,0.300
49408,23,37,14,4,9,5,0.094,0.300
49410,19,32,13,3,7,4,0.033,0.128
49411,16,27,11,2,5,3,0.033,0.128
49412,22,35,13,3,8,5,0.044,0.161
49415,16,28,12,2,5,3,0.033,0.189
49417,18,30,12,2,6,4,0.044,0.217
49418,25,40,15,3,9,6,0.089,0.222
49419,26,41,15,4,10,6,0.094,0.300
49420,18,30,12,3,6,3,0.022,0.117
49421,20,33,13,3,7,4,0.022,0.117
49423,25,40,15,4,10,6,0.044,0.217
49424,26,40,14,4,10,6,0.044,0.217
49425,18,31,13,3,6,3,0.033,0.189
49426,25,39,14,3,9,6,0.044,0.217
49428,23,38,15,3,8,5,0.044,0.217
49431,17,28,11,3,6,3,0.033,0.128
49434,23,37,14,3,8,5,0.044,0.217
49435,23,37,14,3,8,5,0.044,0.217
49436,14,25,11,2,5,3,0.022,0.117
49437,13,23,10,1,4,3,0.033,0.189
49440,16,27,11,2,5,3,0.033,0.189
49441,15,27,12,2,5,3,0.033,0.189
49442,16,28,12,2,5,3,0.033,0.189
49444,16,27,11,2,5,3,0.033,0.189
49445,15,26,11,2,5,3,0.033,0.189
49446,15,26,11,2,5,3,0.022,0.117
49448,18,30,12,2,6,4,0.044,0.217
49449,16,27,11,2,5,3,0.022,0.117
49450,26,41,15,4,10,6,0.094,0.300
49451,21,34,13,3,7,4,0.033,0.189
49452,14,25,11,2,4,2,0.022,0.117
49453,22,36,14,3,8,5,0.094,0.300
49454,17,28,11,3,6,3,0.033,0.128
49455,17,28,11,2,6,4,0.022,0.117
49456,16,28,12,2,5,3,0.044,0.217
49457,16,28,12,2,5,3,0.033,0.189
49458,21,33,12,3,7,4,0.033,0.128
49459,21,34,13,3,7,4,0.022,0.117
49460,22,35,13,3,8,5,0.044,0.217
49461,14,25,11,2,4,2,0.033,0.189
49464,27,42,15,4,10,6,0.044,0.217
49503,25,39,14,3,9,6,0.089,0.222
49504,25,39,14,3,9,6,0.089,0.222
49505,25,39,14,4,9,5,0.089,0.222
49506,25,39,14,3,9,6,0.089,0.222
49507,24,39,15,3,9,6,0.089,0.222
49508,25,39,14,3,9,6,0.089,0.222
49509,24,39,15,3,9,6,0.089,0.222
49512,25,39,14,3,9,6,0.089,0.222
49519,25,39,14,3,9,6,0.089,0.222
49525,25,39,14,4,9,5,0.089,0.222
49534,24,39,15,3,9,6,0.089,0.222
49544,25,39,14,3,9,6,0.089,0.222
49546,25,39,14,3,9,6,0.089,0.222
49548,25,39,14,3,9,6,0.089,0.222
49601,11,20,9,1,3,2,0.033,0.061
49611,12,21,9,1,3,2,0.033,0.028
49612,14,23,9,2,4,2,0.033,0.028
49613,12,21,9,2,4,2,0.044,0.100
49614,14,23,9,2,5,3,0.044,0.100
49615,15,24,9,2,4,2,0.033,0.028
49616,15,24,9,2,5,3,0.044,0.061
49617,14,24,10,2,5,3,0.044,0.061
49618,11,19,8,1,3,2,0.033,0.061
49619,17,28,11,3,6,3,0.044,0.100
49620,15,24,9,2,5,3,0.033,0.061
49621,13,23,10,2,4,2,0.033,0.050
49622,14,24,10,2,4,2,0.033,0.028
49623,18,29,11,2,6,4,0.061,0.167
49625,16,26,10,2,5,3,0.044,0.100
49626,14,24,10,2,4,2,0.044,0.100
49627,12,21,9,1,3,2,0.033,0.028
49628,12,21,9,2,4,2,0.044,0.061
49629,15,25,10,2,5,3,0.033,0.028
49630,14,24,10,2,4,2,0.033,0.050
49631,17,28,11,2,5,3,0.022,0.072
49632,15,25,10,2,4,2,0.006,0.039
49633,14,24,10,2,4,2,0.006,0.011
49634,15,26,11,2,5,3,0.044,0.100
49635,12,20,8,2,4,2,0.044,0.061
49636,12,22,10,2,4,2,0.033,0.050
49637,15,24,9,2,5,3,0.022,0.028
49638,14,23,9,2,4,2,0.033,0.061
49639,18,30,12,2,6,4,0.022,0.072
49640,16,26,10,3,6,3,0.044,0.061
49642,22,35,13,4,8,4,0.061,0.167
49643,15,25,10,2,5,3,0.022,0.028
49644,20,32,12,3,7,4,0.061,0.167
49645,16,27,11,2,6,4,0.044,0.100
49646,12,20,8,1,3,2,0.006,0.011
49648,13,23,10,2,4,2,0.033,0.028
49649,15,25,10,2,5,3,0.022,0.028
49650,15,25,10,2,5,3,0.044,0.061
49651,13,22,9,1,4,3,0.006,0.039
49653,11,20,9,1,3,2,0.033,0.050
49654,7,14,7,1,2,1,0.033,0.050
49655,14,23,9,2,4,2,0.022,0.072
49656,17,28,11,2,6,4,0.061,0.167
49657,13,22,9,1,4,3,0.006,0.039
49659,12,21,9,1,3,2,0.033,0.028
49660,15,25,10,2,5,3,0.044,0.100
49663,13,22,9,2,4,2,0.033,0.061
49664,15,26,11,2,5,3,0.033,0.050
49665,15,26,11,2,4,2,0.022,0.072
49666,15,25,10,2,5,3,0.022,0.028
49668,15,24,9,2,5,3,0.033,0.061
49670,7,14,7,1,2,1,0.033,0.050
49674,8,15,7,1,2,1,0.033,0.050
49675,14,23,9,2,4,2,0.044,0.100
49676,15,24,9,2,4,2,0.006,0.011
49677,16,27,11,2,5,3,0.022,0.072
49679,18,29,11,2,6,4,0.022,0.072
49680,13,22,9,2,4,2,0.006,0.011
49682,11,20,9,1,3,2,0.033,0.050
49683,14,24,10,2,5,3,0.044,0.061
49684,15,24,9,2,5,3,0.022,0.028
49686,15,25,10,2,5,3,0.022,0.028
49688,13,22,9,1,4,3,0.022,0.072
49689,19,30,11,3,6,3,0.044,0.100
49690,15,25,10,2,5,3,0.022,0.028
49701,3,7,4,0,0,0,0.000,0.028
49705,14,23,9,1,4,3,0.000,0.022
49706,11,19,8,1,2,1,0.000,0.028
49707,11,17,6,2,4,2,0.039,0.067
49709,15,24,9,2,4,2,0.000,0.017
49710,3,8,5,0,1,1,0.028,0.017
49712,18,29,11,3,6,3,0.033,0.028
49713,19,30,11,3,6,3,0.033,0.028
49715,5,10,5,0,1,1,0.028,0.017
49716,10,18,8,1,2,1,0.000,0.022
49717,13,22,9,1,3,2,0.000,0.022
49718,4,9,5,0,1,1,0.000,0.028
49719,3,6,3,0,0,0,0.000,0.006
49720,7,13,6,0,1,1,0.033,0.028
49721,8,15,7,1,2,1,0.000,0.022
49722,8,15,7,1,2,1,0.000,0.028
49724,4,9,5,0,1,1,0.028,0.017
49725,4,8,4,0,1,1,0.028,0.017
49726,4,9,5,0,1,1,0.028,0.017
49727,17,27,10,2,5,3,0.033,0.028
49728,7,12,5,1,1,0,0.028,0.017
49729,11,21,10,1,3,2,0.033,0.028
49730,12,21,9,1,3,2,0.033,0.028
49733,13,21,8,1,3,2,0.000,0.006
49735,12,21,9,1,3,2,0.006,0.011
49736,3,7,4,0,1,1,0.028,0.017
49738,14,23,9,1,4,3,0.000,0.006
49740,5,11,6,0,1,1,0.000,0.028
49743,16,25,9,2,5,3,0.006,0.022
49744,14,23,9,2,4,2,0.039,0.067
49745,3,6,3,0,0,0,0.000,0.006
49746,16,26,10,2,5,3,0.000,0.017
49747,16,25,9,3,5,2,0.011,0.017
49748,8,14,6,1,2,1,0.028,0.017
49749,13,23,10,1,3,2,0.000,0.022
49751,13,22,9,1,3,2,0.006,0.011
49752,4,8,4,0,1,1,0.028,0.017
49753,15,24,9,2,5,3,0.039,0.067
49755,7,13,6,0,1,1,0.000,0.028
49756,14,22,8,2,4,2,0.000,0.017
49757,2,5,3,0,0,0,0.000,0.006
49759,12,20,8,1,4,3,0.006,0.022
49760,3,6,3,0,0,0,0.000,0.006
49762,4,8,4,0,1,1,0.000,0.006
49764,9,17,8,1,2,1,0.000,0.028
49765,16,27,11,2,5,3,0.006,0.022
49766,12,19,7,2,5,3,0.039,0.067
49768,5,10,5,1,1,0,0.028,0.017
49769,7,14,7,0,1,1,0.000,0.028
49770,12,20,8,1,3,2,0.000,0.028
49774,3,7,4,0,0,0,0.028,0.017
49775,5,10,5,0,1,1,0.000,0.006
49776,13,21,8,2,4,2,0.006,0.022
49777,9,15,6,1,3,2,0.006,0.022
49779,10,17,7,1,3,2,0.006,0.022
49780,5,9,4,0,1,1,0.028,0.017
49781,2,5,3,0,0,0,0.000,0.006
49782,2,6,4,0,1,1,0.033,0.028
49783,5,9,4,0,1,1,0.028,0.017
49788,3,7,4,0,0,0,0.028,0.017
49791,12,21,9,1,3,2,0.000,0.022
49793,6,11,5,0,1,1,0.028,0.017
49795,13,22,9,1,3,2,0.006,0.011
49796,20,31,11,3,7,4,0.033,0.028
49799,14,23,9,1,3,2,0.000,0.022
49801,13,20,7,2,4,2,0.033,0.078
49802,14,23,9,2,4,2,0.033,0.078
49805,4,7,3,0,1,1,0.000,0.006
49806,8,14,6,1,2,1,0.106,0.189
49807,10,16,6,2,3,1,0.028,0.078
49812,13,21,8,2,4,2,0.033,0.078
49815,10,17,7,1,3,2,0.033,0.078
49816,12,20,8,2,4,2,0.106,0.189
49817,4,8,4,1,1,0,0.050,0.122
49818,13,20,7,2,4,2,0.028,0.078
49820,8,14,6,1,2,1,0.000,0.006
49821,13,21,8,2,4,2,0.033,0.078
49822,9,15,6,1,2,1,0.106,0.189
49825,12,20,8,2,4,2,0.106,0.189
49826,12,20,8,2,3,1,0.106,0.189
49827,4,7,3,0,1,1,0.000,0.006
49829,8,13,5,1,2,1,0.028,0.078
49831,12,19,7,2,4,2,0.033,0.078
49834,13,21,8,2,4,2,0.033,0.078
49835,3,7,4,0,1,1,0.028,0.078
49836,9,15,6,1,2,1,0.050,0.122
49837,9,14,5,1,3,2,0.028,0.078
49838,4,7,3,0,1,1,0.000,0.006
49839,11,19,8,2,4,2,0.106,0.189
49847,14,22,8,2,4,2,0.033,0.078
49848,11,18,7,1,3,2,0.033,0.078
49852,15,23,8,3,5,2,0.033,0.078
49853,10,17,7,1,3,2,0.028,0.028
49854,9,16,7,1,3,2,0.050,0.122
49855,8,13,5,1,3,2,0.022,0.061
49858,11,18,7,2,3,1,0.033,0.078
49862,10,16,6,2,3,1,0.106,0.189
49863,14,22,8,2,5,3,0.033,0.078
49864,4,8,4,1,1,0,0.028,0.078
49868,8,14,6,1,2,1,0.028,0.028
49870,15,23,8,2,5,3,0.033,0.078
49872,12,20,8,2,4,2,0.028,0.078
49873,13,21,8,2,4,2,0.033,0.078
49874,15,22,7,3,5,2,0.033,0.078
49876,15,23,8,2,5,3,0.033,0.078
49877,11,19,8,2,3,1,0.033,0.078
49878,8,14,6,1,2,1,0.028,0.078
49879,10,16,6,1,2,1,0.022,0.061
49880,13,20,7,2,4,2,0.028,0.078
49881,10,17,7,1,3,2,0.033,0.078
49883,14,22,8,3,5,2,0.050,0.122
49884,12,20,8,2,4,2,0.106,0.189
49885,12,19,7,2,3,1,0.022,0.061
49886,14,22,8,2,5,3,0.033,0.078
49887,11,18,7,2,3,1,0.033,0.078
49891,13,21,8,2,4,2,0.106,0.189
49892,15,23,8,2,5,3,0.033,0.078
49893,11,18,7,1,3,2,0.033,0.078
49894,7,12,5,1,2,1,0.028,0.078
49895,13,21,8,2,4,2,0.106,0.189
49896,12,19,7,2,4,2,0.033,0.078
49901,4,8,4,0,1,1,0.000,0.006
49902,10,16,6,1,2,1,0.017,0.033
49903,11,17,6,1,3,2,0.017,0.033
49905,7,13,6,1,2,1,0.017,0.039
49911,6,11,5,0,1,1,0.011,0.028
49913,4,8,4,0,1,1,0.017,0.039
49916,10,16,6,1,2,1,0.017,0.039
49917,4,8,4,0,1,1,0.017,0.039
49918,3,5,2,0,1,1,0.000,0.006
49920,10,17,7,1,3,2,0.017,0.033
49921,10,16,6,1,2,1,0.017,0.039
49922,8,13,5,1,2,1,0.017,0.039
49927,10,17,7,1,3,2,0.017,0.033
49930,8,14,6,1,2,1,0.017,0.039
49931,8,14,6,1,2,1,0.017,0.039
49934,6,10,4,1,1,0,0.017,0.039
49935,10,17,7,1,3,2,0.017,0.033
49938,6,11,5,1,1,0,0.011,0.028
49942,5,9,4,0,1,1,,
49945,5,9,4,0,1,1,0.017,0.039
49947,11,17,6,1,2,1,0.011,0.028
49950,3,7,4,0,1,1,0.000,0.006
49952,13,20,7,2,3,1,0.017,0.039
49955,9,15,6,1,2,1,0.017,0.039
49958,12,19,7,2,3,1,0.017,0.039
49959,7,11,4,1,1,0,0.011,0.028
49961,11,18,7,1,3,2,0.017,0.039
49963,9,15,6,1,2,1,0.017,0.039
49965,8,14,6,1,2,1,0.017,0.039
49967,12,19,7,2,3,1,0.017,0.033
49968,7,13,6,1,1,0,0.011,0.028
49969,11,18,7,1,3,2,0.011,0.028
50001,49,66,17,14,26,12,0.261,0.656
50002,47,63,16,12,23,11,0.244,0.461
50003,46,63,17,13,24,11,0.272,0.589
50005,41,58,17,11,22,11,0.350,0.806
50006,37,53,16,9,18,9,0.333,0.800
50007,44,61,17,11,23,12,0.261,0.594
50008,47,64,17,12,23,11,0.256,0.594
50009,46,62,16,12,24,12,0.261,0.594
50010,42,59,17,11,22,11,0.300,0.678
50011,42,59,17,11,22,11,0.300,0.678
50012,42,59,17,11,22,11,0.300,0.678
50014,42,59,17,11,22,11,0.300,0.678
50020,47,64,17,12,23,11,0.367,0.689
50021,45,62,17,12,23,11,0.261,0.594
50022,49,65,16,13,24,11,0.367,0.689
50023,45,62,17,12,24,12,0.261,0.594
50025,46,62,16,12,23,11,0.311,0.583
50026,45,62,17,12,23,11,0.244,0.528
50027,47,65,18,14,26,12,0.306,0.772
50028,45,62,17,13,24,11,0.350,0.800
50029,46,62,16,12,23,11,0.244,0.528
50032,45,62,17,12,24,12,0.261,0.594
50033,49,66,17,14,26,12,0.228,0.539
50034,36,52,16,8,17,9,0.283,0.589
50035,45,61,16,12,23,11,0.261,0.594
50036,42,59,17,11,22,11,0.361,0.806
50038,47,64,17,13,24,11,0.272,0.589
50039,45,62,17,12,23,11,0.272,0.589
50041,36,52,16,8,18,10,0.256,0.778
50042,47,64,17,12,23,11,0.311,0.583
50044,50,67,17,15,27,12,0.333,0.744
50046,42,59,17,11,22,11,0.300,0.678
50047,48,65,17,14,26,12,0.261,0.656
50048,46,63,17,12,23,11,0.244,0.528
50049,49,66,17,14,26,12,0.289,0.650
50050,44,61,17,11,22,11,0.367,0.783
50051,40,57,17,11,21,10,0.350,0.806
50052,47,64,17,12,23,11,0.256,0.594
50054,47,64,17,14,26,12,0.350,0.800
50055,42,58,16,11,21,10,0.300,0.678
50056,37,53,16,9,18,9,0.300,0.678
50057,50,67,17,15,27,12,0.333,0.744
50058,46,62,16,12,22,10,0.322,0.644
50060,47,64,17,13,24,11,0.256,0.594
50061,47,64,17,13,24,11,0.261,0.656
50062,50,67,17,15,27,12,0.333,0.744
50063,45,61,16,12,23,11,0.272,0.589
50064,44,61,17,12,23,11,0.367,0.783
50065,52,69,17,14,27,13,0.250,0.578
50066,45,62,17,12,23,11,0.272,0.589
50067,50,67,17,14,26,12,0.250,0.578
50068,48,64,16,13,25,12,0.289,0.650
50069,47,64,17,13,24,11,0.272,0.589
50070,47,63,16,12,23,11,0.272,0.589
50071,35,52,17,8,17,9,0.217,0.483
50072,46,63,17,12,24,12,0.228,0.539
50073,44,61,17,11,23,12,0.261,0.594
50074,45,62,17,11,22,11,0.294,0.561
50075,38,55,17,9,19,10,0.283,0.589
50076,46,63,17,12,23,11,0.311,0.583
50078,41,58,17,11,21,10,0.350,0.806
50101,34,51,17,8,16,8,0.217,0.483
50102,37,54,17,9,18,9,0.333,0.800
50103,47,64,17,13,24,11,0.250,0.578
50104,47,65,18,14,26,12,0.494,1.244
50105,42,59,17,11,22,11,0.300,0.678
50106,40,57,17,10,21,11,0.350,0.806
50107,46,63,17,13,24,11,0.367,0.783
50108,48,65,17,13,24,11,0.250,0.578
50109,46,63,17,13,24,11,0.272,0.589
50111,45,62,17,12,23,11,0.261,0.594
50112,40,57,17,10,20,10,0.306,0.889
50115,46,62,16,12,22,10,0.244,0.528
50116,50,67,17,15,27,12,0.333,0.744
50117,46,63,17,12,23,11,0.311,0.583
50118,49,66,17,14,26,12,0.261,0.656
50119,50,68,18,15,28,13,0.333,0.744
50120,41,58,17,11,21,10,0.350,0.806
50122,38,55,17,9,19,10,0.333,0.800
50123,46,63,17,12,23,11,0.256,0.594
50124,42,59,17,11,21,10,0.300,0.678
50125,49,66,17,14,26,12,0.261,0.656
50126,38,55,17,9,19,10,0.333,0.800
50127,46,63,17,13,25,12,0.350,0.800
50128,45,62,17,12,23,11,0.244,0.528
50129,47,64,17,13,24,11,0.367,0.783
50130,40,57,17,10,20,10,0.283,0.589
50131,46,63,17,13,24,11,0.261,0.594
50132,39,56,17,10,19,9,0.283,0.589
50133,48,65,17,13,24,11,0.294,0.561
50134,42,58,16,11,21,10,0.300,0.678
50135,43,60,17,11,22,11,0.350,0.800
50136,47,65,18,14,26,12,0.494,1.244
50138,51,68,17,15,28,13,0.333,0.744
50139,50,67,17,15,27,12,0.261,0.656
50140,50,67,17,14,26,12,0.250,0.578
50141,42,59,17,11,22,11,0.350,0.806
50142,41,57,16,11,21,10,0.350,0.806
50143,48,66,18,14,26,12,0.306,0.772
50144,49,66,17,13,25,12,0.250,0.578
50146,46,63,17,12,23,11,0.272,0.589
50147,49,66,17,13,25,12,0.256,0.594
50148,40,57,17,11,21,10,0.350,0.806
50149,47,64,17,13,24,11,0.250,0.522
50150,49,66,17,15,27,12,0.339,0.722
50151,50,66,16,14,26,12,0.289,0.650
50153,45,63,18,12,24,12,0.350,0.800
50154,38,54,16,9,19,10,0.300,0.678
50155,48,64,16,13,24,11,0.228,0.539
50156,44,61,17,12,23,11,0.361,0.806
50157,45,62,17,13,24,11,0.306,0.889
50158,41,58,17,11,22,11,0.350,0.806
50160,49,66,17,14,26,12,0.261,0.656
50161,43,60,17,11,22,11,0.300,0.678
50162,42,58,16,11,22,11,0.350,0.806
50163,50,67,17,15,27,12,0.333,0.744
50164,47,63,16,12,23,11,0.244,0.528
50165,48,65,17,13,25,12,0.256,0.594
50166,49,66,17,14,26,12,0.261,0.656
50167,45,62,17,12,23,11,0.272,0.589
50168,46,63,17,13,25,12,0.350,0.800
50169,46,63,17,13,24,11,0.261,0.594
50170,49,66,17,14,26,12,0.350,0.800
50171,46,63,17,13,25,12,0.306,0.889
50173,42,59,17,11,22,11,0.306,0.822
50174,47,63,16,12,24,12,0.250,0.533
50201,39,55,16,10,19,9,0.300,0.678
50206,39,56,17,10,20,10,0.333,0.800
50207,47,65,18,13,25,12,0.306,0.772
50208,47,64,17,14,25,11,0.350,0.800
50210,49,66,17,14,26,12,0.261,0.656
50211,47,64,17,13,25,12,0.261,0.656
50212,44,61,17,12,22,10,0.361,0.806
50213,48,65,17,14,25,11,0.250,0.533
50214,50,67,17,15,27,12,0.333,0.744
50216,46,62,16,12,23,11,0.244,0.528
50217,43,60,17,11,21,10,0.367,0.783
50218,48,65,17,14,25,11,0.228,0.539
50219,48,66,18,14,26,12,0.333,0.744
50220,44,61,17,12,23,11,0.272,0.589
50222,47,64,17,13,24,11,0.228,0.539
50223,42,59,17,11,21,10,0.361,0.806
50225,50,67,17,15,27,12,0.333,0.744
50226,45,62,17,12,23,11,0.261,0.594
50227,37,53,16,9,18,9,0.256,0.778
50228,48,65,17,14,26,12,0.350,0.800
50229,49,65,16,14,26,12,0.261,0.656
50230,38,54,16,9,18,9,0.333,0.800
50231,40,57,17,10,20,10,0.283,0.589
50232,48,65,17,14,26,12,0.350,0.800
50233,46,63,17,12,23,11,0.272,0.589
50234,43,59,16,12,22,10,0.350,0.806
50235,45,61,16,12,23,11,0.367,0.783
50236,39,56,17,10,20,10,0.300,0.678
50237,48,65,17,14,26,12,0.261,0.594
50238,48,65,17,14,25,11,0.289,0.650
50239,39,56,17,10,20,10,0.350,0.806
50240,48,65,17,13,25,12,0.228,0.539
50242,46,63,17,13,24,11,0.306,0.889
50243,43,60,17,11,22,11,0.261,0.594
50244,43,60,17,11,22,11,0.300,0.678
50246,40,57,17,10,20,10,0.283,0.589
50247,39,56,17,10,20,10,0.350,0.806
50248,40,57,17,11,21,10,0.300,0.678
50249,40,57,17,10,20,10,0.283,0.589
50250,47,63,16,12,23,11,0.244,0.528
50251,45,63,18,12,24,12,0.350,0.800
50252,49,66,17,14,26,12,0.333,0.744
50254,47,64,17,12,24,12,0.250,0.522
50255,47,65,18,14,26,12,0.494,1.244
50256,50,67,17,15,27,12,0.333,0.744
50257,48,65,17,13,25,12,0.228,0.539
50258,40,57,17,11,21,10,0.333,0.800
50261,47,64,17,13,24,11,0.272,0.589
50262,47,64,17,13,24,11,0.250,0.578
50263,45,62,17,12,23,11,0.272,0.589
50264,47,64,17,13,24,11,0.250,0.578
50265,46,63,17,13,24,11,0.261,0.594
50266,46,63,17,12,24,12,0.272,0.589
50268,49,67,18,14,27,13,0.494,1.244
50271,37,53,16,9,18,9,0.283,0.589
50272,49,66,17,14,26,12,0.289,0.650
50273,47,64,17,13,24,11,0.228,0.539
50274,47,64,17,12,23,11,0.367,0.689
50275,49,66,17,14,25,11,0.250,0.533
50276,45,62,17,12,23,11,0.272,0.589
50277,45,62,17,12,22,10,0.244,0.528
50278,37,54,17,9,18,9,0.300,0.678
50309,46,63,17,13,24,11,0.261,0.594
50310,46,63,17,13,24,11,0.261,0.594
50311,46,63,17,13,24,11,0.261,0.594
50312,46,63,17,13,24,11,0.261,0.594
50313,46,63,17,13,24,11,0.261,0.594
50314,46,63,17,13,24,11,0.261,0.594
50315,46,63,17,12,24,12,0.261,0.594
50316,47,63,16,13,25,12,0.261,0.594
50317,47,64,17,13,25,12,0.261,0.594
50319,46,63,17,13,24,11,0.261,0.594
50320,47,63,16,13,25,12,0.261,0.594
50321,46,62,16,12,23,11,0.261,0.594
50322,46,63,17,12,24,12,0.261,0.594
50323,45,62,17,12,24,12,0.272,0.589
50324,46,63,17,13,24,11,0.261,0.594
50325,46,62,16,12,24,12,0.261,0.594
50327,47,64,17,13,25,12,0.261,0.594
50401,33,49,16,8,16,8,0.272,0.794
50420,33,49,16,7,15,8,0.256,0.778
50421,34,50,16,7,16,9,0.217,0.483
50423,33,49,16,7,16,9,0.228,0.489
50424,32,48,16,7,15,8,0.117,0.367
50426,31,46,15,6,14,8,0.250,0.689
50428,32,47,15,7,15,8,0.272,0.794
50430,35,51,16,8,17,9,0.228,0.489
50431,34,49,15,7,16,9,0.256,0.778
50432,33,49,16,7,16,9,0.228,0.489
50433,37,53,16,9,18,9,0.272,0.794
50434,32,47,15,7,15,8,0.189,0.617
50435,37,53,16,9,18,9,0.333,0.878
50436,33,48,15,7,15,8,0.117,0.367
50438,33,48,15,7,15,8,0.228,0.489
50439,33,49,16,7,16,9,0.228,0.489
50440,30,46,16,6,14,8,0.189,0.617
50441,36,52,16,9,18,9,0.256,0.778
50444,32,47,15,7,15,8,0.189,0.617
50446,31,47,16,7,15,8,0.189,0.617
50447,34,50,16,8,16,8,0.228,0.489
50448,30,45,15,6,14,8,0.189,0.617
50449,32,48,16,7,15,8,0.228,0.489
50450,31,47,16,7,15,8,0.117,0.367
50451,33,48,15,7,15,8,0.239,0.478
50452,33,49,16,7,16,9,0.256,0.778
50453,32,48,16,7,15,8,0.117,0.367
50454,31,46,15,7,14,7,0.250,0.689
50455,28,43,15,6,12,6,0.250,0.689
50456,32,47,15,7,15,8,0.189,0.617
50457,32,48,16,7,15,8,0.272,0.794
50458,35,50,15,8,17,9,0.333,0.878
50459,29,44,15,6,14,8,0.189,0.617
50460,34,50,16,8,17,9,0.250,0.689
50461,33,49,16,7,16,9,0.250,0.689
50464,33,48,15,7,16,9,0.272,0.794
50465,32,47,15,7,15,8,0.117,0.367
50466,29,44,15,6,13,7,0.228,0.561
50467,33,49,16,8,16,8,0.272,0.794
50468,36,53,17,9,18,9,0.333,0.878
50469,34,50,16,8,17,9,0.272,0.794
50470,34,50,16,8,16,8,0.217,0.483
50471,34,50,16,8,17,9,0.333,0.878
50472,31,46,15,6,14,8,0.250,0.689
50473,32,47,15,7,15,8,0.117,0.367
50475,36,52,16,9,18,9,0.256,0.778
50476,30,45,15,6,14,8,0.250,0.689
50477,34,49,15,8,16,8,0.272,0.794
50478,32,47,15,7,15,8,0.117,0.367
50479,33,49,16,7,16,9,0.272,0.794
50480,33,49,16,7,15,8,0.239,0.478
50482,31,47,16,7,15,8,0.272,0.794
50483,34,49,15,7,16,9,0.239,0.478
50484,33,48,15,7,15,8,0.228,0.489
50501,38,55,17,9,18,9,0.300,0.622
50510,36,52,16,8,16,8,0.233,0.406
50511,34,50,16,7,16,9,0.239,0.478
50514,33,48,15,6,14,8,0.189,0.333
50515,35,51,16,7,16,9,0.244,0.478
50516,36,52,16,8,17,9,0.300,0.622
50517,34,49,15,7,15,8,0.239,0.478
50518,38,54,16,8,18,10,0.300,0.622
50519,36,52,16,8,17,9,0.217,0.478
50520,36,53,17,8,17,9,0.217,0.478
50521,39,56,17,10,19,9,0.300,0.622
50522,34,50,16,7,16,9,0.239,0.478
50523,39,56,17,9,19,10,0.300,0.622
50524,37,53,16,8,17,9,0.300,0.622
50525,35,51,16,8,17,9,0.217,0.483
50527,36,52,16,8,16,8,0.244,0.478
50528,35,51,16,7,16,9,0.244,0.478
50529,35,52,17,8,16,8,0.217,0.478
50530,41,57,16,10,20,10,0.300,0.622
50531,32,47,15,6,14,8,0.189,0.333
50532,39,56,17,9,19,10,0.300,0.622
50533,37,53,16,9,18,9,0.217,0.483
50535,36,52,16,8,16,8,0.278,0.578
50536,37,52,15,8,17,9,0.244,0.478
50538,41,58,17,10,20,10,0.283,0.572
50539,34,49,15,7,15,8,0.239,0.478
50540,38,55,17,8,18,10,0.239,0.411
50541,37,53,16,8,17,9,0.217,0.478
50542,36,52,16,8,17,9,0.217,0.483
50543,41,58,17,10,20,10,0.300,0.622
50544,41,57,16,10,20,10,0.300,0.622
50545,36,52,16,8,17,9,0.217,0.478
50546,37,53,16,8,17,9,0.239,0.411
50548,35,52,17,8,16,8,0.217,0.478
50551,39,56,17,9,18,9,0.283,0.572
50554,36,52,16,8,16,8,0.239,0.411
50556,33,48,15,7,15,8,0.239,0.478
50557,40,57,17,10,20,10,0.300,0.622
50558,36,52,16,8,17,9,0.217,0.478
50559,34,50,16,7,16,9,0.239,0.478
50560,35,51,16,8,17,9,0.239,0.478
50561,40,56,16,9,18,9,0.278,0.578
50562,37,53,16,8,17,9,0.244,0.478
50563,39,55,16,9,18,9,0.283,0.572
50565,35,51,16,7,16,9,0.233,0.406
50566,39,55,16,9,18,9,0.300,0.622
50567,36,51,15,8,16,8,0.278,0.578
50568,37,53,16,8,17,9,0.233,0.406
50569,39,56,17,9,19,10,0.300,0.622
50570,36,53,17,8,17,9,0.217,0.478
50571,38,54,16,8,18,10,0.239,0.411
50573,37,53,16,8,17,9,0.239,0.411
50574,38,55,17,8,18,10,0.239,0.411
50575,39,55,16,9,18,9,0.283,0.572
50576,35,51,16,7,15,8,0.233,0.406
50577,36,52,16,8,17,9,0.217,0.478
50578,33,49,16,7,15,8,0.189,0.333
50579,40,57,17,9,19,10,0.283,0.572
50581,37,53,16,8,17,9,0.239,0.411
50582,35,52,17,8,17,9,0.217,0.478
50583,38,54,16,9,17,8,0.278,0.578
50585,35,51,16,7,15,8,0.233,0.406
50586,40,56,16,9,19,10,0.283,0.572
50588,32,48,16,6,13,7,0.233,0.406
50590,34,49,15,7,15,8,0.239,0.478
50591,36,53,17,8,17,9,0.217,0.478
50593,37,53,16,8,17,9,0.239,0.411
50594,37,54,17,9,18,9,0.300,0.622
50595,39,56,17,10,19,9,0.283,0.589
50597,36,52,16,8,17,9,0.244,0.478
50598,34,50,16,7,16,9,0.239,0.478
50599,38,54,16,9,18,9,0.217,0.483
50601,38,54,16,9,19,10,0.333,0.800
50602,40,57,17,10,21,11,0.294,0.878
50603,32,48,16,7,15,8,0.294,0.800
50604,39,56,17,10,20,10,0.294,0.878
50605,39,55,16,10,20,10,0.294,0.878
50606,31,47,16,7,14,7,0.278,0.617
50607,32,48,16,7,15,8,0.228,0.811
50609,38,55,17,10,19,9,0.328,0.772
50611,40,56,16,10,20,10,0.294,0.878
50612,40,57,17,10,21,11,0.306,0.822
50613,38,54,16,9,19,10,0.233,0.811
50616,38,54,16,10,19,9,0.333,0.878
50619,39,56,17,10,20,10,0.294,0.878
50620,34,50,16,8,17,9,0.333,0.878
50621,38,55,17,10,19,9,0.328,0.772
50622,36,53,17,9,18,9,0.239,0.756
50624,38,55,17,9,19,10,0.328,0.772
50625,40,57,17,10,21,11,0.294,0.878
50626,36,53,17,9,18,9,0.233,0.811
50627,40,56,16,10,20,10,0.333,0.800
50628,30,45,15,6,14,8,0.228,0.561
50629,35,52,17,8,17,9,0.228,0.811
50630,34,50,16,8,17,9,0.294,0.800
50632,40,57,17,11,21,10,0.306,0.822
50633,37,53,16,9,18,9,0.256,0.778
50634,39,56,17,10,20,10,0.233,0.811
50635,39,56,17,10,20,10,0.306,0.822
50636,40,56,16,10,20,10,0.294,0.878
50638,37,53,16,9,18,9,0.328,0.772
50641,34,50,16,8,16,8,0.228,0.811
50642,37,53,16,9,18,9,0.328,0.772
50643,38,55,17,9,19,10,0.233,0.811
50644,37,54,17,10,19,9,0.228,0.811
50645,36,52,16,9,18,9,0.294,0.800
50647,37,54,17,9,19,10,0.239,0.756
50648,38,55,17,9,19,10,0.228,0.811
50650,31,48,17,7,14,7,0.228,0.811
50651,41,58,17,11,21,10,0.233,0.811
50652,38,55,17,9,19,10,0.306,0.822
50653,38,54,16,10,19,9,0.333,0.878
50654,32,49,17,7,16,9,0.217,0.783
50655,31,46,15,7,14,7,0.278,0.617
50658,37,54,17,9,19,10,0.294,0.800
50659,34,50,16,8,17,9,0.294,0.800
50660,38,55,17,9,19,10,0.294,0.878
50662,32,48,16,7,15,8,0.278,0.617
50664,34,51,17,8,16,8,0.278,0.617
50665,38,55,17,9,19,10,0.294,0.878
50666,37,54,17,9,19,10,0.239,0.756
50667,38,55,17,9,19,10,0.233,0.811
50668,35,52,17,8,17,9,0.239,0.756
50669,39,56,17,10,19,9,0.328,0.772
50670,38,55,17,9,19,10,0.294,0.878
50671,31,48,17,7,14,7,0.228,0.811
50672,39,56,17,10,20,10,0.333,0.800
50673,38,54,16,9,19,10,0.328,0.772
50674,34,50,16,8,16,8,0.239,0.756
50675,40,57,17,10,21,11,0.306,0.822
50676,36,52,16,8,17,9,0.239,0.756
50677,37,54,17,9,18,9,0.239,0.756
50680,37,54,17,9,18,9,0.328,0.772
50681,33,49,16,7,15,8,0.278,0.617
50682,34,51,17,8,16,8,0.228,0.811
50701,38,55,17,9,19,10,0.233,0.811
50702,38,55,17,9,19,10,0.233,0.811
50703,38,54,16,9,19,10,0.233,0.811
50707,39,55,16,10,19,9,0.233,0.811
50801,48,65,17,13,24,11,0.250,0.522
50830,47,64,17,12,24,12,0.250,0.522
50833,52,69,17,15,27,12,0.389,0.650
50835,51,68,17,14,26,12,0.294,0.561
50836,54,71,17,16,29,13,0.389,0.650
50837,49,66,17,13,25,12,0.244,0.461
50839,48,64,16,13,24,11,0.439,0.733
50840,49,66,17,13,25,12,0.389,0.650
50841,48,65,17,13,24,11,0.439,0.733
50842,48,65,17,13,24,11,0.250,0.522
50843,48,65,17,12,24,12,0.367,0.689
50845,49,66,17,13,25,12,0.294,0.561
50846,50,67,17,13,25,12,0.244,0.461
50847,52,69,17,15,27,12,0.517,0.906
50848,51,67,16,14,26,12,0.389,0.650
50849,50,66,16,13,25,12,0.244,0.461
50851,48,65,17,13,24,11,0.389,0.650
50853,48,64,16,12,23,11,0.367,0.689
50854,48,66,18,13,24,11,0.294,0.561
50857,51,68,17,14,26,12,0.439,0.733
50858,49,65,16,13,24,11,0.244,0.461
50859,48,65,17,13,24,11,0.439,0.733
50860,53,70,17,15,28,13,0.294,0.561
50861,46,63,17,12,23,11,0.250,0.522
50862,50,67,17,14,25,11,0.389,0.650
50863,45,62,17,12,22,10,0.294,0.561
50864,53,70,17,15,28,13,0.517,0.906
51001,43,59,16,10,20,10,0.289,0.483
51002,33,48,15,6,14,8,0.233,0.406
51003,39,54,15,9,17,8,0.328,0.472
51004,44,60,16,10,20,10,0.344,0.572
51005,36,51,15,7,15,8,0.239,0.389
51006,41,58,17,9,19,10,0.222,0.411
51007,45,61,16,11,22,11,0.344,0.572
51008,44,60,16,11,22,11,0.289,0.483
51009,36,52,16,8,16,8,0.294,0.450
51010,47,63,16,12,22,10,0.372,0.644
51011,42,58,16,10,19,9,0.328,0.472
51012,38,54,16,8,17,9,0.239,0.389
51014,38,53,15,8,17,9,0.239,0.389
51016,41,57,16,9,19,10,0.344,0.572
51018,39,55,16,9,18,9,0.344,0.572
51019,42,59,17,10,20,10,0.344,0.572
51020,37,53,16,8,17,9,0.222,0.411
51022,37,52,15,8,16,8,0.328,0.472
51023,42,58,16,10,19,9,0.328,0.472
51024,43,59,16,10,20,10,0.289,0.483
51025,38,54,16,8,17,9,0.222,0.411
51026,50,66,16,13,25,12,0.344,0.572
51027,39,54,15,9,17,8,0.328,0.472
51028,41,57,16,9,19,10,0.289,0.483
51029,37,52,15,8,16,8,0.239,0.389
51030,44,60,16,11,21,10,0.344,0.572
51031,43,59,16,11,20,9,0.289,0.483
51033,35,51,16,7,15,8,0.233,0.406
51034,44,61,17,11,21,10,0.372,0.644
51035,38,53,15,8,17,9,0.239,0.389
51036,41,57,16,9,18,9,0.328,0.472
51037,37,53,16,8,17,9,0.239,0.389
51038,43,59,16,10,20,10,0.289,0.483
51039,44,60,16,10,20,10,0.344,0.572
51040,53,69,16,15,27,12,0.372,0.644
51041,39,55,16,9,17,8,0.328,0.472
51044,45,61,16,11,21,10,0.344,0.572
51046,37,53,16,8,17,9,0.294,0.450
51047,36,51,15,8,15,7,0.250,0.494
51048,40,56,16,9,18,9,0.344,0.572
51049,39,54,15,8,17,9,0.239,0.389
51050,39,55,16,9,18,9,0.289,0.483
51051,48,65,17,13,23,10,0.372,0.644
51052,49,65,16,13,24,11,0.344,0.572
51053,35,51,16,7,15,8,0.278,0.578
51054,47,62,15,12,23,11,0.344,0.572
51055,52,68,16,15,26,11,0.344,0.572
51056,46,62,16,11,21,10,0.344,0.572
51058,36,52,16,8,16,8,0.294,0.450
51060,44,60,16,11,21,10,0.372,0.644
51061,39,55,16,9,18,9,0.239,0.389
51062,45,61,16,11,21,10,0.289,0.483
51063,53,69,16,16,27,11,0.372,0.644
51101,45,61,16,11,21,10,0.344,0.572
51103,45,62,17,11,22,11,0.344,0.572
51104,45,61,16,11,21,10,0.344,0.572
51105,44,60,16,11,21,10,0.344,0.572
51106,44,60,16,11,21,10,0.344,0.572
51108,44,60,16,11,21,10,0.344,0.572
51109,46,62,16,11,22,11,0.344,0.572
51111,46,62,16,11,22,11,0.344,0.572
51201,38,53,15,9,17,8,0.294,0.450
51230,38,53,15,8,16,8,0.283,0.417
51231,38,53,15,9,17,8,0.294,0.450
51232,35,50,15,8,16,8,0.283,0.417
51234,37,52,15,8,17,9,0.328,0.472
51235,39,54,15,9,17,8,0.283,0.417
51237,36,52,16,8,16,8,0.283,0.417
51238,38,53,15,9,17,8,0.328,0.472
51239,38,53,15,8,17,9,0.328,0.472
51240,38,53,15,8,17,9,0.283,0.417
51241,35,50,15,7,15,8,0.283,0.417
51242,37,52,15,8,16,8,0.283,0.417
51243,32,47,15,6,13,7,0.283,0.417
51244,37,52,15,9,17,8,0.328,0.472
51245,38,53,15,9,17,8,0.294,0.450
51246,38,53,15,9,17,8,0.283,0.417
51247,40,56,16,9,18,9,0.328,0.472
51248,35,51,16,8,16,8,0.294,0.450
51249,31,45,14,6,12,6,0.283,0.417
51250,41,57,16,9,18,9,0.328,0.472
51301,36,51,15,7,16,9,0.250,0.494
51331,32,46,14,6,13,7,0.200,0.328
51333,35,50,15,7,15,8,0.250,0.494
51334,31,46,15,6,13,7,0.189,0.333
51338,35,50,15,7,15,8,0.250,0.494
51341,35,51,16,7,16,9,0.250,0.494
51342,34,49,15,7,15,8,0.244,0.478
51343,35,51,16,7,15,8,0.250,0.494
51345,31,46,15,6,13,7,0.283,0.417
51346,35,50,15,7,15,8,0.294,0.450
51347,31,46,15,6,13,7,0.200,0.328
51350,33,48,15,7,14,7,0.283,0.417
51351,32,47,15,6,13,7,0.200,0.328
51354,31,46,15,6,13,7,0.283,0.417
51355,32,46,14,6,13,7,0.200,0.328
51357,35,51,16,7,15,8,0.250,0.494
51358,34,50,16,7,15,8,0.244,0.478
51360,31,46,15,6,13,7,0.200,0.328
51363,31,45,14,6,13,7,0.200,0.328
51364,32,47,15,6,14,8,0.200,0.328
51365,33,48,15,6,14,8,0.189,0.333
51366,35,51,16,7,15,8,0.250,0.494
51401,43,59,16,10,20,10,0.322,0.644
51430,41,57,16,9,19,10,0.322,0.644
51431,39,55,16,8,17,9,0.222,0.411
51433,42,58,16,10,20,10,0.278,0.578
51436,41,57,16,9,19,10,0.322,0.644
51439,42,58,16,10,19,9,0.278,0.539
51440,45,61,16,11,22,11,0.322,0.644
51441,41,58,17,10,19,9,0.278,0.539
51442,43,59,16,10,20,10,0.278,0.539
51443,44,61,17,11,21,10,0.322,0.644
51444,42,58,16,10,19,9,0.322,0.644
51445,40,56,16,9,18,9,0.222,0.411
51446,45,61,16,11,21,10,0.256,0.511
51447,45,62,17,11,21,10,0.256,0.511
51448,40,57,17,9,19,10,0.278,0.539
51449,42,58,16,10,20,10,0.283,0.572
51450,40,56,16,9,19,10,0.278,0.578
51451,44,60,16,11,21,10,0.322,0.644
51453,42,59,17,10,20,10,0.283,0.572
51454,43,59,16,10,20,10,0.278,0.539
51455,42,58,16,10,20,10,0.322,0.644
51458,39,55,16,8,17,9,0.278,0.578
51459,45,61,16,11,22,11,0.322,0.644
51461,40,56,16,9,18,9,0.278,0.539
51462,46,62,16,12,23,11,0.367,0.783
51463,44,60,16,11,21,10,0.322,0.644
51465,41,57,16,9,19,10,0.278,0.539
51466,40,56,16,9,18,9,0.278,0.578
51467,40,56,16,9,18,9,0.278,0.539
51501,55,71,16,16,29,13,0.378,0.700
51503,52,69,17,14,27,13,0.378,0.700
51510,56,72,16,17,30,13,0.378,0.700
51520,46,62,16,11,22,11,0.278,0.539
51521,48,65,17,12,24,12,0.378,0.700
51523,55,70,15,16,29,13,0.372,0.644
51525,51,68,17,14,26,12,0.378,0.700
51526,52,68,16,14,26,12,0.378,0.700
51527,45,61,16,11,21,10,0.256,0.511
51528,45,61,16,11,21,10,0.278,0.539
51529,47,63,16,12,23,11,0.356,0.639
51530,44,60,16,11,21,10,0.256,0.511
51531,46,63,17,12,22,10,0.256,0.511
51532,53,69,16,15,27,12,0.517,0.906
51533,56,72,16,16,30,14,0.489,0.844
51534,55,71,16,16,29,13,0.489,0.844
51535,51,68,17,14,26,12,0.367,0.689
51536,48,65,17,12,24,12,0.378,0.700
51537,47,63,16,12,23,11,0.256,0.511
51540,57,73,16,17,31,14,0.489,0.844
51541,54,70,16,15,28,13,0.489,0.844
51542,51,67,16,14,26,12,0.378,0.700
51543,45,62,17,11,21,10,0.311,0.583
51544,50,66,16,13,25,12,0.367,0.689
51545,54,70,16,16,28,12,0.356,0.639
51546,50,66,16,13,25,12,0.356,0.639
51548,50,67,17,13,25,12,0.378,0.700
51549,53,69,16,15,27,12,0.378,0.700
51550,51,67,16,14,26,12,0.356,0.639
51551,58,74,16,18,32,14,0.489,0.844
51552,48,65,17,12,24,12,0.367,0.689
51553,48,64,16,12,23,11,0.378,0.700
51554,53,70,17,15,28,13,0.489,0.844
51555,52,68,16,14,27,13,0.356,0.639
51556,54,70,16,16,28,12,0.356,0.639
51557,54,70,16,16,28,12,0.356,0.639
51558,48,64,16,12,23,11,0.372,0.644
51559,50,66,16,13,25,12,0.378,0.700
51560,49,66,17,13,24,11,0.378,0.700
51561,57,73,16,17,31,14,0.489,0.844
51562,45,62,17,11,21,10,0.256,0.511
51563,48,64,16,12,23,11,0.356,0.639
51564,49,65,16,13,24,11,0.356,0.639
51565,46,62,16,11,22,11,0.256,0.511
51566,56,72,16,16,30,14,0.517,0.906
51570,47,64,17,12,23,11,0.256,0.511
51571,54,70,16,15,28,13,0.489,0.844
51572,47,63,16,12,22,10,0.372,0.644
51573,53,70,17,15,28,13,0.517,0.906
51575,51,68,17,14,26,12,0.378,0.700
51576,51,67,16,13,25,12,0.378,0.700
51577,47,64,17,12,23,11,0.378,0.700
51578,44,60,16,10,20,10,0.256,0.511
51579,49,65,16,13,24,11,0.356,0.639
51601,60,76,16,20,34,14,0.589,1.111
51630,57,74,17,17,31,14,0.589,1.111
51631,57,73,16,17,31,14,0.589,1.111
51632,55,72,17,16,30,14,0.589,1.111
51636,58,74,16,18,32,14,0.589,1.111
51637,56,73,17,17,30,13,0.589,1.111
51638,58,75,17,18,32,14,0.589,1.111
51639,61,77,16,20,35,15,0.589,1.111
51640,62,78,16,20,35,16,0.589,1.111
51645,60,76,16,19,34,15,0.589,1.111
51646,53,69,16,15,27,12,0.389,0.650
51647,58,75,17,18,32,14,0.589,1.111
51648,58,74,16,18,32,14,0.589,1.111
51649,60,76,16,20,35,15,0.589,1.111
51650,61,77,16,20,35,15,0.589,1.111
51652,60,77,17,19,35,16,0.589,1.111
51653,57,74,17,18,32,14,0.589,1.111
51654,58,74,16,18,32,14,0.589,1.111
51656,55,71,16,16,29,13,0.589,1.111
52001,38,56,18,11,21,10,0.317,0.783
52002,35,52,17,9,18,9,0.317,0.783
52003,34,51,17,9,17,8,0.317,0.783
52030,36,54,18,9,19,10,0.261,1.078
52031,35,53,18,9,18,9,0.261,1.078
52032,33,50,17,8,16,8,0.261,1.078
52033,36,53,17,10,18,8,0.317,0.783
52035,31,48,17,7,15,8,0.217,0.783
52037,37,56,19,10,20,10,0.317,1.194
52038,32,49,17,7,15,8,0.217,0.783
52039,33,49,16,8,16,8,0.317,0.783
52040,32,48,16,8,15,7,0.317,0.783
52041,33,49,16,8,16,8,0.217,0.783
52042,31,48,17,7,15,8,0.356,0.761
52043,36,53,17,9,18,9,0.356,0.761
52044,38,55,17,10,19,9,0.356,0.761
52045,31,47,16,7,15,8,0.317,0.783
52046,31,48,17,7,15,8,0.317,0.783
52047,32,48,16,7,15,8,0.356,0.761
52048,34,50,16,8,17,9,0.356,0.761
52049,34,50,16,9,17,8,0.356,0.761
52050,30,46,16,7,14,7,0.217,0.783
52052,36,53,17,10,18,8,0.356,0.761
52053,31,47,16,7,15,8,0.317,0.783
52054,31,48,17,7,15,8,0.261,1.078
52057,33,50,17,8,16,8,0.217,0.783
52060,37,55,18,10,20,10,0.261,1.078
52064,36,55,19,10,19,9,0.261,1.078
52065,30,46,16,7,14,7,0.317,0.783
52066,34,51,17,9,17,8,0.356,0.761
52068,29,45,16,6,14,8,0.317,0.783
52069,37,56,19,10,20,10,0.261,1.078
52070,39,58,19,11,21,10,0.261,1.078
52072,33,49,16,8,16,8,0.356,0.761
52073,35,52,17,9,18,9,0.317,0.783
52074,38,56,18,10,20,10,0.261,1.078
52076,31,48,17,7,15,8,0.356,0.761
52077,36,52,16,9,17,8,0.356,0.761
52078,34,51,17,9,17,8,0.317,0.783
52079,31,48,17,7,15,8,0.261,1.078
52101,30,45,15,6,13,7,0.278,0.550
52132,29,44,15,6,13,7,0.278,0.550
52133,28,43,15,6,12,6,0.278,0.550
52134,27,42,15,5,12,7,0.228,0.561
52135,34,50,16,8,16,8,0.278,0.617
52136,28,42,14,5,12,7,0.228,0.561
52140,29,44,15,6,13,7,0.339,0.694
52141,33,50,17,8,16,8,0.278,0.617
52142,31,47,16,7,14,7,0.278,0.617
52144,31,46,15,7,14,7,0.278,0.550
52146,37,53,16,10,19,9,0.339,0.694
52147,31,47,16,7,15,8,0.278,0.617
52151,32,47,15,8,15,7,0.339,0.694
52154,33,48,15,7,15,8,0.294,0.800
52155,27,41,14,5,12,7,0.228,0.561
52156,30,45,15,7,14,7,0.356,0.761
52157,36,52,16,10,18,8,0.356,0.761
52158,41,57,16,12,21,9,0.356,0.761
52159,30,45,15,7,14,7,0.356,0.761
52160,33,48,15,8,16,8,0.339,0.694
52161,28,43,15,6,12,6,0.278,0.550
52162,29,44,15,6,13,7,0.339,0.694
52163,29,45,16,6,13,7,0.228,0.561
52164,31,47,16,7,14,7,0.278,0.617
52165,29,44,15,6,13,7,0.278,0.550
52166,31,47,16,7,15,8,0.278,0.617
52168,30,45,15,6,14,8,0.278,0.550
52169,33,50,17,8,16,8,0.278,0.617
52170,31,46,15,7,15,8,0.339,0.694
52171,33,48,15,7,15,8,0.278,0.617
52172,27,42,15,6,12,6,0.339,0.694
52175,31,46,15,7,14,7,0.278,0.617
52201,52,71,19,16,31,15,0.494,1.322
52202,42,59,17,11,22,11,0.311,0.989
52203,45,63,18,13,25,12,0.339,0.950
52205,39,57,18,11,21,10,0.311,1.011
52206,41,58,17,11,21,10,0.300,0.944
52207,37,55,18,10,19,9,0.261,1.078
52208,43,61,18,12,23,11,0.300,0.944
52209,43,60,17,12,23,11,0.300,0.944
52210,40,57,17,10,20,10,0.228,0.811
52211,47,64,17,14,26,12,0.306,0.889
52212,37,54,17,10,19,9,0.311,1.011
52213,41,59,18,11,22,11,0.311,0.989
52214,40,57,17,11,21,10,0.311,0.989
52215,43,61,18,12,23,11,0.306,0.822
52216,40,59,19,11,22,11,0.361,1.133
52217,42,59,17,11,22,11,0.306,0.822
52218,37,54,17,9,19,10,0.311,0.989
52219,36,53,17,9,18,9,0.311,0.989
52220,45,63,18,12,24,12,0.339,0.950
52221,46,64,18,13,25,12,0.306,0.889
52222,46,64,18,13,25,12,0.306,0.889
52223,33,50,17,8,16,8,0.217,0.783
52224,40,58,18,10,21,11,0.306,0.822
52225,42,59,17,11,22,11,0.306,0.822
52227,43,61,18,12,23,11,0.311,0.989
52228,40,58,18,11,22,11,0.311,0.989
52229,40,57,17,10,21,11,0.300,0.944
52231,50,68,18,15,28,13,0.494,1.244
52232,46,63,17,13,25,12,0.306,0.889
52233,44,62,18,13,24,11,0.311,0.989
52235,53,71,18,17,31,14,0.461,1.294
52236,45,63,18,13,25,12,0.339,0.950
52237,36,53,17,9,18,9,0.217,0.783
52240,51,69,18,16,29,13,0.461,1.294
52241,50,69,19,15,29,14,0.461,1.294
52242,52,70,18,16,30,14,0.461,1.294
52245,50,69,19,15,29,14,0.461,1.294
52246,51,70,19,16,30,14,0.461,1.294
52247,51,69,18,16,29,13,0.494,1.322
52248,51,70,19,16,30,14,0.494,1.244
52249,41,58,17,11,22,11,0.300,0.944
52251,46,63,17,13,25,12,0.339,0.950
52253,42,60,18,12,23,11,0.311,0.989
52254,40,58,18,11,21,10,0.317,1.194
52255,42,60,18,12,23,11,0.361,1.133
52257,42,59,17,11,22,11,0.300,0.944
52301,45,63,18,13,25,12,0.339,0.950
52302,44,62,18,13,24,11,0.311,0.989
52305,40,58,18,11,21,10,0.311,1.011
52306,41,59,18,11,22,11,0.361,1.133
52307,46,64,18,13,25,12,0.339,0.950
52308,46,64,18,13,25,12,0.339,0.950
52309,37,55,18,10,19,9,0.261,1.078
52310,38,55,17,10,20,10,0.311,1.011
52312,41,59,18,11,22,11,0.311,1.011
52313,43,60,17,12,23,11,0.300,0.944
52314,43,61,18,12,23,11,0.311,0.989
52315,40,58,18,11,21,10,0.300,0.944
52316,48,66,18,14,27,13,0.339,0.950
52317,47,65,18,14,26,12,0.461,1.294
52318,43,60,17,12,23,11,0.300,0.944
52320,41,59,18,11,22,11,0.311,1.011
52321,36,54,18,10,19,9,0.311,1.011
52322,47,65,18,14,26,12,0.461,1.294
52323,41,59,18,12,22,10,0.311,1.011
52324,43,61,18,12,23,11,0.311,0.989
52325,48,66,18,14,27,13,0.339,0.950
52326,37,54,17,9,19,10,0.228,0.811
52327,51,70,19,16,30,14,0.494,1.322
52328,43,61,18,12,23,11,0.311,0.989
52329,37,54,17,9,19,10,0.228,0.811
52330,34,51,17,8,17,9,0.217,0.783
52332,42,60,18,12,23,11,0.300,0.944
52333,45,63,18,13,24,11,0.461,1.294
52334,45,63,18,13,25,12,0.339,0.950
52335,48,67,19,14,27,13,0.494,1.244
52336,41,59,18,11,21,10,0.311,0.989
52337,40,59,19,11,22,11,0.361,1.133
52338,43,62,19,12,24,12,0.461,1.294
52339,43,60,17,12,23,11,0.306,0.822
52340,49,67,18,15,27,12,0.461,1.294
52341,44,61,17,12,23,11,0.311,0.989
52342,41,58,17,11,22,11,0.306,0.822
52345,42,59,17,11,22,11,0.300,0.944
52346,41,58,17,11,22,11,0.300,0.944
52347,46,64,18,13,25,12,0.339,0.950
52348,42,59,17,11,22,11,0.306,0.822
52349,42,59,17,11,22,11,0.300,0.944
52351,42,60,18,11,22,11,0.300,0.944
52352,38,56,18,10,19,9,0.311,0.989
52353,55,73,18,18,33,15,0.494,1.322
52354,43,61,18,12,23,11,0.300,0.944
52355,48,66,18,14,27,13,0.494,1.244
52356,50,69,19,16,29,13,0.494,1.322
52358,47,65,18,14,26,12,0.361,1.133
52359,53,71,18,17,31,14,0.494,1.322
52361,46,64,18,13,25,12,0.339,0.950
52362,38,56,18,10,20,10,0.311,1.011
52401,44,62,18,12,24,12,0.311,0.989
52402,44,62,18,13,24,11,0.311,0.989
52403,44,62,18,13,24,11,0.311,0.989
52404,43,61,18,12,23,11,0.311,0.989
52405,43,61,18,12,23,11,0.311,0.989
52411,44,62,18,12,24,12,0.311,0.989
52501,52,70,18,16,29,13,0.433,1.056
52530,52,70,18,16,29,13,0.433,1.056
52531,49,66,17,15,27,12,0.339,0.722
52533,54,72,18,17,31,14,0.550,1.406
52534,48,65,17,14,26,12,0.306,0.772
52535,58,76,18,19,34,15,0.578,1.550
52536,50,68,18,15,27,12,0.433,1.056
52537,53,71,18,16,30,14,0.389,0.994
52540,55,73,18,18,32,14,0.494,1.322
52542,58,76,18,19,34,15,0.578,1.550
52543,48,66,18,14,26,12,0.306,0.772
52544,49,67,18,14,26,12,0.294,0.700
52548,50,68,18,15,28,13,0.433,1.056
52549,51,68,17,15,26,11,0.294,0.700
52550,50,68,18,15,28,13,0.494,1.244
52551,59,76,17,20,34,14,0.578,1.550
52552,53,70,17,16,29,13,0.389,0.994
52553,50,68,18,15,27,12,0.433,1.056
52554,56,74,18,18,32,14,0.433,1.056
52555,51,68,17,15,27,12,0.294,0.700
52556,56,74,18,18,33,15,0.550,1.406
52557,56,74,18,19,33,14,0.550,1.406
52560,55,73,18,18,32,14,0.389,0.994
52561,48,66,18,14,26,12,0.306,0.772
52563,50,68,18,15,28,13,0.494,1.244
52565,61,79,18,21,36,15,0.578,1.550
52566,48,66,18,14,26,12,0.433,1.056
52567,56,74,18,18,33,15,0.550,1.406
52569,47,64,17,14,25,11,0.339,0.722
52570,57,75,18,19,33,14,0.578,1.550
52571,47,65,18,14,25,11,0.294,0.700
52572,51,68,17,15,27,12,0.294,0.700
52573,60,78,18,20,35,16,0.578,1.550
52574,48,65,17,14,25,11,0.294,0.700
52576,52,70,18,16,29,13,0.494,1.244
52577,48,65,17,14,26,12,0.306,0.772
52580,53,71,18,17,30,13,0.550,1.406
52581,47,64,17,14,25,11,0.294,0.700
52583,48,65,17,13,24,11,0.256,0.594
52584,55,73,18,18,32,14,0.389,0.994
52585,54,72,18,17,31,14,0.494,1.244
52586,49,67,18,15,27,12,0.306,0.772
52588,57,75,18,19,33,14,0.578,1.550
52590,49,66,17,14,25,11,0.256,0.594
52591,50,68,18,15,28,13,0.494,1.244
52593,49,67,18,14,26,12,0.294,0.700
52594,51,68,17,15,28,13,0.294,0.700
52595,48,65,17,13,25,12,0.306,0.772
52601,51,71,20,15,30,15,0.544,1.800
52619,58,77,19,19,35,16,0.456,1.461
52620,58,77,19,19,35,16,0.578,1.550
52621,53,72,19,17,31,14,0.494,1.322
52623,52,71,19,16,31,15,0.544,1.800
52624,53,72,19,16,32,16,0.456,1.461
52625,56,75,19,17,33,16,0.456,1.461
52626,58,77,18,19,35,16,0.578,1.550
52627,55,74,19,17,33,16,0.456,1.461
52630,56,74,18,18,33,15,0.522,1.494
52632,59,78,19,19,36,17,0.456,1.461
52635,55,74,19,18,33,15,0.550,1.406
52637,50,70,20,15,30,15,0.544,1.800
52638,50,70,20,15,30,15,0.544,1.800
52639,57,77,20,18,35,17,0.456,1.461
52640,50,70,20,16,30,14,0.556,1.800
52641,54,73,19,18,32,14,0.522,1.494
52644,52,71,19,16,30,14,0.522,1.494
52645,52,72,20,16,31,15,0.522,1.494
52646,52,72,20,17,32,15,0.556,1.800
52647,53,71,18,17,31,14,0.522,1.494
52649,55,74,19,17,33,16,0.522,1.494
52650,50,70,20,15,30,15,0.544,1.800
52651,56,75,19,18,33,15,0.578,1.550
52653,52,71,19,17,31,14,0.556,1.800
52654,54,73,19,18,32,14,0.522,1.494
52655,50,70,20,15,29,14,0.544,1.800
52656,54,73,19,17,32,15,0.456,1.461
52657,55,74,19,17,32,15,0.456,1.461
52658,54,74,20,17,33,16,0.456,1.461
52659,52,71,19,17,31,14,0.522,1.494
52660,51,70,19,16,30,14,0.544,1.800
52701,37,57,20,10,20,10,0.317,1.194
52720,49,67,18,15,28,13,0.550,1.594
52721,43,62,19,13,24,11,0.361,1.133
52722,45,64,19,13,26,13,0.356,1.228
52726,46,66,20,13,27,14,0.356,1.228
52727,36,55,19,10,19,9,0.317,1.194
52728,48,67,19,14,28,14,0.356,1.228
52729,43,62,19,12,24,12,0.317,1.194
52730,43,63,20,12,24,12,0.317,1.194
52731,37,56,19,10,20,10,0.317,1.194
52732,41,61,20,12,23,11,0.317,1.194
52737,52,71,19,16,30,14,0.556,1.800
52738,52,71,19,17,31,14,0.556,1.800
52739,53,72,19,17,31,14,0.550,1.594
52742,41,60,19,11,22,11,0.317,1.194
52745,44,63,19,13,25,12,0.356,1.228
52746,43,62,19,12,24,12,0.356,1.228
52747,45,64,19,13,26,13,0.361,1.133
52748,42,61,19,11,23,12,0.356,1.228
52749,54,73,19,18,33,15,0.550,1.594
52750,38,57,19,10,20,10,0.317,1.194
52751,41,60,19,12,23,11,0.317,1.194
52752,51,71,20,16,31,15,0.556,1.800
52753,43,63,20,12,25,13,0.356,1.228
52754,52,71,19,17,31,14,0.556,1.800
52755,51,70,19,16,30,14,0.461,1.294
52756,42,61,19,12,23,11,0.356,1.228
52757,42,62,20,12,23,11,0.317,1.194
52758,43,63,20,12,24,12,0.356,1.228
52760,48,67,19,15,28,13,0.550,1.594
52761,53,72,19,17,32,15,0.550,1.594
52765,44,63,19,13,25,12,0.356,1.228
52766,52,71,19,17,31,14,0.550,1.594
52767,44,64,20,13,26,13,0.356,1.228
52768,43,62,19,12,24,12,0.356,1.228
52769,45,65,20,13,26,13,0.550,1.594
52772,44,62,18,13,24,11,0.361,1.133
52773,45,64,19,13,25,12,0.356,1.228
52774,38,57,19,10,20,10,0.317,1.194
52776,49,68,19,15,29,14,0.550,1.594
52777,43,62,19,12,24,12,0.317,1.194
52778,47,65,18,14,27,13,0.550,1.594
52801,45,65,20,13,26,13,0.356,1.228
52802,47,66,19,14,27,13,0.356,1.228
52803,45,65,20,13,26,13,0.356,1.228
52804,46,65,19,13,26,13,0.356,1.228
52806,44,64,20,13,25,12,0.356,1.228
52807,44,64,20,12,25,13,0.356,1.228
53001,24,36,12,6,10,4,0.183,0.411
53002,26,38,12,6,11,5,0.150,0.400
53003,30,43,13,7,13,6,0.256,0.689
53004,18,28,10,4,8,4,0.122,0.417
53005,30,43,13,8,14,6,0.222,0.561
53006,24,37,13,5,10,5,0.256,0.689
53007,31,44,13,8,14,6,0.222,0.561
53010,26,38,12,6,11,5,0.183,0.411
53011,24,36,12,6,10,4,0.183,0.411
53012,21,32,11,5,10,5,0.122,0.417
53013,17,27,10,4,7,3,0.183,0.411
53014,25,36,11,6,10,4,0.233,0.411
53015,15,24,9,3,7,4,0.233,0.411
53016,30,43,13,7,13,6,0.256,0.689
53017,24,36,12,6,10,4,0.150,0.400
53018,29,43,14,7,13,6,0.222,0.561
53019,24,35,11,5,10,5,0.183,0.411
53020,23,33,10,5,9,4,0.183,0.411
53021,23,34,11,6,10,4,0.122,0.417
53022,23,35,12,6,10,4,0.150,0.400
53023,26,37,11,6,10,4,0.183,0.411
53024,18,28,10,4,8,4,0.122,0.417
53027,26,38,12,6,11,5,0.150,0.400
53029,29,42,13,7,13,6,0.222,0.561
53031,23,34,11,6,10,4,0.183,0.411
53032,27,40,13,6,11,5,0.256,0.689
53033,23,35,12,5,10,5,0.150,0.400
53034,29,42,13,7,13,6,0.256,0.689
53035,26,39,13,6,11,5,0.256,0.689
53036,31,45,14,8,15,7,0.283,0.733
53037,23,35,12,6,10,4,0.150,0.400
53038,34,48,14,9,16,7,0.283,0.733
53039,29,42,13,7,12,5,0.256,0.689
53040,26,37,11,6,11,5,0.150,0.400
53042,23,34,11,5,9,4,0.233,0.411
53044,20,31,11,4,8,4,0.183,0.411
53045,28,40,12,7,12,5,0.222,0.561
53046,24,36,12,6,10,4,0.222,0.561
53047,31,44,13,8,14,6,0.256,0.689
53048,25,38,13,6,11,5,0.256,0.689
53049,24,35,11,5,10,5,0.183,0.411
53050,26,38,12,6,11,5,0.256,0.689
53051,26,39,13,7,12,5,0.222,0.561
53057,25,36,11,6,10,4,0.183,0.411
53058,29,43,14,7,13,6,0.222,0.561
53059,28,41,13,7,12,5,0.256,0.689
53061,26,38,12,6,11,5,0.233,0.411
53063,15,25,10,3,6,3,0.233,0.411
53065,24,36,12,5,10,5,0.183,0.411
53066,30,44,14,8,14,6,0.222,0.561
53069,30,43,13,7,13,6,0.222,0.561
53070,16,26,10,4,6,2,0.183,0.411
53072,29,42,13,7,13,6,0.222,0.561
53073,22,33,11,5,9,4,0.183,0.411
53074,15,24,9,4,7,3,0.122,0.417
53075,24,35,11,6,10,4,0.183,0.411
53076,23,34,11,5,10,5,0.150,0.400
53078,27,39,12,6,11,5,0.256,0.689
53079,26,37,11,6,10,4,0.183,0.411
53080,21,31,10,5,9,4,0.122,0.417
53081,16,25,9,3,7,4,0.183,0.411
53083,18,28,10,4,8,4,0.183,0.411
53085,20,31,11,4,8,4,0.183,0.411
53086,25,37,12,6,10,4,0.150,0.400
53088,23,34,11,5,9,4,0.233,0.411
53089,26,38,12,6,11,5,0.222,0.561
53090,25,36,11,6,11,5,0.150,0.400
53091,26,38,12,6,11,5,0.256,0.689
53092,20,30,10,5,9,4,0.122,0.417
53093,22,34,12,5,9,4,0.183,0.411
53094,33,47,14,9,16,7,0.283,0.733
53095,24,36,12,6,11,5,0.150,0.400
53097,22,33,11,6,10,4,0.122,0.417
53098,32,46,14,9,15,6,0.256,0.689
53103,30,44,14,8,14,6,0.222,0.561
53104,29,44,15,7,14,7,0.189,0.528
53105,33,47,14,9,16,7,0.200,0.561
53108,23,35,12,5,10,5,0.200,0.561
53110,17,28,11,4,8,4,0.222,0.544
53114,35,50,15,9,17,8,0.239,0.778
53115,35,50,15,10,17,7,0.239,0.778
53118,33,47,14,9,15,6,0.222,0.561
53119,34,49,15,9,16,7,0.222,0.561
53120,34,49,15,10,17,7,0.239,0.778
53121,36,51,15,10,18,8,0.239,0.778
53122,31,44,13,8,14,6,0.222,0.561
53125,36,51,15,10,18,8,0.239,0.778
53126,25,38,13,6,11,5,0.200,0.561
53128,35,50,15,10,17,7,0.239,0.778
53129,26,38,12,6,12,6,0.222,0.544
53130,28,41,13,7,13,6,0.222,0.544
53132,25,38,13,6,11,5,0.222,0.544
53137,34,48,14,9,16,7,0.283,0.733
53139,30,44,14,8,14,6,0.200,0.561
53140,16,26,10,4,7,3,0.189,0.528
53142,20,32,12,5,10,5,0.189,0.528
53143,16,27,11,4,8,4,0.189,0.528
53144,19,31,12,5,9,4,0.189,0.528
53146,28,41,13,7,13,6,0.222,0.561
53147,38,54,16,11,20,9,0.239,0.778
53149,33,47,14,9,16,7,0.222,0.561
53150,29,42,13,8,13,5,0.222,0.561
53151,29,42,13,7,13,6,0.222,0.561
53153,32,46,14,9,15,6,0.222,0.561
53154,19,30,11,4,8,4,0.222,0.544
53156,34,49,15,9,16,7,0.283,0.733
53158,19,31,12,5,9,4,0.189,0.528
53167,32,45,13,9,15,6,0.200,0.561
53168,31,45,14,8,15,7,0.189,0.528
53170,31,45,14,8,15,7,0.189,0.528
53172,17,28,11,4,8,4,0.222,0.544
53177,22,34,12,5,10,5,0.200,0.561
53178,34,48,14,9,16,7,0.283,0.733
53179,31,45,14,8,15,7,0.189,0.528
53181,33,48,15,9,16,7,0.189,0.528
53182,29,43,14,7,14,7,0.200,0.561
53183,31,44,13,8,14,6,0.222,0.561
53184,35,51,16,10,18,8,0.239,0.778
53185,30,44,14,8,14,6,0.200,0.561
53186,28,41,13,8,13,5,0.222,0.561
53188,30,43,13,8,14,6,0.222,0.561
53189,30,44,14,8,14,6,0.222,0.561
53190,33,48,15,9,16,7,0.239,0.778
53191,38,53,15,11,19,8,0.239,0.778
53192,31,45,14,8,15,7,0.189,0.528
53195,36,51,15,10,18,8,0.239,0.778
53202,18,29,11,5,8,3,0.222,0.544
53203,19,29,10,5,8,3,0.222,0.544
53204,20,31,11,5,8,3,0.222,0.544
53205,21,32,11,5,9,4,0.222,0.544
53206,21,33,12,5,10,5,0.222,0.544
53207,19,29,10,5,8,3,0.222,0.544
53208,23,34,11,6,10,4,0.222,0.544
53209,22,34,12,6,10,4,0.222,0.544
53210,25,36,11,6,11,5,0.222,0.544
53211,18,29,11,4,8,4,0.222,0.544
53212,20,31,11,5,9,4,0.222,0.544
53213,26,38,12,7,12,5,0.222,0.544
53214,27,40,13,7,12,5,0.222,0.544
53215,20,32,12,5,9,4,0.222,0.544
53216,25,37,12,6,12,6,0.222,0.544
53217,19,30,11,5,9,4,0.222,0.544
53218,26,38,12,7,12,5,0.222,0.544
53219,25,37,12,6,11,5,0.222,0.544
53220,26,38,12,6,12,6,0.222,0.544
53221,22,34,12,5,10,5,0.222,0.544
53222,30,43,13,8,14,6,0.222,0.544
53223,25,37,12,6,12,6,0.222,0.544
53224,28,40,12,7,13,6,0.222,0.544
53225,30,43,13,8,14,6,0.222,0.544
53226,31,44,13,8,14,6,0.222,0.544
53227,30,43,13,8,13,5,0.222,0.544
53228,29,41,12,7,13,6,0.222,0.544
53233,21,32,11,5,9,4,0.222,0.544
53235,18,28,10,4,8,4,0.222,0.544
53295,22,34,12,5,10,5,0.222,0.544
53402,16,25,9,3,7,4,0.200,0.561
53403,15,25,10,3,7,4,0.200,0.561
53404,16,25,9,3,7,4,0.200,0.561
53405,16,26,10,3,7,4,0.200,0.561
53406,18,29,11,4,8,4,0.200,0.561
53501,37,53,16,10,19,9,0.283,0.794
53502,34,50,16,9,17,8,0.244,0.589
53503,29,44,15,7,14,7,0.256,0.567
53504,32,48,16,8,16,8,0.256,0.594
53505,34,49,15,9,17,8,0.283,0.794
53506,29,43,14,7,13,6,0.256,0.567
53507,27,41,14,6,12,6,0.256,0.567
53508,31,46,15,8,14,6,0.272,0.650
53510,30,46,16,7,14,7,0.256,0.594
53511,35,52,17,10,18,8,0.283,0.794
53515,28,42,14,6,13,7,0.272,0.650
53516,30,46,16,7,15,8,0.256,0.594
53517,27,41,14,6,12,6,0.272,0.650
53518,33,48,15,8,15,7,0.228,0.489
53520,35,51,16,9,18,9,0.244,0.589
53521,29,44,15,7,13,6,0.272,0.650
53522,33,50,17,8,17,9,0.244,0.589
53523,33,47,14,9,15,6,0.283,0.733
53525,34,50,16,9,17,8,0.283,0.794
53526,26,40,14,5,11,6,0.256,0.567
53527,30,44,14,7,14,7,0.272,0.650
53528,27,41,14,6,12,6,0.272,0.650
53529,27,41,14,6,12,6,0.272,0.650
53530,31,47,16,8,15,7,0.256,0.594
53531,32,46,14,8,15,7,0.272,0.650
53532,28,42,14,6,12,6,0.272,0.650
53533,27,40,13,6,12,6,0.256,0.567
53534,34,49,15,9,16,7,0.283,0.794
53536,32,47,15,8,15,7,0.283,0.794
53537,36,52,16,10,19,9,0.283,0.794
53538,33,48,15,9,16,7,0.283,0.733
53540,31,46,15,7,14,7,0.228,0.489
53541,31,48,17,8,16,8,0.256,0.594
53543,27,42,15,6,12,6,0.256,0.567
53544,29,44,15,7,14,7,0.256,0.567
53545,37,53,16,11,19,8,0.283,0.794
53546,37,52,15,11,19,8,0.283,0.794
53548,37,53,16,11,19,8,0.283,0.794
53549,34,48,14,9,16,7,0.283,0.733
53550,33,49,16,8,16,8,0.244,0.589
53551,35,49,14,10,17,7,0.283,0.733
53553,27,41,14,6,12,6,0.256,0.567
53554,29,44,15,7,14,7,0.339,0.744
53555,29,42,13,7,13,6,0.217,0.489
53556,31,45,14,7,14,7,0.228,0.489
53557,31,45,14,8,14,6,0.256,0.689
53558,31,45,14,7,14,7,0.272,0.650
53559,31,45,14,8,14,6,0.272,0.650
53560,29,43,14,7,13,6,0.272,0.650
53561,30,43,13,7,13,6,0.233,0.461
53562,27,41,14,6,12,6,0.272,0.650
53563,34,49,15,9,17,8,0.283,0.794
53565,28,43,15,6,13,7,0.256,0.567
53566,32,48,16,8,16,8,0.244,0.589
53569,28,42,14,6,13,7,0.339,0.744
53570,32,48,16,8,16,8,0.244,0.589
53571,30,43,13,7,13,6,0.272,0.650
53572,27,40,13,6,12,6,0.272,0.650
53573,31,46,15,7,14,7,0.339,0.744
53574,30,46,16,7,14,7,0.244,0.589
53575,29,43,14,7,13,6,0.272,0.650
53576,34,50,16,9,17,8,0.283,0.794
53577,29,43,14,7,13,6,0.233,0.461
53578,30,44,14,7,14,7,0.233,0.461
53579,32,46,14,8,15,7,0.256,0.689
53580,30,45,15,7,14,7,0.256,0.567
53581,30,44,14,7,14,7,0.228,0.489
53582,27,41,14,6,12,6,0.256,0.567
53583,29,43,14,7,13,6,0.233,0.461
53585,35,51,16,9,17,8,0.239,0.778
53586,30,47,17,7,15,8,0.256,0.594
53587,32,49,17,8,16,8,0.256,0.594
53588,29,44,15,7,13,6,0.233,0.461
53589,31,46,15,8,14,6,0.272,0.650
53590,28,42,14,6,12,6,0.272,0.650
53593,27,41,14,6,12,6,0.272,0.650
53594,33,47,14,9,16,7,0.283,0.733
53597,28,42,14,6,12,6,0.272,0.650
53598,28,41,13,6,12,6,0.272,0.650
53599,33,51,18,9,17,8,0.256,0.594
53702,29,42,13,8,13,5,0.272,0.650
53703,30,44,14,7,13,6,0.272,0.650
53704,29,42,13,6,12,6,0.272,0.650
53705,29,42,13,7,12,5,0.272,0.650
53706,30,44,14,7,13,6,0.272,0.650
53711,29,43,14,7,13,6,0.272,0.650
53713,30,44,14,7,13,6,0.272,0.650
53714,29,43,14,7,13,6,0.272,0.650
53715,30,44,14,7,13,6,0.272,0.650
53716,30,43,13,7,13,6,0.272,0.650
53717,27,41,14,6,12,6,0.272,0.650
53718,29,42,13,7,13,6,0.272,0.650
53719,27,41,14,6,12,6,0.272,0.650
53726,30,44,14,7,13,6,0.272,0.650
53792,30,44,14,7,13,6,0.272,0.650
53801,34,50,16,9,17,8,0.339,0.744
53802,34,51,17,9,17,8,0.339,0.744
53803,33,50,17,8,17,9,0.256,0.594
53804,31,46,15,8,15,7,0.339,0.744
53805,32,47,15,8,15,7,0.339,0.744
53806,36,52,16,10,18,8,0.339,0.744
53807,33,49,16,8,16,8,0.339,0.744
53808,33,50,17,8,17,9,0.339,0.744
53809,29,44,15,7,14,7,0.339,0.744
53810,33,49,16,8,16,8,0.339,0.744
53811,34,51,17,9,17,8,0.339,0.744
53813,31,46,15,8,15,7,0.339,0.744
53816,29,44,15,7,14,7,0.339,0.744
53817,30,45,15,7,14,7,0.339,0.744
53818,32,48,16,8,16,8,0.339,0.744
53820,35,52,17,9,18,9,0.339,0.744
53821,37,53,16,10,19,9,0.422,0.811
53825,31,46,15,7,15,8,0.339,0.744
53826,34,50,16,9,17,8,0.422,0.811
53827,32,47,15,8,15,7,0.339,0.744
53901,31,45,14,8,14,6,0.217,0.489
53910,27,39,12,6,11,5,0.261,0.422
53911,29,43,14,7,13,6,0.217,0.489
53913,28,42,14,7,13,6,0.233,0.461
53916,30,43,13,7,13,6,0.256,0.689
53919,26,38,12,6,11,5,0.183,0.411
53920,31,44,13,7,13,6,0.206,0.467
53922,27,40,13,6,12,6,0.256,0.689
53923,29,42,13,7,12,5,0.217,0.489
53924,27,41,14,6,12,6,0.228,0.489
53925,31,44,13,7,14,7,0.217,0.489
53926,32,45,13,8,14,6,0.217,0.489
53928,29,43,14,7,13,6,0.217,0.489
53929,26,39,13,5,10,5,0.261,0.400
53930,31,44,13,7,14,7,0.206,0.467
53931,26,38,12,6,11,5,0.183,0.411
53932,30,44,14,7,13,6,0.217,0.489
53933,29,42,13,7,12,5,0.256,0.689
53934,28,40,12,6,11,5,0.261,0.422
53935,28,41,13,6,12,6,0.217,0.489
53936,26,38,12,5,10,5,0.261,0.422
53937,28,41,13,6,12,6,0.233,0.461
53939,30,43,13,7,13,6,0.217,0.489
53941,28,41,13,6,12,6,0.233,0.461
53943,27,41,14,6,12,6,0.233,0.461
53944,28,41,13,6,12,6,0.261,0.400
53946,28,41,13,7,12,5,0.217,0.489
53947,30,43,13,7,13,6,0.217,0.489
53948,27,40,13,6,11,5,0.261,0.400
53949,30,42,12,7,13,6,0.206,0.467
53950,28,41,13,6,11,5,0.261,0.400
53951,28,41,13,6,13,7,0.233,0.461
53952,28,41,13,6,12,6,0.261,0.422
53953,30,43,13,7,13,6,0.206,0.467
53954,31,45,14,7,14,7,0.217,0.489
53955,30,43,13,7,13,6,0.217,0.489
53956,29,42,13,7,12,5,0.256,0.689
53959,29,42,13,7,13,6,0.233,0.461
53960,29,43,14,7,13,6,0.217,0.489
53961,28,42,14,6,13,7,0.233,0.461
53963,27,39,12,6,11,5,0.256,0.689
53964,27,40,13,6,11,5,0.206,0.467
53965,29,42,13,7,12,5,0.261,0.422
53968,26,39,13,5,11,6,0.261,0.400
53969,31,44,13,7,14,7,0.217,0.489
54001,22,33,11,4,8,4,0.233,0.383
54002,25,37,12,5,10,5,0.256,0.494
54003,27,40,13,6,12,6,0.194,0.344
54004,20,31,11,4,7,3,0.233,0.383
54005,21,32,11,4,8,4,0.233,0.383
54006,23,34,11,5,9,4,0.233,0.383
54007,23,34,11,5,9,4,0.256,0.494
54009,25,37,12,5,10,5,0.233,0.383
54010,28,40,12,6,12,6,,
54011,28,41,13,6,12,6,0.194,0.344
54013,23,34,11,5,9,4,0.256,0.494
54014,31,45,14,7,14,7,0.194,0.344
54015,26,38,12,5,11,6,0.256,0.494
54016,30,44,14,7,14,7,0.256,0.494
54017,27,39,12,6,11,5,0.256,0.494
54020,28,40,12,6,12,6,0.233,0.383
54021,29,42,13,6,13,7,0.194,0.344
54022,28,41,13,6,12,6,0.194,0.344
54023,28,41,13,6,12,6,0.256,0.494
54024,24,35,11,5,9,4,0.233,0.383
54025,31,44,14,8,14,6,0.256,0.494
54026,26,38,12,5,11,6,0.233,0.383
54027,23,35,12,5,10,5,0.256,0.494
54028,24,35,11,5,10,5,0.256,0.494
54082,33,46,13,8,15,7,0.256,0.494
54101,15,23,8,3,5,2,0.117,0.200
54102,15,24,9,2,5,3,0.033,0.078
54103,9,15,6,1,2,1,0.011,0.017
54104,15,23,8,2,4,2,0.033,0.078
54106,22,33,11,5,8,3,0.156,0.272
54107,21,31,10,4,8,4,0.150,0.261
54110,24,34,10,6,10,4,0.233,0.411
54111,21,31,10,4,8,4,0.150,0.261
54112,15,23,8,2,4,2,0.033,0.078
54113,23,34,11,5,9,4,0.156,0.272
54114,16,25,9,2,5,3,0.033,0.078
54115,20,30,10,4,8,4,0.161,0.256
54119,13,21,8,2,4,2,0.033,0.078
54120,9,16,7,1,2,1,0.033,0.078
54121,11,18,7,1,3,2,0.022,0.022
54123,24,34,10,5,9,4,0.233,0.411
54124,20,30,10,4,7,3,0.117,0.200
54125,9,16,7,1,2,1,0.033,0.078
54126,23,33,10,5,9,4,0.161,0.256
54127,20,30,10,4,7,3,0.150,0.261
54128,20,29,9,4,7,3,0.150,0.261
54129,24,35,11,5,9,4,0.233,0.411
54130,23,34,11,5,9,4,0.156,0.272
54135,21,31,10,4,8,4,0.133,0.217
54136,23,33,10,5,9,4,0.156,0.272
54137,20,29,9,4,7,3,0.150,0.261
54138,15,23,8,2,4,2,0.117,0.200
54139,16,24,8,2,5,3,0.117,0.200
54140,23,34,11,5,9,4,0.156,0.272
54141,15,22,7,2,5,3,0.117,0.200
54143,12,19,7,2,4,2,0.033,0.078
54149,17,26,9,2,5,3,0.117,0.200
54150,18,27,9,3,6,3,0.133,0.217
54151,15,23,8,2,5,3,0.033,0.078
54153,13,20,7,2,4,2,0.117,0.200
54154,18,27,9,3,6,3,0.117,0.200
54155,20,30,10,4,7,3,0.161,0.256
54156,15,23,8,2,5,3,0.033,0.078
54157,12,19,7,2,4,2,0.033,0.078
54159,12,19,7,2,3,1,0.033,0.078
54160,24,35,11,6,10,4,0.233,0.411
54161,17,26,9,3,5,2,0.117,0.200
54162,21,31,10,4,8,4,0.161,0.256
54165,22,32,10,4,8,4,0.156,0.272
54166,22,33,11,5,9,4,0.150,0.261
54169,23,33,10,5,9,4,0.233,0.411
54170,23,34,11,5,9,4,0.156,0.272
54171,17,26,9,3,6,3,0.117,0.200
54173,13,21,8,2,4,2,0.161,0.256
54174,20,29,9,3,7,4,0.117,0.200
54175,13,21,8,2,3,1,0.117,0.200
54177,14,23,9,2,5,3,0.033,0.078
54180,23,34,11,5,9,4,0.161,0.256
54201,8,14,6,1,2,1,0.072,0.133
54202,6,11,5,1,2,1,0.017,0.039
54204,11,17,6,1,3,2,0.017,0.039
54205,11,19,8,2,4,2,0.072,0.133
54207,20,30,10,4,7,3,0.233,0.411
54208,17,26,9,3,6,3,0.161,0.256
54209,7,12,5,1,2,1,0.017,0.039
54210,5,9,4,1,1,0,0.017,0.039
54211,6,11,5,1,2,1,0.017,0.039
54212,7,12,5,1,2,1,0.017,0.039
54213,9,15,6,1,3,2,0.017,0.039
54214,8,15,7,1,3,2,0.233,0.411
54216,9,15,6,2,4,2,0.072,0.133
54217,14,23,9,2,4,2,0.072,0.133
54220,10,18,8,2,4,2,0.233,0.411
54227,15,24,9,3,5,2,0.233,0.411
54228,9,16,7,2,4,2,0.233,0.411
54229,19,28,9,4,7,3,0.161,0.256
54230,19,29,10,4,7,3,0.233,0.411
54232,22,33,11,4,8,4,0.233,0.411
54234,6,10,4,1,1,0,0.017,0.039
54235,8,14,6,1,2,1,0.017,0.039
54241,7,13,6,1,3,2,0.233,0.411
54245,19,30,11,4,7,3,0.233,0.411
54246,5,9,4,1,1,0,0.017,0.039
54247,13,22,9,2,5,3,0.233,0.411
54301,17,26,9,4,6,2,0.161,0.256
54302,18,27,9,4,7,3,0.161,0.256
54303,16,25,9,3,6,3,0.161,0.256
54304,17,26,9,4,6,2,0.161,0.256
54307,18,27,9,4,7,3,0.161,0.256
54311,21,30,9,4,8,4,0.161,0.256
54313,17,26,9,3,6,3,0.161,0.256
54401,15,24,9,2,5,3,0.144,0.206
54403,15,23,8,2,4,2,0.144,0.206
54405,15,24,9,2,5,3,0.211,0.289
54406,20,30,10,4,7,3,0.133,0.278
54407,19,29,10,4,7,3,0.133,0.278
54408,14,22,8,2,4,2,0.144,0.206
54409,14,21,7,2,4,2,0.128,0.200
54410,21,31,10,4,7,3,0.161,0.211
54411,15,23,8,2,5,3,0.144,0.206
54412,20,30,10,4,7,3,0.161,0.211
54413,24,36,12,5,9,4,0.161,0.211
54414,15,23,8,3,5,2,0.150,0.261
54416,17,26,9,3,6,3,0.150,0.261
54417,15,23,8,2,4,2,0.144,0.206
54418,12,19,7,2,3,1,0.128,0.200
54420,20,30,10,4,7,3,0.211,0.289
54421,16,25,9,3,5,2,0.211,0.289
54422,15,23,8,2,5,3,0.211,0.289
54423,19,28,9,3,6,3,0.133,0.278
54424,11,18,7,1,3,2,0.128,0.200
54425,15,23,8,2,5,3,0.211,0.289
54426,16,25,9,3,5,2,0.144,0.206
54427,16,25,9,3,5,2,0.144,0.206
54428,10,16,6,1,2,1,0.128,0.200
54430,14,22,8,2,4,2,0.128,0.200
54433,16,25,9,2,5,3,0.150,0.200
54435,11,18,7,1,3,2,0.050,0.078
54436,21,32,11,4,8,4,0.211,0.289
54437,19,29,10,3,7,4,0.211,0.289
54440,16,25,9,3,5,2,0.144,0.206
54441,21,31,10,4,7,3,0.161,0.211
54442,12,19,7,1,3,2,0.050,0.078
54443,20,30,10,4,7,3,0.133,0.278
54446,18,28,10,3,6,3,0.211,0.289
54447,15,24,9,2,5,3,0.150,0.200
54448,15,24,9,2,5,3,0.144,0.206
54449,20,31,11,4,7,3,0.161,0.211
54450,15,23,8,3,5,2,0.150,0.261
54451,14,23,9,2,4,2,0.150,0.200
54452,15,23,8,2,4,2,0.050,0.078
54454,20,30,10,4,7,3,0.161,0.211
54455,17,26,9,3,5,2,0.144,0.206
54456,23,34,11,4,9,5,0.211,0.289
54457,24,36,12,5,9,4,0.261,0.422
54458,20,30,10,4,7,3,0.133,0.278
54459,11,18,7,1,3,2,0.028,0.039
54460,15,24,9,3,5,2,0.211,0.289
54462,10,16,6,1,2,1,0.128,0.200
54463,9,16,7,1,2,1,0.017,0.039
54465,10,16,6,1,2,1,0.011,0.017
54466,23,34,11,4,8,4,0.161,0.211
54467,19,29,10,3,7,4,0.133,0.278
54469,23,34,11,4,8,4,0.161,0.211
54470,12,20,8,1,3,2,0.150,0.200
54471,15,23,8,2,5,3,0.144,0.206
54473,18,28,10,3,6,3,0.133,0.278
54474,16,25,9,3,5,2,0.144,0.206
54475,21,31,10,4,7,3,0.161,0.211
54476,15,24,9,2,5,3,0.144,0.206
54479,18,28,10,3,6,3,0.144,0.206
54480,15,23,8,2,5,3,0.150,0.200
54481,20,31,11,4,7,3,0.133,0.278
54482,20,30,10,4,7,3,0.133,0.278
54484,18,28,10,3,6,3,0.144,0.206
54485,9,15,6,1,2,1,0.128,0.200
54486,19,28,9,4,7,3,0.150,0.261
54487,11,19,8,1,3,2,0.050,0.078
54488,17,26,9,3,6,3,0.211,0.289
54489,22,32,10,4,8,4,0.161,0.211
54490,12,20,8,1,3,2,0.150,0.200
54491,14,21,7,2,4,2,0.128,0.200
54493,21,31,10,4,8,4,0.211,0.289
54494,22,32,10,4,8,4,0.161,0.211
54495,22,33,11,4,8,4,0.161,0.211
54498,15,24,9,3,5,2,0.211,0.289
54499,17,26,9,3,6,3,0.150,0.261
54501,10,17,7,1,3,2,0.017,0.039
54511,9,15,6,1,2,1,0.011,0.017
54512,9,15,6,1,2,1,0.017,0.044
54513,10,16,6,1,3,2,0.028,0.039
54514,11,18,7,1,3,2,0.056,0.078
54515,12,20,8,1,3,2,0.028,0.039
54517,12,20,8,2,3,1,0.056,0.078
54519,10,17,7,1,3,2,0.017,0.044
54520,8,13,5,1,2,1,0.011,0.017
54521,10,16,6,1,3,2,0.017,0.044
54524,11,18,7,1,3,2,0.028,0.039
54525,6,11,5,0,1,1,0.022,0.050
54526,14,23,9,2,4,2,0.150,0.161
54527,11,19,8,1,3,2,0.056,0.078
54529,10,16,6,1,2,1,0.017,0.039
54530,12,21,9,2,4,2,0.150,0.161
54531,9,16,7,1,2,1,0.017,0.039
54534,7,13,6,1,1,0,0.022,0.050
54536,8,14,6,1,2,1,0.022,0.050
54537,12,20,8,1,3,2,0.028,0.039
54538,9,15,6,1,2,1,0.017,0.044
54539,9,15,6,1,2,1,0.017,0.039
54540,10,17,7,1,3,2,0.017,0.044
54541,8,14,6,1,2,1,0.011,0.017
54542,10,17,7,1,3,2,0.022,0.022
54545,10,16,6,1,2,1,0.017,0.044
54546,12,19,7,1,3,2,0.056,0.078
54547,10,17,7,1,2,1,0.022,0.050
54548,9,16,7,1,2,1,0.017,0.039
54550,7,12,5,1,1,0,0.022,0.050
54552,10,18,8,1,3,2,0.028,0.039
54554,11,17,6,2,3,1,0.017,0.044
54555,11,18,7,1,3,2,0.028,0.039
54556,10,18,8,1,3,2,0.028,0.039
54557,10,16,6,1,2,1,0.017,0.044
54558,8,14,6,1,2,1,0.017,0.044
54559,8,13,5,1,1,0,0.022,0.050
54560,8,14,6,1,2,1,0.017,0.044
54561,9,14,5,1,2,1,0.017,0.044
54562,10,16,6,1,2,1,0.017,0.039
54563,15,25,10,2,5,3,0.150,0.161
54564,10,17,7,1,3,2,0.017,0.039
54565,10,16,6,1,2,1,0.022,0.050
54566,9,15,6,1,2,1,0.011,0.017
54568,9,15,6,1,2,1,0.017,0.039
54601,31,45,14,7,14,7,0.283,0.500
54603,33,48,15,8,16,8,0.283,0.500
54610,29,42,13,6,13,7,0.217,0.456
54611,25,36,11,5,10,5,0.289,0.467
54612,29,42,13,6,13,7,0.278,0.500
54613,28,40,12,6,11,5,0.261,0.422
54614,29,42,13,6,13,7,0.283,0.500
54615,29,42,13,6,12,6,0.289,0.467
54616,27,39,12,6,12,6,0.278,0.500
54618,27,39,12,5,10,5,0.261,0.400
54619,26,39,13,5,11,6,0.278,0.444
54621,27,41,14,6,12,6,0.272,0.517
54622,32,45,13,7,14,7,0.217,0.456
54623,27,40,13,6,12,6,0.272,0.517
54624,29,44,15,7,13,6,0.272,0.517
54625,33,47,14,8,15,7,0.278,0.500
54626,29,44,15,7,14,7,0.422,0.811
54627,29,42,13,7,13,6,0.278,0.500
54628,30,45,15,7,14,7,0.422,0.811
54629,31,45,14,7,14,7,0.217,0.456
54630,31,44,13,7,14,7,0.278,0.500
54631,29,44,15,6,13,7,0.422,0.811
54632,29,43,14,6,13,7,0.272,0.517
54634,26,39,13,5,11,6,0.272,0.517
54635,25,37,12,5,11,6,0.289,0.467
54636,32,45,13,7,15,8,0.283,0.500
54637,26,39,13,5,10,5,0.261,0.400
54638,25,38,13,5,10,5,0.278,0.444
54639,27,40,13,6,11,5,0.272,0.517
54641,22,33,11,4,8,4,0.261,0.400
54642,30,43,13,7,13,6,0.289,0.467
54643,25,37,12,5,10,5,0.289,0.467
54644,28,41,13,6,12,6,0.283,0.500
54645,27,41,14,6,12,6,0.422,0.811
54646,30,42,12,7,12,5,0.261,0.400
54648,26,39,13,5,10,5,0.278,0.444
54650,33,47,14,8,15,7,0.283,0.500
54651,26,39,13,5,11,6,0.272,0.517
54652,28,42,14,6,12,6,0.272,0.517
54653,28,41,13,6,12,6,0.283,0.500
54654,29,43,14,6,13,7,0.422,0.811
54655,28,43,15,6,13,7,0.422,0.811
54656,29,42,13,7,13,6,0.278,0.444
54657,32,47,15,8,15,7,0.422,0.811
54658,28,42,14,6,13,7,0.272,0.517
54659,27,39,12,6,11,5,0.289,0.467
54660,25,37,12,5,10,5,0.278,0.444
54661,32,45,13,7,15,8,0.278,0.500
54664,27,41,14,6,12,6,0.228,0.489
54665,25,39,14,5,11,6,0.272,0.517
54666,23,34,11,4,8,4,0.278,0.444
54667,25,38,13,5,10,5,0.272,0.517
54669,30,44,14,7,14,7,0.283,0.500
54670,25,38,13,5,10,5,0.278,0.444
54701,25,37,12,5,10,5,0.189,0.317
54703,25,37,12,5,10,5,0.189,0.317
54720,25,36,11,5,10,5,0.189,0.317
54721,31,44,13,7,14,7,0.183,0.367
54722,23,34,11,5,9,4,0.189,0.317
54723,31,44,13,7,14,7,0.194,0.344
54724,24,35,11,5,9,4,0.178,0.311
54725,25,37,12,5,10,5,0.189,0.433
54726,19,30,11,4,7,3,0.178,0.311
54727,21,32,11,4,8,4,0.178,0.311
54728,21,32,11,4,8,4,0.139,0.272
54729,23,35,12,5,9,4,0.178,0.311
54730,25,36,11,5,10,5,0.189,0.433
54731,18,28,10,3,6,3,0.150,0.161
54732,20,31,11,4,7,3,0.178,0.311
54733,21,31,10,4,8,4,0.139,0.272
54734,24,36,12,5,10,5,0.189,0.433
54736,29,42,13,6,13,7,0.183,0.367
54737,31,44,13,7,14,7,0.189,0.433
54738,27,39,12,5,11,6,0.189,0.317
54739,27,39,12,6,11,5,0.189,0.433
54740,28,40,12,6,12,6,0.194,0.344
54741,21,32,11,4,8,4,0.189,0.317
54742,24,35,11,5,9,4,0.189,0.317
54745,19,30,11,3,7,4,0.178,0.311
54746,24,35,11,5,9,4,0.211,0.289
54747,28,41,13,6,12,6,0.278,0.500
54748,22,33,11,4,8,4,0.178,0.311
54749,27,39,12,6,11,5,0.189,0.433
54750,30,43,13,7,13,6,0.194,0.344
54751,29,42,13,7,13,6,0.189,0.433
54754,28,40,12,6,11,5,0.289,0.467
54755,30,42,12,6,13,7,0.217,0.456
54756,30,43,13,6,13,7,0.217,0.456
54757,21,32,11,4,8,4,0.178,0.311
54758,25,36,11,5,10,5,0.278,0.500
54759,32,46,14,7,15,8,0.183,0.367
54760,26,38,12,5,11,6,0.278,0.500
54761,29,42,13,6,13,7,0.194,0.344
54762,22,33,11,4,8,4,0.139,0.272
54763,22,33,11,4,8,4,0.189,0.433
54765,23,34,11,4,9,5,0.189,0.433
54766,15,25,10,2,5,3,0.150,0.161
54767,26,38,12,5,11,6,0.194,0.344
54768,18,29,11,3,7,4,0.178,0.311
54769,32,45,13,7,14,7,0.183,0.367
54770,26,38,12,5,11,6,0.278,0.500
54771,17,27,10,3,6,3,0.211,0.289
54772,24,36,12,5,10,5,0.189,0.433
54773,28,40,12,6,12,6,0.278,0.500
54801,20,30,10,4,7,3,0.083,0.139
54805,22,32,10,4,8,4,0.139,0.272
54806,13,20,7,2,4,2,0.056,0.078
54810,22,32,10,4,8,4,0.233,0.383
54812,21,32,11,4,8,4,0.139,0.272
54813,22,32,10,4,8,4,0.139,0.272
54814,10,17,7,2,3,1,0.067,0.100
54817,17,26,9,3,6,3,0.083,0.139
54819,19,28,9,3,6,3,0.150,0.161
54820,14,22,8,2,4,2,0.050,0.100
54821,14,22,8,2,4,2,0.067,0.100
54822,22,32,10,4,8,4,0.139,0.272
54824,22,32,10,4,8,4,0.233,0.383
54826,22,33,11,4,8,4,0.139,0.272
54827,12,20,8,2,4,2,0.067,0.100
54828,14,23,9,2,5,3,0.061,0.117
54829,22,33,11,4,8,4,0.139,0.272
54830,18,27,9,3,6,3,0.161,0.261
54832,16,24,8,2,5,3,0.067,0.100
54835,16,25,9,2,5,3,0.061,0.117
54836,15,23,8,2,5,3,0.050,0.100
54837,21,32,11,4,8,4,0.233,0.383
54838,17,26,9,3,6,3,0.050,0.100
54839,17,26,9,3,5,2,0.067,0.100
54840,22,33,11,4,8,4,0.161,0.261
54841,20,30,10,4,7,3,0.139,0.272
54842,18,27,9,3,6,3,0.050,0.100
54843,16,25,9,3,5,2,0.061,0.117
54844,13,21,8,2,5,3,0.067,0.100
54845,21,31,10,4,7,3,0.161,0.261
54846,12,20,8,2,3,1,0.056,0.078
54847,15,23,8,2,4,2,0.067,0.100
54848,17,26,9,3,6,3,0.150,0.161
54849,16,25,9,2,5,3,0.050,0.100
54850,10,16,6,1,3,2,0.056,0.078
54853,21,32,11,4,8,4,0.233,0.383
54854,15,23,8,2,5,3,0.050,0.100
54855,13,21,8,2,4,2,0.056,0.078
54856,17,26,9,3,5,2,0.067,0.100
54857,19,29,10,3,7,4,0.139,0.272
54858,21,32,11,4,8,4,0.233,0.383
54859,18,27,9,3,6,3,0.083,0.139
54861,7,13,6,1,2,1,0.056,0.078
54862,13,22,9,2,4,2,0.061,0.117
54864,15,23,8,3,5,2,0.050,0.100
54865,14,22,8,3,5,2,0.067,0.100
54867,15,24,9,2,5,3,0.061,0.117
54868,20,30,10,4,7,3,0.139,0.272
54870,18,28,10,3,6,3,0.083,0.139
54871,21,31,10,4,7,3,0.083,0.139
54872,20,30,10,4,7,3,0.161,0.261
54873,17,26,9,3,5,2,0.050,0.100
54874,13,20,7,2,4,2,0.050,0.100
54875,19,29,10,3,6,3,0.083,0.139
54876,17,26,9,3,6,3,0.061,0.117
54880,10,17,7,2,4,2,0.050,0.100
54888,19,29,10,3,7,4,0.083,0.139
54889,21,32,11,4,8,4,0.139,0.272
54891,13,20,7,2,4,2,0.067,0.100
54893,19,29,10,3,7,4,0.161,0.261
54895,18,27,9,3,6,3,0.150,0.161
54896,12,19,7,2,3,1,0.061,0.117
54901,24,34,10,5,9,4,0.183,0.411
54902,23,34,11,5,9,4,0.183,0.411
54904,23,34,11,5,9,4,0.183,0.411
54909,20,31,11,4,7,3,0.133,0.278
54911,23,33,10,5,9,4,0.156,0.272
54913,22,33,11,5,8,3,0.156,0.272
54914,22,33,11,5,8,3,0.156,0.272
54915,23,33,10,5,9,4,0.156,0.272
54921,20,30,10,4,7,3,0.133,0.278
54922,23,34,11,5,9,4,0.156,0.272
54923,26,37,11,6,11,5,0.217,0.489
54927,24,35,11,5,9,4,0.183,0.411
54928,20,29,9,4,7,3,0.150,0.261
54929,22,33,11,5,9,4,0.172,0.311
54930,26,38,12,6,10,4,0.200,0.433
54931,23,34,11,5,9,4,0.156,0.272
54932,24,36,12,5,9,4,0.183,0.411
54933,22,33,11,5,9,4,0.172,0.311
54934,25,36,11,6,10,4,,
54935,23,35,12,5,9,4,0.183,0.411
54937,23,35,12,5,9,4,0.183,0.411
54940,25,36,11,5,10,5,0.172,0.311
54941,27,40,13,7,12,5,0.217,0.489
54942,21,32,11,4,8,4,0.156,0.272
54943,25,36,11,5,10,5,0.200,0.433
54944,23,33,10,5,8,3,0.156,0.272
54945,21,32,11,4,8,4,0.172,0.311
54946,24,35,11,5,9,4,0.172,0.311
54947,24,35,11,5,9,4,0.183,0.411
54948,20,29,9,4,7,3,0.150,0.261
54949,24,35,11,5,9,4,0.172,0.311
54950,21,31,10,4,8,4,0.172,0.311
54952,23,33,10,5,9,4,0.183,0.411
54956,23,34,11,5,9,4,0.183,0.411
54960,27,40,13,6,12,6,0.206,0.467
54961,24,35,11,5,9,4,0.172,0.311
54962,24,35,11,5,9,4,0.172,0.311
54963,25,36,11,5,10,5,0.183,0.411
54964,24,36,12,5,10,5,0.183,0.411
54965,25,36,11,5,10,5,0.200,0.433
54966,22,33,11,4,8,4,0.200,0.433
54967,25,36,11,6,10,4,0.200,0.433
54968,29,41,12,7,12,5,0.217,0.489
54970,26,37,11,6,11,5,0.200,0.433
54971,25,36,11,6,10,4,0.183,0.411
54974,24,36,12,5,10,5,0.183,0.411
54977,22,33,11,4,8,4,0.172,0.311
54979,24,36,12,5,9,4,0.183,0.411
54980,25,36,11,6,10,4,0.183,0.411
54981,24,35,11,5,9,4,0.172,0.311
54982,26,37,11,6,11,5,0.200,0.433
54983,25,36,11,6,10,4,0.172,0.311
54984,24,35,11,5,10,5,0.200,0.433
54985,24,35,11,5,9,4,0.183,0.411
54986,24,35,11,5,10,5,0.183,0.411
55001,30,43,13,7,13,6,0.256,0.494
55003,34,48,14,9,16,7,0.256,0.494
55005,27,40,13,6,11,5,0.244,0.389
55006,23,33,10,5,9,4,0.222,0.306
55007,20,30,10,4,7,3,0.144,0.183
55008,23,35,12,5,9,4,0.222,0.306
55009,30,43,13,6,13,7,0.189,0.461
55011,27,40,13,6,11,5,0.244,0.389
55012,27,40,13,6,12,6,0.233,0.356
55013,30,43,13,7,13,6,0.233,0.356
55014,31,44,13,7,14,7,0.244,0.389
55016,29,41,12,6,12,6,0.256,0.494
55017,23,34,11,5,9,4,0.222,0.306
55018,30,44,14,6,13,7,0.189,0.461
55019,30,44,14,6,14,8,0.183,0.450
55020,30,44,14,6,13,7,0.167,0.328
55021,31,45,14,7,14,7,0.183,0.450
55024,31,44,13,7,14,7,0.194,0.378
55025,30,43,13,7,13,6,0.256,0.494
55026,33,46,13,8,15,7,0.189,0.461
55027,31,44,13,7,14,7,0.189,0.461
55029,23,34,11,5,9,4,0.222,0.306
55030,22,32,10,4,8,4,0.167,0.267
55031,30,43,13,6,13,7,0.194,0.378
55032,25,36,11,5,10,5,0.233,0.356
55033,29,42,13,6,13,7,0.194,0.378
55036,22,32,10,4,8,4,0.167,0.267
55037,20,29,9,4,7,3,0.167,0.267
55038,30,44,14,7,13,6,0.256,0.494
55040,25,37,12,5,10,5,0.222,0.306
55041,32,46,14,7,15,8,0.217,0.439
55042,31,44,13,7,14,7,0.256,0.494
55043,32,45,13,8,14,6,0.256,0.494
55044,30,44,14,7,13,6,0.194,0.378
55045,29,42,13,7,13,6,0.233,0.356
55046,30,44,14,6,13,7,0.183,0.450
55047,30,44,14,7,14,7,0.256,0.494
55049,33,47,14,8,15,7,0.206,0.461
55051,21,31,10,4,8,4,0.144,0.183
55052,32,46,14,7,14,7,0.183,0.450
55053,30,44,14,6,14,8,0.183,0.450
55054,29,43,14,6,13,7,0.167,0.328
55055,29,42,13,6,12,6,0.256,0.494
55056,26,38,12,6,11,5,0.233,0.356
55057,30,44,14,7,14,7,0.183,0.450
55060,33,48,15,8,16,8,0.206,0.461
55063,22,32,10,4,8,4,0.167,0.267
55065,31,44,13,7,14,7,0.194,0.378
55066,30,44,13,7,14,7,0.189,0.461
55068,30,44,14,7,13,6,0.194,0.378
55069,24,35,11,5,9,4,0.233,0.356
55070,26,38,12,5,10,5,0.244,0.389
55071,29,42,13,6,12,6,0.256,0.494
55072,17,26,9,3,6,3,0.167,0.267
55073,30,43,13,7,13,6,0.256,0.494
55074,29,42,13,7,13,6,0.233,0.356
55075,29,43,14,6,12,6,0.194,0.378
55076,29,42,13,6,12,6,0.194,0.378
55077,29,42,13,6,12,6,0.194,0.378
55079,29,42,13,7,13,6,0.233,0.356
55080,23,34,11,5,9,4,0.222,0.306
55082,33,47,14,8,15,7,0.256,0.494
55084,28,40,12,6,12,6,0.233,0.356
55085,29,42,13,6,13,7,0.194,0.378
55087,32,46,14,7,14,7,0.183,0.450
55088,30,43,13,6,13,7,0.183,0.450
55089,30,43,13,6,13,7,0.189,0.461
55090,31,44,13,7,13,6,0.256,0.494
55092,31,44,13,7,14,7,0.233,0.356
55101,31,45,14,7,13,6,0.233,0.406
55102,30,43,13,7,13,6,0.233,0.406
55103,32,45,13,7,14,7,0.233,0.406
55104,31,45,14,7,13,6,0.233,0.406
55105,30,44,14,7,13,6,0.233,0.406
55106,30,44,14,7,13,6,0.233,0.406
55107,30,43,13,6,12,6,0.233,0.406
55108,32,46,14,7,14,7,0.233,0.406
55109,30,44,14,7,13,6,0.233,0.406
55110,31,44,13,7,14,7,0.233,0.406
55111,29,43,14,6,12,6,0.161,0.283
55112,33,46,13,8,14,6,0.233,0.406
55113,32,46,14,8,14,6,0.233,0.406
55114,31,45,14,7,13,6,0.233,0.406
55115,31,44,13,7,13,6,0.256,0.494
55116,30,44,14,7,13,6,0.233,0.406
55117,32,46,14,7,14,7,0.233,0.406
55118,29,42,13,6,12,6,0.194,0.378
55119,29,42,13,6,12,6,0.233,0.406
55120,29,42,13,6,12,6,0.194,0.378
55121,29,42,13,6,12,6,0.194,0.378
55122,29,43,14,6,12,6,0.194,0.378
55123,30,43,13,6,13,7,0.194,0.378
55124,30,44,14,7,13,6,0.194,0.378
55125,29,42,13,6,12,6,0.256,0.494
55126,32,46,14,8,14,6,0.233,0.406
55127,32,46,14,8,14,6,0.233,0.406
55128,30,43,13,7,13,6,0.256,0.494
55129,29,42,13,6,13,7,0.256,0.494
55130,31,45,14,7,14,7,0.233,0.406
55150,29,42,13,6,12,6,0.194,0.378
55155,31,45,14,7,14,7,0.233,0.406
55301,27,41,14,6,11,5,0.156,0.283
55302,27,39,12,5,11,6,0.156,0.283
55303,28,41,13,6,12,6,0.244,0.389
55304,29,42,13,6,12,6,0.244,0.389
55305,28,41,13,6,12,6,0.161,0.283
55306,30,43,13,6,13,7,0.194,0.378
55307,32,47,15,7,14,7,0.150,0.306
55308,26,39,13,5,11,6,0.156,0.200
55309,27,40,13,6,11,5,0.156,0.200
55310,31,45,14,7,13,6,0.150,0.222
55311,28,41,13,6,11,5,0.161,0.283
55312,32,46,14,7,14,7,0.150,0.294
55313,27,40,13,6,11,5,0.156,0.283
55314,31,45,14,7,13,6,0.150,0.222
55315,33,47,14,8,15,7,0.167,0.300
55316,29,42,13,6,12,6,0.161,0.283
55317,30,44,14,6,13,7,0.167,0.300
55318,32,46,14,7,14,7,0.167,0.300
55319,25,37,12,5,10,5,0.156,0.200
55320,25,38,13,5,10,5,0.156,0.283
55321,28,41,13,6,11,5,0.156,0.283
55322,29,43,14,6,12,6,0.167,0.300
55324,28,41,13,6,11,5,0.122,0.161
55325,28,41,13,6,11,5,0.122,0.161
55327,29,42,13,6,12,6,0.161,0.283
55328,27,39,12,6,11,5,0.156,0.283
55329,27,40,13,5,11,6,0.122,0.161
55330,28,41,13,6,11,5,0.156,0.200
55331,28,41,13,6,12,6,0.161,0.283
55332,33,47,14,7,14,7,0.150,0.222
55333,33,47,14,7,14,7,0.150,0.222
55334,33,48,15,8,15,7,0.150,0.306
55335,33,47,14,7,14,7,0.150,0.306
55336,31,45,14,7,14,7,0.150,0.294
55337,29,43,14,6,12,6,0.194,0.378
55338,31,44,13,7,13,6,0.150,0.306
55339,29,43,14,6,13,7,0.167,0.300
55340,26,39,13,5,11,6,0.161,0.283
55341,27,40,13,5,11,6,0.156,0.283
55342,31,45,14,7,13,6,0.150,0.222
55343,28,41,13,6,12,6,0.161,0.283
55344,29,43,14,6,12,6,0.161,0.283
55345,28,41,13,6,12,6,0.161,0.283
55346,29,42,13,6,12,6,0.161,0.283
55347,31,44,13,6,13,7,0.161,0.283
55349,28,41,13,6,11,5,0.156,0.283
55350,30,44,14,6,13,7,0.150,0.294
55352,29,42,13,6,12,6,0.167,0.328
55353,26,38,12,5,10,5,0.100,0.183
55354,29,43,14,6,13,7,0.150,0.294
55355,28,41,13,5,11,6,0.122,0.161
55356,27,40,13,5,11,6,0.161,0.283
55357,26,38,12,5,10,5,0.161,0.283
55358,27,40,13,6,11,5,0.156,0.283
55359,26,39,13,5,11,6,0.161,0.283
55360,28,42,14,6,12,6,0.167,0.300
55362,27,40,13,6,11,5,0.156,0.283
55363,27,40,13,6,11,5,0.156,0.283
55364,28,41,13,6,11,5,0.161,0.283
55366,32,47,15,7,14,7,0.150,0.306
55367,29,43,14,6,12,6,0.167,0.300
55368,29,43,14,6,12,6,0.167,0.300
55369,28,42,14,6,12,6,0.161,0.283
55370,30,44,14,7,13,6,0.150,0.294
55371,25,37,12,5,10,5,0.122,0.200
55372,29,43,14,6,12,6,0.167,0.328
55373,26,38,12,5,10,5,0.156,0.283
55374,28,41,13,6,12,6,0.161,0.283
55375,28,41,13,6,12,6,0.161,0.283
55376,28,41,13,6,11,5,0.156,0.283
55378,30,43,13,6,13,7,0.167,0.328
55379,31,45,14,7,13,6,0.167,0.328
55381,30,43,13,6,12,6,0.150,0.294
55382,26,39,13,5,10,5,0.100,0.183
55384,28,41,13,6,11,5,0.161,0.283
55385,32,46,14,7,14,7,0.150,0.294
55386,29,43,14,6,12,6,0.167,0.300
55387,29,42,13,6,12,6,0.167,0.300
55388,28,41,13,6,12,6,0.167,0.300
55389,27,40,13,5,10,5,0.122,0.161
55390,27,40,13,6,11,5,0.156,0.283
55391,27,41,14,6,11,5,0.161,0.283
55395,29,42,13,6,12,6,0.150,0.294
55396,33,48,15,8,15,7,0.150,0.306
55397,29,42,13,6,12,6,0.167,0.300
55398,26,38,12,5,10,5,0.156,0.200
55401,31,45,14,7,14,7,0.161,0.283
55402,31,44,13,7,13,6,0.161,0.283
55403,31,44,13,7,13,6,0.161,0.283
55404,31,44,13,7,13,6,0.161,0.283
55405,30,44,14,6,13,7,0.161,0.283
55406,31,44,13,7,13,6,0.161,0.283
55407,30,43,13,6,13,7,0.161,0.283
55408,30,44,14,7,13,6,0.161,0.283
55409,29,42,13,6,12,6,0.161,0.283
55410,29,42,13,6,12,6,0.161,0.283
55411,31,45,14,7,13,6,0.161,0.283
55412,31,45,14,7,13,6,0.161,0.283
55413,32,46,14,7,14,7,0.161,0.283
55414,32,46,14,7,14,7,0.161,0.283
55415,31,45,14,7,13,6,0.161,0.283
55416,29,42,13,6,12,6,0.161,0.283
55417,30,43,13,6,12,6,0.161,0.283
55418,32,46,14,8,14,6,0.161,0.283
55419,29,42,13,6,12,6,0.161,0.283
55420,29,42,13,6,12,6,0.161,0.283
55421,32,46,14,7,14,7,0.244,0.389
55422,30,43,13,7,13,6,0.161,0.283
55423,29,42,13,6,12,6,0.161,0.283
55424,28,42,14,6,12,6,0.161,0.283
55425,29,42,13,6,12,6,0.161,0.283
55426,29,42,13,6,12,6,0.161,0.283
55427,29,42,13,6,12,6,0.161,0.283
55428,29,42,13,6,12,6,0.161,0.283
55429,30,43,13,6,12,6,0.161,0.283
55430,31,45,14,7,14,7,0.161,0.283
55431,29,42,13,6,12,6,0.161,0.283
55432,32,45,13,7,14,7,0.244,0.389
55433,30,43,13,7,13,6,0.244,0.389
55434,30,43,13,7,13,6,0.244,0.389
55435,28,41,13,6,11,5,0.161,0.283
55436,28,41,13,6,11,5,0.161,0.283
55437,29,43,14,6,12,6,0.161,0.283
55438,30,43,13,6,12,6,0.161,0.283
55439,28,41,13,6,11,5,0.161,0.283
55441,28,41,13,6,12,6,0.161,0.283
55442,28,41,13,6,12,6,0.161,0.283
55443,30,43,13,6,12,6,0.161,0.283
55444,31,44,13,7,13,6,0.161,0.283
55445,29,42,13,6,12,6,0.161,0.283
55446,27,40,13,5,11,6,0.161,0.283
55447,27,40,13,5,11,6,0.161,0.283
55448,30,42,12,7,13,6,0.244,0.389
55449,30,43,13,7,13,6,0.244,0.389
55450,29,42,13,6,12,6,0.161,0.283
55454,31,45,14,7,13,6,0.161,0.283
55455,31,45,14,7,13,6,0.161,0.283
55601,3,7,4,0,1,1,0.033,0.044
55602,7,12,5,1,1,0,0.044,0.056
55603,6,10,4,0,1,1,0.033,0.044
55604,2,4,2,0,0,0,0.033,0.017
55605,1,3,2,0,0,0,0.033,0.017
55606,1,3,2,0,0,0,0.033,0.017
55607,7,12,5,1,1,0,0.033,0.044
55609,6,11,5,1,2,1,0.033,0.044
55612,1,2,1,0,0,0,0.033,0.017
55613,1,3,2,0,0,0,0.033,0.017
55614,4,8,4,0,1,1,0.033,0.044
55615,1,2,1,0,0,0,0.033,0.017
55616,6,10,4,1,1,0,0.033,0.044
55702,11,17,6,1,3,2,0.044,0.056
55703,10,16,6,1,2,1,0.044,0.056
55704,16,24,8,3,5,2,0.167,0.267
55705,9,14,5,1,2,1,0.044,0.056
55706,9,15,6,1,2,1,0.044,0.056
55707,15,23,8,2,4,2,0.022,0.061
55708,9,14,5,1,2,1,0.044,0.056
55709,12,18,6,1,3,2,0.017,0.050
55710,9,14,5,1,2,1,0.044,0.056
55711,11,18,7,1,3,2,0.044,0.056
55712,14,22,8,2,4,2,0.167,0.267
55713,9,14,5,1,2,1,0.044,0.056
55716,11,17,6,1,3,2,0.017,0.050
55717,9,15,6,1,2,1,0.044,0.056
55718,15,22,7,2,4,2,0.022,0.061
55719,9,14,5,1,2,1,0.044,0.056
55720,13,21,8,2,4,2,0.022,0.061
55721,13,20,7,2,3,1,0.017,0.050
55722,13,20,7,2,3,1,0.017,0.050
55723,10,17,7,1,2,1,0.044,0.056
55724,9,15,6,1,2,1,0.044,0.056
55725,10,17,7,1,2,1,0.044,0.056
55726,13,20,7,2,4,2,0.022,0.061
55731,9,14,5,1,2,1,0.044,0.056
55732,8,14,6,1,2,1,0.044,0.056
55733,10,16,6,1,3,2,0.022,0.061
55734,9,14,5,1,2,1,0.044,0.056
55735,16,25,9,3,5,2,0.167,0.267
55736,11,18,7,1,3,2,0.044,0.056
55738,10,16,6,1,2,1,0.044,0.056
55741,9,15,6,1,2,1,0.044,0.056
55742,11,17,6,1,3,2,0.017,0.050
55744,13,20,7,2,3,1,0.017,0.050
55746,9,15,6,1,2,1,0.044,0.056
55748,13,20,7,2,3,1,0.050,0.128
55749,14,22,8,2,4,2,0.022,0.061
55750,8,14,6,1,2,1,0.044,0.056
55751,9,15,6,1,2,1,0.044,0.056
55752,13,20,7,2,4,2,0.050,0.128
55753,9,15,6,1,2,1,0.017,0.050
55756,14,22,8,2,4,2,0.167,0.267
55757,14,22,8,2,4,2,0.022,0.061
55758,9,14,5,1,2,1,0.044,0.056
55760,14,22,8,2,4,2,0.050,0.128
55763,9,14,5,1,2,1,0.044,0.056
55764,11,18,7,1,3,2,0.017,0.050
55765,11,17,6,1,3,2,0.044,0.056
55766,9,15,6,1,2,1,,
55767,16,25,9,2,5,3,0.022,0.061
55768,9,15,6,1,2,1,0.044,0.056
55769,10,16,6,1,2,1,0.017,0.050
55771,11,17,6,1,3,2,0.044,0.056
55772,11,17,6,1,3,2,0.028,0.067
55775,10,17,7,1,2,1,0.017,0.050
55779,8,14,6,1,2,1,0.044,0.056
55780,13,21,8,2,4,2,0.022,0.061
55781,10,16,6,1,2,1,0.044,0.056
55782,9,14,5,1,2,1,0.044,0.056
55783,16,24,8,2,5,3,0.167,0.267
55784,12,19,7,2,3,1,0.017,0.050
55785,13,21,8,2,4,2,0.050,0.128
55786,12,19,7,2,3,1,0.017,0.050
55787,13,21,8,2,4,2,0.050,0.128
55790,10,16,6,1,2,1,0.044,0.056
55792,8,13,5,1,2,1,0.044,0.056
55793,12,19,7,2,3,1,0.017,0.050
55795,16,25,9,3,5,2,0.167,0.267
55797,14,22,8,2,4,2,0.022,0.061
55798,12,20,8,2,3,1,0.022,0.061
55802,9,14,5,2,3,1,0.044,0.056
55803,7,11,4,1,2,1,0.044,0.056
55804,7,12,5,1,2,1,0.044,0.056
55805,8,14,6,1,3,2,0.044,0.056
55806,8,14,6,1,3,2,0.044,0.056
55807,8,14,6,1,3,2,0.044,0.056
55808,9,15,6,1,3,2,0.044,0.056
55810,7,12,5,1,2,1,0.044,0.056
55811,7,12,5,1,2,1,0.044,0.056
55812,8,14,6,1,3,2,0.044,0.056
55814,6,11,5,1,1,0,,
55901,30,44,14,6,13,7,0.156,0.444
55902,27,40,13,5,11,6,0.156,0.444
55904,27,40,13,5,11,6,0.156,0.444
55905,30,43,13,6,13,7,0.156,0.444
55906,29,42,13,6,13,7,0.156,0.444
55909,26,41,15,5,11,6,0.139,0.417
55910,30,43,13,7,13,6,0.261,0.467
55912,28,43,15,5,12,7,0.139,0.417
55917,29,43,14,6,13,7,0.206,0.461
55918,26,40,14,5,11,6,0.139,0.417
55919,32,46,14,7,15,8,0.261,0.478
55920,29,43,14,6,13,7,0.156,0.444
55921,26,39,13,5,11,6,0.261,0.478
55922,26,39,13,5,11,6,0.144,0.356
55923,27,41,14,5,11,6,0.144,0.356
55924,30,44,14,7,14,7,0.222,0.511
55925,28,41,13,6,12,6,0.261,0.467
55926,24,38,14,4,10,6,0.139,0.417
55927,30,44,14,7,14,7,0.222,0.511
55929,26,39,13,5,11,6,0.156,0.444
55931,28,42,14,6,12,6,0.261,0.478
55932,29,43,14,6,13,7,0.217,0.439
55933,24,38,14,4,10,6,0.139,0.417
55934,26,39,13,5,11,6,0.156,0.444
55935,27,40,13,5,11,6,0.144,0.356
55936,25,38,13,4,10,6,0.139,0.417
55939,26,40,14,5,11,6,0.144,0.356
55940,27,40,13,5,12,7,0.222,0.511
55941,28,41,13,6,12,6,0.261,0.478
55943,28,42,14,6,13,7,0.261,0.478
55944,30,44,14,7,14,7,0.222,0.511
55945,32,46,14,7,15,8,0.217,0.439
55946,31,44,13,7,14,7,0.189,0.461
55947,32,46,14,8,15,7,0.261,0.478
55949,27,41,14,5,12,7,0.144,0.356
55950,28,42,14,5,12,7,0.139,0.417
55951,27,41,14,5,12,7,0.139,0.417
55952,26,39,13,5,11,6,0.261,0.467
55953,29,44,15,6,13,7,0.139,0.417
55954,26,39,13,5,11,6,0.144,0.356
55955,32,46,14,7,15,8,0.222,0.511
55956,31,45,14,7,14,7,0.217,0.439
55957,31,45,14,7,14,7,0.217,0.439
55959,31,45,14,7,14,7,0.261,0.467
55960,31,46,15,7,14,7,0.156,0.444
55961,26,39,13,5,11,6,0.144,0.356
55962,27,40,13,5,11,6,0.144,0.356
55963,32,46,14,7,15,8,0.189,0.461
55964,30,43,13,6,13,7,0.217,0.439
55965,27,41,14,5,11,6,0.144,0.356
55967,25,38,13,4,10,6,0.139,0.417
55968,32,45,13,7,14,7,0.217,0.439
55969,29,42,13,6,13,7,0.261,0.467
55970,27,42,15,5,12,7,0.139,0.417
55971,27,40,13,5,11,6,0.144,0.356
55972,26,40,14,5,11,6,0.261,0.467
55973,25,39,14,5,11,6,0.139,0.417
55974,25,39,14,5,11,6,0.261,0.478
55975,25,39,14,5,10,5,0.144,0.356
55976,24,38,14,4,10,6,0.156,0.444
55977,26,40,14,5,11,6,0.139,0.417
55979,27,40,13,5,11,6,0.261,0.467
55981,31,45,14,7,14,7,0.217,0.439
55982,27,40,13,5,11,6,0.139,0.417
55983,31,46,15,7,15,8,0.189,0.461
55985,31,45,14,7,15,8,0.222,0.511
55987,30,43,13,7,13,6,0.261,0.467
55990,26,39,13,5,11,6,0.144,0.356
55991,31,45,14,7,14,7,0.217,0.439
55992,32,46,14,7,15,8,0.189,0.461
56001,31,46,15,7,14,7,0.189,0.506
56003,33,47,14,7,15,8,0.144,0.356
56007,29,44,15,6,13,7,0.133,0.406
56009,30,44,14,6,13,7,0.133,0.406
56010,36,51,15,8,16,8,0.189,0.506
56011,29,42,13,6,12,6,0.167,0.328
56013,32,47,15,7,15,8,0.139,0.356
56014,32,47,15,7,15,8,0.139,0.356
56016,28,43,15,6,13,7,0.133,0.406
56017,31,45,14,7,13,6,0.150,0.322
56019,32,47,15,7,14,7,0.144,0.278
56020,29,44,15,6,13,7,0.133,0.406
56021,34,48,14,8,15,7,0.144,0.356
56022,33,48,15,7,15,8,0.156,0.339
56023,32,47,15,7,15,8,0.139,0.356
56024,31,45,14,6,13,7,0.189,0.506
56025,33,48,15,7,15,8,0.139,0.356
56026,30,44,14,6,14,8,0.206,0.461
56027,32,48,16,7,15,8,0.139,0.356
56028,31,46,15,7,14,7,0.150,0.322
56029,30,45,15,6,14,8,0.133,0.406
56031,31,46,15,6,13,7,0.128,0.261
56032,31,46,15,6,14,8,0.133,0.406
56033,32,47,15,7,15,8,0.139,0.356
56034,35,50,15,8,16,8,0.189,0.506
56035,30,44,14,6,14,8,0.133,0.406
56036,29,44,15,6,13,7,0.133,0.406
56037,34,49,15,8,16,8,0.189,0.506
56039,31,46,15,6,14,8,0.128,0.261
56041,34,49,15,8,15,7,0.144,0.278
56042,30,44,14,6,13,7,0.133,0.406
56043,29,44,15,6,13,7,0.133,0.406
56044,32,47,15,7,14,7,0.150,0.306
56045,29,44,15,6,13,7,0.133,0.406
56046,32,46,14,7,15,8,0.206,0.461
56047,31,45,14,6,13,7,0.139,0.356
56048,31,46,15,7,14,7,0.150,0.372
56050,31,45,14,6,13,7,0.150,0.322
56051,31,46,15,7,14,7,0.139,0.356
56052,31,45,14,7,14,7,0.150,0.322
56054,33,48,15,8,15,7,0.144,0.356
56055,34,49,15,8,16,8,0.189,0.506
56056,34,49,15,8,16,8,0.156,0.339
56057,30,44,14,6,13,7,0.150,0.322
56058,32,47,15,7,15,8,0.150,0.322
56060,35,49,14,8,16,8,0.156,0.339
56062,35,50,15,8,16,8,0.156,0.339
56063,30,44,14,6,13,7,0.189,0.506
56065,34,49,15,8,16,8,0.189,0.506
56068,33,48,15,8,15,7,0.139,0.356
56069,29,43,14,6,13,7,0.150,0.322
56071,28,41,13,5,12,7,0.167,0.328
56072,31,45,14,6,14,8,0.150,0.372
56073,34,48,14,8,15,7,0.144,0.278
56074,33,47,14,7,15,8,0.144,0.356
56075,31,46,15,6,14,8,0.128,0.261
56078,32,47,15,7,15,8,0.189,0.506
56080,32,47,15,7,15,8,0.189,0.506
56081,34,49,15,8,16,8,0.156,0.339
56082,33,48,15,7,15,8,0.144,0.356
56083,31,46,15,6,13,7,0.150,0.200
56085,33,48,15,7,15,8,0.144,0.278
56087,32,46,14,6,13,7,0.144,0.278
56088,33,47,14,7,15,8,0.128,0.261
56089,29,44,15,6,13,7,0.133,0.406
56090,37,52,15,9,17,8,0.189,0.506
56091,32,47,15,7,15,8,0.150,0.372
56093,31,45,14,7,14,7,0.150,0.372
56096,31,46,15,7,14,7,0.150,0.322
56097,32,47,15,7,15,8,0.139,0.356
56098,31,46,15,7,14,7,0.139,0.356
56101,33,47,14,7,15,8,0.144,0.322
56110,31,45,14,6,12,6,0.178,0.250
56111,31,45,14,6,13,7,0.144,0.267
56113,25,37,12,4,9,5,0.078,0.128
56114,29,42,13,5,11,6,0.117,0.206
56115,27,39,12,4,10,6,0.089,0.150
56116,31,45,14,6,12,6,0.167,0.233
56117,29,43,14,5,11,6,0.178,0.250
56118,33,47,14,7,15,8,0.144,0.322
56119,28,42,14,5,11,6,0.178,0.250
56120,33,47,14,7,15,8,0.156,0.339
56121,32,47,15,6,14,8,0.128,0.261
56122,27,40,13,4,10,6,0.117,0.206
56123,29,42,13,5,11,6,0.117,0.206
56125,29,42,13,5,11,6,0.117,0.206
56127,31,46,15,6,13,7,0.128,0.261
56128,28,42,14,5,10,5,0.094,0.150
56129,35,49,14,7,15,8,0.178,0.250
56131,29,42,13,5,11,6,0.117,0.206
56132,28,40,12,5,10,5,0.117,0.206
56134,29,42,13,5,11,6,0.167,0.233
56136,24,35,11,4,8,4,0.078,0.128
56137,30,44,14,6,12,6,0.144,0.267
56138,34,48,14,7,14,7,0.167,0.233
56139,25,37,12,4,9,5,0.094,0.150
56140,27,40,13,5,10,5,,
56141,28,42,14,5,10,5,0.117,0.206
56142,25,37,12,4,9,5,0.078,0.128
56143,30,45,15,6,12,6,0.144,0.267
56144,28,40,12,5,10,5,0.094,0.150
56145,32,45,13,6,13,7,0.144,0.322
56146,33,48,15,7,14,7,0.167,0.233
56147,30,44,14,5,11,6,0.167,0.233
56149,23,34,11,3,8,5,0.078,0.128
56150,29,44,15,5,12,7,0.144,0.267
56151,27,40,13,4,10,6,0.117,0.206
56152,31,45,14,6,13,7,0.150,0.200
56153,28,41,13,5,10,5,0.178,0.250
56155,29,43,14,5,11,6,0.178,0.250
56156,32,46,14,6,13,7,0.167,0.233
56157,27,39,12,5,10,5,0.089,0.150
56158,32,46,14,6,13,7,0.167,0.233
56159,32,47,15,7,14,7,0.144,0.322
56160,32,47,15,6,14,8,0.156,0.339
56161,29,44,15,5,12,7,0.144,0.267
56162,32,47,15,7,14,7,0.128,0.261
56164,28,40,12,5,10,5,0.094,0.150
56165,29,43,14,5,11,6,0.178,0.250
56166,30,44,14,5,12,7,0.150,0.200
56167,30,44,14,5,12,7,0.178,0.250
56168,31,45,14,6,12,6,0.178,0.250
56169,26,38,12,4,9,5,0.089,0.150
56170,25,37,12,4,9,5,0.094,0.150
56171,31,46,15,6,13,7,0.128,0.261
56172,28,41,13,5,10,5,0.117,0.206
56173,35,49,14,7,15,8,0.167,0.233
56174,31,44,13,6,13,7,0.144,0.322
56175,28,41,13,4,10,6,0.089,0.150
56176,32,46,14,6,14,8,0.128,0.261
56177,28,40,12,5,10,5,,
56178,24,36,12,4,8,4,0.078,0.128
56180,30,43,13,5,12,7,0.150,0.200
56181,31,46,15,6,13,7,0.128,0.261
56183,30,43,13,5,12,7,0.144,0.322
56185,29,43,14,5,11,6,0.178,0.250
56186,26,38,12,4,9,5,0.094,0.150
56187,29,42,13,5,11,6,0.178,0.250
56201,27,39,12,5,10,5,0.150,0.233
56207,26,37,11,6,10,4,0.111,0.217
56208,30,43,13,7,13,6,0.161,0.367
56209,28,40,12,5,11,6,0.150,0.233
56210,28,39,11,6,11,5,0.122,0.261
56211,29,40,11,7,12,5,0.122,0.261
56212,32,44,12,8,13,5,0.178,0.383
56214,33,46,13,7,14,7,0.150,0.200
56215,29,41,12,6,11,5,0.161,0.367
56216,29,43,14,6,12,6,0.150,0.233
56218,31,44,13,7,13,6,0.178,0.383
56219,30,40,10,7,12,5,0.106,0.183
56220,31,43,12,6,12,6,0.161,0.267
56221,26,36,10,6,10,4,0.111,0.217
56222,30,43,13,6,12,6,0.144,0.378
56223,32,44,12,7,13,6,0.161,0.267
56224,32,46,14,6,13,7,0.150,0.200
56225,27,38,11,6,11,5,0.122,0.261
56226,28,40,12,6,11,5,0.111,0.178
56227,28,39,11,6,11,5,0.122,0.261
56228,30,43,13,6,12,6,0.122,0.161
56229,32,45,13,7,13,6,0.089,0.150
56230,31,44,13,6,13,7,0.150,0.222
56231,29,41,12,6,12,6,0.161,0.367
56232,32,45,13,8,14,6,0.178,0.383
56235,25,36,11,6,10,4,0.111,0.217
56236,28,39,11,6,11,5,0.106,0.183
56237,32,46,14,7,13,6,0.161,0.267
56239,29,41,12,5,11,6,0.089,0.150
56240,28,39,11,6,11,5,0.122,0.261
56241,34,47,13,8,15,7,0.161,0.267
56243,28,41,13,5,11,6,0.122,0.161
56244,27,38,11,6,10,4,0.111,0.217
56245,33,46,13,7,14,7,0.161,0.267
56248,27,37,10,6,11,5,0.094,0.217
56249,29,41,12,6,12,6,0.161,0.367
56251,27,39,12,5,10,5,0.150,0.233
56252,28,41,13,6,11,5,0.161,0.367
56253,29,43,14,6,12,6,0.150,0.233
56255,31,45,14,6,13,7,0.150,0.200
56256,35,48,13,9,15,6,0.178,0.383
56257,32,44,12,7,13,6,0.178,0.383
56258,30,42,12,5,11,6,0.089,0.150
56260,31,44,13,7,13,6,0.144,0.378
56262,32,44,12,7,13,6,0.144,0.378
56263,31,44,13,6,12,6,0.150,0.200
56264,30,42,12,6,11,5,0.089,0.150
56265,30,43,13,7,12,5,0.144,0.378
56266,33,47,14,7,14,7,0.150,0.200
56267,26,37,11,6,10,4,0.111,0.217
56270,34,48,14,8,15,7,0.150,0.222
56271,28,41,13,6,11,5,0.161,0.367
56273,28,41,13,6,11,5,0.150,0.233
56274,27,38,11,6,11,5,0.094,0.217
56276,29,41,12,6,12,6,0.122,0.261
56277,31,44,13,7,13,6,0.150,0.222
56278,28,39,11,6,11,5,0.122,0.261
56279,27,39,12,5,10,5,0.150,0.233
56280,30,42,12,6,11,5,0.161,0.267
56281,30,43,13,6,12,6,0.150,0.233
56282,29,42,13,6,12,6,0.150,0.233
56283,33,47,14,7,14,7,0.150,0.200
56284,31,45,14,7,13,6,0.150,0.222
56285,32,45,13,7,13,6,0.150,0.222
56287,32,46,14,7,13,6,0.150,0.200
56288,28,41,13,6,11,5,0.150,0.233
56289,27,39,12,5,10,5,0.150,0.233
56291,30,43,13,6,12,6,0.089,0.150
56292,32,46,14,6,13,7,0.150,0.200
56293,32,46,14,6,13,7,0.150,0.200
56294,32,46,14,6,13,7,0.150,0.200
56295,30,43,13,7,12,5,0.144,0.378
56296,30,41,11,7,12,5,0.106,0.183
56297,33,46,13,7,14,7,0.161,0.267
56301,24,35,11,4,9,5,0.100,0.183
56303,23,35,12,4,8,4,0.100,0.183
56304,23,35,12,4,8,4,0.156,0.200
56307,25,37,12,5,9,4,0.100,0.183
56308,19,28,9,3,6,3,0.078,0.167
56309,23,32,9,4,8,4,0.094,0.217
56310,26,37,11,5,9,4,0.100,0.183
56311,24,34,10,5,9,4,0.094,0.217
56312,27,38,11,5,10,5,0.100,0.183
56313,22,33,11,4,8,4,0.122,0.200
56314,25,36,11,5,9,4,0.094,0.178
56315,20,30,10,3,7,4,0.078,0.167
56316,25,36,11,5,9,4,0.100,0.183
56318,24,35,11,4,9,5,0.106,0.211
56319,20,30,10,4,7,3,0.078,0.167
56320,25,37,12,5,9,4,0.100,0.183
56321,26,38,12,5,10,5,0.100,0.183
56323,25,36,11,5,9,4,0.111,0.178
56324,21,31,10,4,7,3,0.078,0.150
56325,26,37,11,5,10,5,0.100,0.183
56326,21,31,10,4,7,3,0.078,0.167
56327,21,31,10,4,8,4,0.078,0.167
56328,24,36,12,5,9,4,0.094,0.178
56329,23,34,11,4,9,5,0.117,0.189
56330,22,33,11,4,8,4,0.122,0.200
56331,26,37,11,5,9,4,0.100,0.183
56332,19,29,10,3,7,4,0.078,0.167
56334,24,35,11,5,9,4,0.111,0.178
56335,26,38,12,5,10,5,0.100,0.183
56336,25,36,11,5,9,4,0.106,0.211
56338,18,27,9,3,6,3,0.094,0.178
56339,23,33,10,4,8,4,0.094,0.217
56340,25,36,11,5,9,4,0.100,0.183
56342,15,23,8,2,4,2,0.122,0.200
56343,22,32,10,4,8,4,0.078,0.167
56345,25,36,11,5,9,4,0.094,0.178
56347,23,34,11,4,8,4,0.106,0.211
56349,23,34,11,4,8,4,0.111,0.178
56350,14,22,8,2,4,2,0.050,0.128
56352,27,38,11,5,10,5,0.100,0.183
56353,22,32,10,4,8,4,0.122,0.200
56354,20,30,10,3,7,4,0.078,0.167
56355,21,30,9,4,7,3,0.078,0.167
56356,27,39,12,5,10,5,0.100,0.183
56357,24,35,11,5,9,4,0.117,0.189
56358,22,32,10,4,8,4,0.144,0.183
56359,17,26,9,3,5,2,0.122,0.200
56360,22,32,10,4,8,4,0.078,0.167
56361,19,28,9,3,6,3,0.078,0.150
56362,27,39,12,5,10,5,0.100,0.183
56363,23,34,11,4,9,5,0.122,0.200
56364,21,31,10,4,7,3,0.094,0.178
56367,24,35,11,4,8,4,0.117,0.189
56368,26,38,12,5,10,5,0.100,0.183
56369,25,37,12,5,9,4,0.100,0.183
56371,27,39,12,5,10,5,0.100,0.183
56373,24,36,12,5,9,4,0.094,0.178
56374,25,37,12,5,9,4,0.100,0.183
56375,24,35,11,4,8,4,0.100,0.183
56376,26,38,12,5,10,5,0.100,0.183
56377,24,35,11,4,8,4,0.100,0.183
56378,25,36,11,5,9,4,0.100,0.183
56379,23,34,11,4,8,4,0.117,0.189
56381,26,37,11,5,10,5,0.111,0.178
56382,25,36,11,5,9,4,0.094,0.178
56384,25,36,11,5,9,4,0.094,0.178
56385,23,33,10,4,8,4,0.111,0.178
56386,15,24,9,2,5,3,0.122,0.200
56387,24,35,11,4,9,5,0.100,0.183
56389,24,34,10,4,9,5,0.106,0.211
56401,16,25,9,2,5,3,0.061,0.144
56425,17,26,9,3,5,2,0.061,0.144
56431,14,23,9,2,4,2,0.050,0.128
56433,13,21,8,2,3,1,0.028,0.050
56434,21,30,9,4,7,3,0.106,0.211
56435,15,22,7,2,4,2,0.061,0.161
56436,13,20,7,1,3,2,0.028,0.050
56437,19,28,9,3,6,3,0.106,0.211
56438,22,32,10,4,8,4,0.106,0.211
56440,22,32,10,4,7,3,0.106,0.211
56441,16,24,8,2,4,2,0.061,0.144
56442,18,26,8,3,5,2,0.061,0.144
56443,20,30,10,3,7,4,0.094,0.178
56444,15,23,8,2,4,2,0.061,0.144
56446,20,30,10,4,7,3,0.106,0.211
56447,16,24,8,2,5,3,0.061,0.144
56448,17,25,8,2,5,3,0.061,0.144
56449,20,30,10,3,6,3,0.061,0.144
56450,15,24,9,2,5,3,0.061,0.144
56452,14,21,7,2,4,2,0.061,0.161
56453,17,26,9,3,6,3,0.106,0.211
56455,15,23,8,2,4,2,0.061,0.144
56456,13,20,7,1,3,2,,
56458,12,20,8,1,3,2,0.028,0.050
56461,13,20,7,1,3,2,0.028,0.050
56464,15,23,8,2,4,2,0.072,0.161
56465,16,25,9,2,5,3,0.061,0.144
56466,18,27,9,3,6,3,0.094,0.178
56467,14,22,8,2,4,2,0.028,0.050
56468,16,24,8,2,5,3,0.061,0.144
56469,15,23,8,2,4,2,0.050,0.128
56470,14,22,8,2,4,2,0.028,0.050
56472,15,23,8,2,4,2,0.061,0.144
56473,18,27,9,3,6,3,0.061,0.161
56474,15,23,8,2,4,2,0.061,0.161
56475,23,33,10,4,8,4,0.094,0.178
56477,17,25,8,3,5,2,0.072,0.161
56479,21,31,10,4,8,4,0.106,0.211
56481,19,28,9,3,6,3,0.072,0.161
56482,17,25,8,3,6,3,0.072,0.161
56484,14,21,7,2,3,1,0.061,0.161
56501,17,25,8,3,5,2,0.067,0.072
56510,24,33,9,5,8,3,0.056,0.111
56511,17,25,8,3,5,2,0.067,0.072
56514,24,33,9,5,8,3,0.067,0.122
56515,21,30,9,4,7,3,0.078,0.150
56516,17,25,8,3,5,2,0.056,0.056
56517,21,30,9,4,7,3,0.028,0.072
56518,18,27,9,3,6,3,0.078,0.150
56519,24,32,8,5,8,3,0.056,0.111
56520,27,38,11,6,11,5,0.072,0.161
56521,16,23,7,2,5,3,0.067,0.072
56522,24,34,10,5,9,4,0.072,0.161
56523,21,29,8,4,7,3,0.028,0.072
56524,20,29,9,3,7,4,0.078,0.150
56525,25,34,9,5,9,4,0.067,0.122
56527,18,27,9,3,6,3,0.078,0.150
56528,19,28,9,3,6,3,0.078,0.150
56529,24,33,9,5,8,3,0.067,0.122
56531,24,34,10,5,9,4,0.094,0.217
56533,20,29,9,4,7,3,0.078,0.150
56534,20,28,8,3,6,3,0.078,0.150
56535,15,23,8,2,4,2,0.028,0.072
56536,24,33,9,5,8,3,0.067,0.122
56537,20,29,9,3,7,4,0.078,0.150
56540,18,26,8,3,5,2,0.028,0.072
56541,18,26,8,3,5,2,0.056,0.111
56542,14,21,7,2,4,2,0.028,0.072
56543,24,34,10,5,8,3,0.072,0.161
56544,17,25,8,2,5,3,0.067,0.072
56545,19,28,9,3,6,3,0.056,0.111
56546,25,34,9,5,9,4,0.067,0.122
56547,24,33,9,5,8,3,0.067,0.122
56548,24,32,8,5,8,3,0.056,0.111
56549,21,29,8,4,7,3,0.067,0.122
56550,24,33,9,5,8,3,0.056,0.111
56551,20,29,9,3,7,4,0.078,0.150
56552,20,29,9,4,7,3,0.067,0.122
56553,28,38,10,6,11,5,0.072,0.161
56554,18,25,7,3,5,2,0.067,0.072
56556,15,22,7,2,4,2,0.028,0.072
56557,16,24,8,2,5,3,0.056,0.056
56560,24,33,9,5,8,3,0.067,0.122
56565,25,35,10,5,9,4,0.072,0.161
56566,12,19,7,1,3,2,0.056,0.056
56567,19,28,9,3,6,3,0.078,0.150
56568,22,31,9,4,8,4,0.028,0.072
56569,15,22,7,2,4,2,0.067,0.072
56570,13,21,8,2,4,2,0.067,0.072
56571,22,32,10,4,8,4,0.078,0.150
56572,19,27,8,3,6,3,0.078,0.150
56573,19,29,10,3,6,3,0.078,0.150
56574,24,33,9,5,9,4,0.056,0.111
56575,13,19,6,1,3,2,0.067,0.072
56576,21,31,10,4,7,3,0.078,0.150
56577,15,22,7,2,4,2,0.067,0.072
56578,14,22,8,2,4,2,0.067,0.072
56579,23,32,9,5,8,3,0.072,0.161
56580,24,33,9,5,9,4,0.067,0.122
56581,23,32,9,4,8,4,0.056,0.111
56583,26,36,10,5,10,5,0.106,0.183
56584,19,28,9,3,6,3,0.056,0.111
56585,20,28,8,4,7,3,0.067,0.122
56586,20,29,9,3,7,4,0.078,0.150
56587,18,26,8,3,5,2,0.078,0.150
56588,19,28,9,3,6,3,0.078,0.150
56589,14,21,7,2,4,2,0.056,0.056
56590,24,35,11,5,9,4,0.094,0.217
56591,14,21,7,2,4,2,0.067,0.072
56592,16,24,8,3,5,2,0.028,0.072
56593,14,22,8,2,4,2,0.067,0.072
56594,26,35,9,6,10,4,0.072,0.161
56601,11,18,7,1,2,1,0.033,0.072
56621,12,19,7,1,3,2,0.011,0.056
56623,12,19,7,2,3,1,0.022,0.078
56626,14,21,7,2,4,2,0.061,0.161
56627,13,20,7,2,4,2,0.028,0.067
56628,10,16,6,1,2,1,0.017,0.050
56629,10,16,6,1,3,2,0.028,0.067
56630,12,19,7,1,3,2,0.033,0.072
56633,13,20,7,1,3,2,0.061,0.161
56634,12,19,7,1,3,2,0.011,0.056
56636,13,20,7,2,3,1,0.017,0.050
56637,11,17,6,1,3,2,0.017,0.050
56639,11,18,7,1,3,2,0.017,0.050
56641,15,22,7,2,4,2,0.061,0.161
56644,13,21,8,2,4,2,0.011,0.056
56646,14,21,7,2,4,2,0.028,0.072
56647,12,18,6,1,3,2,0.033,0.072
56649,9,15,6,1,2,1,0.028,0.067
56650,12,19,7,2,4,2,0.033,0.072
56651,13,20,7,2,3,1,0.056,0.056
56652,12,18,6,1,3,2,0.011,0.056
56653,11,18,7,1,3,2,0.028,0.067
56654,10,17,7,1,3,2,0.028,0.067
56655,14,21,7,2,4,2,0.061,0.161
56657,10,16,6,1,2,1,0.017,0.050
56658,14,21,7,2,4,2,0.028,0.067
56659,12,19,7,2,3,1,0.017,0.050
56660,12,19,7,2,3,1,0.028,0.067
56661,12,19,7,2,3,1,0.017,0.050
56662,14,22,8,2,4,2,0.061,0.161
56663,12,20,8,1,3,2,0.033,0.072
56666,13,20,7,2,4,2,0.033,0.072
56667,11,18,7,1,3,2,0.033,0.072
56668,9,14,5,1,2,1,0.028,0.067
56669,10,16,6,1,2,1,0.044,0.056
56670,11,18,7,2,3,1,0.033,0.072
56672,13,20,7,2,3,1,0.061,0.161
56673,12,18,6,2,3,1,0.022,0.033
56676,12,19,7,1,3,2,0.011,0.056
56678,12,19,7,1,3,2,0.033,0.072
56680,12,18,6,1,3,2,0.017,0.050
56681,13,20,7,2,3,1,0.017,0.050
56683,11,18,7,1,3,2,0.033,0.072
56684,14,22,8,2,4,2,0.028,0.072
56685,14,21,7,2,4,2,0.033,0.072
56686,12,18,6,2,3,1,0.022,0.078
56687,11,17,6,1,2,1,,
56688,12,18,6,1,3,2,0.017,0.050
56701,16,24,8,3,5,2,0.028,0.056
56710,19,27,8,3,6,3,0.028,0.044
56711,7,12,5,1,2,1,0.022,0.078
56713,19,27,8,3,6,3,0.028,0.044
56714,14,20,6,2,4,2,0.022,0.033
56715,15,22,7,2,4,2,0.028,0.044
56716,19,27,8,3,6,3,0.028,0.072
56720,19,27,8,3,6,3,0.017,0.056
56721,20,28,8,4,7,3,0.028,0.072
56722,18,26,8,3,6,3,0.028,0.072
56723,19,27,8,3,6,3,0.028,0.072
56724,16,23,7,3,5,2,0.028,0.044
56725,16,23,7,3,5,2,0.028,0.056
56726,15,22,7,2,4,2,0.022,0.033
56727,15,22,7,2,4,2,0.028,0.044
56728,18,26,8,3,6,3,0.017,0.056
56729,16,24,8,3,5,2,0.017,0.056
56731,17,24,7,3,5,2,0.017,0.056
56732,16,24,8,3,5,2,0.017,0.056
56733,19,26,7,3,6,3,0.017,0.056
56734,16,23,7,3,5,2,0.017,0.056
56735,15,21,6,2,4,2,0.017,0.056
56736,16,24,8,3,5,2,0.028,0.072
56737,16,24,8,3,5,2,0.028,0.044
56738,17,24,7,3,5,2,0.028,0.044
56741,7,11,4,1,2,1,0.022,0.078
56742,15,22,7,2,4,2,0.028,0.044
56744,20,28,8,4,6,2,0.028,0.044
56748,15,23,8,3,5,2,0.028,0.044
56750,18,25,7,3,6,3,0.028,0.044
56751,14,21,7,2,4,2,0.022,0.033
56754,16,24,8,3,5,2,0.028,0.056
56755,16,23,7,3,5,2,0.017,0.056
56756,12,19,7,2,4,2,0.022,0.033
56757,19,27,8,3,6,3,0.028,0.044
56758,17,24,7,3,5,2,0.028,0.044
56759,16,23,7,2,5,3,0.022,0.033
56760,17,25,8,3,5,2,0.028,0.044
56761,15,23,8,3,5,2,0.022,0.033
56762,18,26,8,3,6,3,0.028,0.044
56763,12,18,6,2,3,1,0.022,0.033
57001,40,55,15,9,18,9,0.239,0.394
57002,24,35,11,3,8,5,0.056,0.100
57003,31,45,14,6,12,6,0.133,0.178
57004,37,52,15,8,16,8,0.239,0.394
57005,36,50,14,7,15,8,0.133,0.178
57006,23,34,11,3,7,4,0.056,0.100
57010,50,66,16,14,25,11,0.289,0.483
57012,35,49,14,7,15,8,0.111,0.150
57013,40,55,15,9,18,9,0.233,0.361
57014,41,56,15,10,18,8,0.217,0.350
57015,38,52,14,9,16,7,0.217,0.350
57016,29,42,13,5,10,5,0.100,0.144
57017,27,39,12,5,9,4,0.083,0.128
57018,30,43,13,6,11,5,0.133,0.178
57020,31,44,13,6,12,6,0.133,0.178
57021,42,57,15,10,19,9,0.217,0.350
57022,30,43,13,6,11,5,0.133,0.178
57024,27,39,12,5,9,4,0.083,0.128
57025,49,64,15,13,24,11,0.239,0.394
57026,24,34,11,4,8,4,0.056,0.100
57027,41,56,15,10,18,8,0.233,0.361
57028,25,37,12,4,9,5,0.083,0.128
57029,40,54,14,9,17,8,0.172,0.300
57030,30,43,14,6,11,6,0.133,0.178
57031,45,61,16,11,21,10,0.172,0.294
57032,37,52,15,8,15,7,0.233,0.361
57033,32,45,13,6,12,6,0.133,0.178
57034,40,56,16,10,18,8,0.233,0.361
57035,31,45,14,6,12,6,0.133,0.178
57036,42,57,15,10,19,9,0.217,0.350
57037,40,55,15,9,18,9,0.172,0.294
57038,47,63,16,12,23,11,0.239,0.394
57039,40,54,14,9,17,8,0.233,0.361
57040,43,58,15,10,19,9,0.172,0.294
57041,30,44,14,6,11,5,0.133,0.178
57042,27,39,12,5,9,4,0.100,0.144
57043,37,51,14,8,16,8,0.217,0.350
57045,45,60,15,11,20,9,0.172,0.300
57046,43,58,15,10,19,9,0.172,0.294
57047,37,51,14,8,16,8,0.217,0.350
57048,33,46,13,7,13,6,0.111,0.150
57049,46,62,16,12,22,10,0.239,0.394
57050,26,37,11,4,9,5,0.100,0.144
57051,28,39,11,5,9,4,0.106,0.172
57052,46,61,15,12,21,9,0.172,0.300
57053,40,55,15,10,18,8,0.217,0.350
57054,25,37,12,4,8,4,0.100,0.144
57055,33,46,13,6,13,7,0.133,0.178
57057,27,39,12,5,9,4,0.100,0.144
57058,35,49,14,8,15,7,0.111,0.150
57059,45,60,15,11,21,10,0.250,0.411
57061,26,37,11,4,9,5,0.056,0.100
57062,50,65,15,14,24,10,0.250,0.411
57063,43,58,15,10,19,9,0.250,0.411
57064,35,49,14,7,14,7,0.233,0.361
57065,29,41,12,5,11,6,0.083,0.128
57066,46,61,15,12,21,9,0.250,0.411
57067,42,57,15,10,18,8,0.172,0.294
57068,32,46,14,6,13,6,0.133,0.178
57069,52,67,15,15,25,10,0.289,0.483
57070,41,56,15,10,18,8,0.217,0.350
57071,24,35,11,4,8,4,0.056,0.100
57072,43,58,15,10,19,9,0.172,0.294
57073,41,57,16,10,18,8,0.289,0.483
57075,29,41,12,5,10,5,0.100,0.144
57076,30,42,12,6,11,5,0.139,0.217
57077,39,54,15,9,17,8,0.233,0.361
57078,42,58,16,10,19,9,0.172,0.294
57103,33,47,14,7,13,6,0.133,0.178
57104,34,47,13,7,13,6,0.133,0.178
57105,33,47,14,7,13,6,0.133,0.178
57106,33,47,14,7,13,6,0.133,0.178
57107,34,47,13,7,13,6,0.133,0.178
57108,34,49,15,7,14,7,0.233,0.361
57110,35,49,14,7,14,7,0.133,0.178
57117,34,48,14,7,14,7,,
57197,33,47,14,7,13,6,0.133,0.178
57201,23,33,10,4,8,4,0.050,0.083
57212,27,39,12,5,9,4,0.106,0.172
57213,23,34,11,3,8,5,0.056,0.133
57214,28,39,11,5,10,5,0.106,0.172
57216,29,40,11,6,12,6,0.072,0.133
57217,24,34,10,4,8,4,0.050,0.111
57218,23,33,10,4,8,4,0.056,0.133
57219,25,35,10,4,9,5,0.078,0.100
57220,25,36,11,4,8,4,0.056,0.100
57221,26,37,11,4,8,4,0.039,0.072
57223,25,36,11,4,9,5,0.039,0.072
57224,28,38,10,6,11,5,0.106,0.144
57225,25,35,10,4,8,4,0.050,0.111
57226,22,33,11,4,8,4,0.056,0.133
57227,29,40,11,6,12,6,0.106,0.144
57231,29,41,12,5,10,5,0.106,0.172
57232,24,34,10,4,8,4,0.106,0.122
57233,26,38,12,4,9,5,0.106,0.172
57234,25,36,11,4,9,5,0.039,0.072
57235,24,34,10,4,8,4,0.050,0.083
57236,24,34,10,4,8,4,0.050,0.111
57237,26,37,11,5,10,5,0.056,0.133
57238,21,31,10,3,7,4,0.056,0.133
57239,24,34,10,4,8,4,0.078,0.100
57241,26,36,10,4,9,5,0.039,0.072
57242,24,35,11,4,8,4,0.039,0.072
57243,24,34,10,4,8,4,0.050,0.083
57245,22,31,9,4,7,3,0.050,0.083
57246,28,39,11,6,11,5,0.072,0.133
57247,24,34,10,5,9,4,0.106,0.122
57248,27,38,11,5,9,4,0.039,0.072
57249,28,40,12,5,10,5,0.106,0.172
57251,24,34,10,4,9,5,0.072,0.133
57252,30,41,11,7,12,5,0.072,0.133
57255,27,38,11,6,11,5,0.106,0.144
57256,22,32,10,4,7,3,0.106,0.144
57257,26,36,10,5,10,5,0.106,0.144
57258,30,40,10,6,11,5,0.050,0.111
57259,29,40,11,6,11,5,0.072,0.133
57260,28,38,10,6,11,5,0.106,0.144
57261,25,35,10,5,9,4,0.078,0.100
57262,27,37,10,6,10,4,0.106,0.144
57263,22,31,9,4,7,3,0.050,0.083
57264,25,36,11,5,9,4,0.072,0.133
57265,23,34,11,4,8,4,0.072,0.133
57266,21,31,10,3,7,4,0.106,0.144
57268,21,32,11,3,7,4,0.056,0.133
57269,27,38,11,6,10,4,0.072,0.133
57270,26,35,9,5,9,4,0.106,0.122
57271,24,35,11,4,8,4,0.050,0.111
57272,24,35,11,4,8,4,0.050,0.083
57273,24,33,9,4,8,4,0.078,0.100
57274,25,35,10,4,8,4,0.078,0.100
57276,22,33,11,3,7,4,0.056,0.100
57278,27,37,10,5,9,4,0.050,0.111
57279,28,39,11,6,11,5,0.106,0.144
57301,41,55,14,10,18,8,0.150,0.211
57311,44,58,14,11,20,9,0.139,0.206
57312,39,52,13,9,17,8,0.128,0.128
57313,50,65,15,15,24,9,0.172,0.228
57314,40,54,14,10,18,8,0.194,0.267
57315,47,62,15,13,22,9,0.250,0.411
57317,43,57,14,11,19,8,0.150,0.239
57319,38,52,14,9,16,7,0.111,0.150
57321,36,49,13,8,15,7,0.139,0.217
57322,33,45,12,7,13,6,0.122,0.211
57323,35,48,13,8,15,7,0.139,0.217
57324,37,49,12,9,15,6,0.122,0.211
57325,45,59,14,12,20,8,0.100,0.117
57328,48,62,14,14,23,9,0.172,0.228
57330,48,63,15,14,23,9,0.172,0.228
57331,46,60,14,12,21,9,0.172,0.300
57332,41,55,14,10,18,8,0.139,0.206
57334,45,59,14,12,21,9,0.150,0.211
57335,44,59,15,11,20,9,0.150,0.239
57337,39,52,13,9,17,8,0.139,0.217
57339,43,56,13,10,17,7,0.094,0.122
57340,42,57,15,10,19,9,0.139,0.206
57341,42,55,13,10,18,8,0.094,0.122
57342,47,62,15,13,22,9,0.206,0.350
57344,48,62,14,13,22,9,0.172,0.228
57345,39,52,13,9,15,6,0.044,0.072
57346,40,53,13,8,15,7,0.044,0.072
57348,35,47,12,8,14,6,0.122,0.211
57349,33,46,13,7,13,6,0.139,0.217
57350,36,49,13,8,15,7,0.122,0.211
57353,34,46,12,7,14,7,0.106,0.172
57355,45,59,14,12,20,8,0.100,0.117
57356,49,63,14,14,23,9,0.206,0.350
57358,41,54,13,10,18,8,0.194,0.267
57359,41,55,14,10,18,8,0.194,0.267
57363,43,57,14,11,19,8,0.150,0.211
57364,48,62,14,13,22,9,0.172,0.228
57365,48,62,14,13,22,9,0.078,0.083
57366,46,61,15,12,22,10,0.172,0.300
57367,48,63,15,13,23,10,0.206,0.350
57368,45,59,14,12,20,8,0.111,0.161
57369,47,61,14,13,21,8,0.206,0.350
57370,46,60,14,12,21,9,0.100,0.117
57374,39,53,14,9,17,8,0.111,0.150
57375,46,60,14,12,21,9,0.111,0.161
57376,45,60,15,12,21,9,0.172,0.300
57379,39,51,12,9,16,7,0.122,0.211
57380,51,65,14,15,24,9,0.206,0.350
57381,38,51,13,9,16,7,0.122,0.211
57382,40,53,13,9,17,8,0.128,0.128
57383,46,60,14,13,21,8,0.111,0.161
57384,37,50,13,9,15,6,0.122,0.211
57385,41,55,14,10,18,8,0.194,0.267
57386,35,47,12,8,14,6,0.122,0.211
57401,31,42,11,7,11,4,0.100,0.122
57420,32,44,12,5,10,5,0.033,0.061
57421,31,42,11,7,12,5,0.106,0.122
57422,28,39,11,6,10,4,0.078,0.100
57424,35,46,11,8,14,6,0.056,0.122
57426,28,39,11,6,10,4,0.100,0.122
57427,31,42,11,7,12,5,0.100,0.122
57428,28,38,10,4,8,4,0.061,0.100
57429,33,45,12,8,13,5,0.056,0.122
57430,30,41,11,7,12,5,0.106,0.122
57432,30,40,10,7,11,4,0.100,0.122
57433,29,39,10,6,10,4,0.100,0.122
57434,31,42,11,7,12,5,0.056,0.122
57435,34,46,12,8,13,5,0.050,0.144
57436,33,44,11,7,13,6,0.056,0.122
57437,26,36,10,4,8,4,0.067,0.094
57438,35,47,12,8,13,5,0.050,0.144
57439,32,43,11,7,13,6,0.100,0.122
57440,35,46,11,8,14,6,0.056,0.122
57441,28,39,11,6,10,4,0.100,0.122
57445,31,42,11,7,12,5,0.100,0.122
57446,29,39,10,6,11,5,0.100,0.122
57448,26,36,10,4,8,4,0.061,0.100
57449,28,39,11,6,10,4,0.100,0.122
57450,32,43,11,6,11,5,0.050,0.100
57451,31,42,11,6,12,6,0.061,0.100
57452,27,37,10,4,8,4,0.033,0.061
57454,28,38,10,6,10,4,0.106,0.122
57456,28,38,10,5,9,4,0.067,0.094
57457,23,32,9,3,7,4,0.067,0.094
57460,33,45,12,7,13,6,0.100,0.122
57461,34,45,11,8,13,5,0.056,0.122
57465,34,45,11,8,13,5,0.056,0.122
57466,31,43,12,6,11,5,0.050,0.144
57467,36,48,12,8,14,6,0.056,0.106
57468,27,37,10,5,10,5,0.078,0.100
57469,35,47,12,8,14,6,0.056,0.122
57470,35,47,12,8,14,6,0.050,0.144
57471,28,39,11,5,9,4,0.061,0.100
57472,28,38,10,4,8,4,0.033,0.061
57473,35,47,12,7,13,6,0.050,0.144
57474,33,44,11,7,13,6,0.100,0.122
57475,31,42,11,5,10,5,0.050,0.100
57476,35,47,12,8,14,6,0.056,0.122
57477,33,44,11,7,13,6,0.056,0.122
57479,33,44,11,7,13,6,0.100,0.122
57481,30,40,10,6,11,5,0.100,0.122
57501,47,60,13,12,20,8,0.056,0.061
57521,48,61,13,10,18,8,0.044,0.033
57522,43,56,13,10,17,7,0.056,0.061
57523,44,59,15,10,19,9,0.150,0.239
57528,43,58,15,9,17,8,0.067,0.083
57529,45,59,14,10,18,8,0.067,0.083
57531,48,61,13,11,19,8,0.044,0.056
57532,47,60,13,11,19,8,0.039,0.061
57533,45,60,15,11,19,8,0.150,0.239
57534,47,61,14,11,20,9,0.067,0.083
57536,42,55,13,9,16,7,0.056,0.061
57538,42,57,15,10,18,8,0.150,0.239
57540,39,52,13,8,15,7,0.044,0.072
57541,48,62,14,11,20,9,0.067,0.083
57543,47,59,12,8,16,8,0.044,0.033
57544,50,63,13,13,22,9,0.078,0.083
57547,44,57,13,6,14,8,0.044,0.033
57548,44,58,14,10,18,8,0.078,0.083
57551,37,50,13,3,8,5,0.017,0.017
57552,45,58,13,9,17,8,0.044,0.050
57553,42,54,12,7,14,7,0.044,0.050
57555,37,50,13,4,10,6,0.039,0.039
57559,47,60,13,10,18,8,0.044,0.056
57560,43,56,13,6,14,8,0.044,0.056
57562,47,60,13,10,18,8,0.044,0.056
57563,44,58,14,8,16,8,0.039,0.039
57564,37,49,12,8,14,6,0.039,0.100
57566,40,53,13,5,12,7,0.039,0.039
57567,45,58,13,8,16,8,0.044,0.050
57568,49,63,14,12,21,9,0.078,0.083
57569,46,60,14,12,20,8,0.078,0.083
57570,37,50,13,4,10,6,0.039,0.039
57571,40,55,15,9,17,8,0.150,0.239
57572,37,50,13,4,10,6,0.039,0.039
57574,37,50,13,3,9,6,0.017,0.017
57576,49,62,13,12,20,8,0.078,0.083
57577,45,58,13,6,14,8,0.044,0.033
57579,48,61,13,10,19,9,0.044,0.056
57580,46,60,14,10,18,8,0.067,0.083
57584,48,63,15,11,20,9,0.067,0.083
57585,47,61,14,10,19,9,0.044,0.056
57601,31,42,11,5,9,4,0.033,0.061
57620,31,43,12,3,7,4,0.017,0.017
57621,30,42,12,4,8,4,0.039,0.044
57626,35,46,11,4,9,5,0.017,0.017
57631,30,41,11,5,9,4,0.033,0.061
57632,29,40,11,5,9,4,0.039,0.072
57633,31,43,12,4,8,4,0.044,0.061
57634,31,43,12,4,8,4,0.039,0.044
57638,28,40,11,4,6,3,0.017,0.017
57639,30,41,11,4,8,4,0.039,0.044
57640,27,39,12,3,6,3,0.017,0.017
57641,30,41,11,4,8,4,0.039,0.044
57642,28,40,11,4,8,4,0.039,0.044
57644,32,43,11,4,8,4,0.017,0.017
57645,28,40,12,3,6,4,0.039,0.044
57646,29,40,11,5,9,4,0.039,0.072
57648,30,42,12,5,10,4,0.039,0.072
57649,29,40,11,3,6,3,0.017,0.017
57650,26,38,12,2,5,3,0.000,0.006
57651,26,37,11,2,5,3,0.000,0.006
57656,31,42,11,4,8,4,0.044,0.061
57657,30,42,12,4,8,4,0.039,0.044
57658,31,42,11,5,9,4,0.039,0.044
57660,29,41,12,4,8,4,0.039,0.044
57701,24,37,13,1,3,2,0.017,0.017
57702,16,27,11,0,1,1,0.017,0.017
57703,29,42,13,2,5,3,0.017,0.017
57706,29,42,13,2,5,3,0.017,0.017
57714,37,50,13,3,8,5,0.017,0.017
57716,36,49,13,3,7,4,,
57717,29,42,13,2,4,2,0.006,0.006
57718,19,31,12,1,2,1,0.017,0.017
57719,30,43,13,2,5,3,0.017,0.017
57720,24,36,12,2,4,2,0.000,0.006
57722,41,54,13,4,9,5,0.006,0.011
57724,26,38,12,2,4,2,0.000,0.006
57725,37,50,13,4,8,4,0.017,0.017
57730,4,9,5,0,0,0,0.006,0.011
57732,3,8,5,0,0,0,0.000,0.000
57735,30,44,14,1,4,3,0.006,0.022
57738,33,47,14,2,6,4,0.006,0.011
57741,25,38,13,1,3,2,0.017,0.017
57744,28,41,13,2,4,2,0.006,0.011
57745,2,5,3,0,0,0,0.017,0.017
57747,30,44,14,1,4,3,0.006,0.022
57748,43,55,12,7,14,7,0.017,0.017
57750,49,61,12,8,17,9,0.044,0.033
57751,9,19,10,0,0,0,0.017,0.017
57752,42,55,13,5,11,6,,
57754,2,5,3,0,0,0,0.000,0.000
57755,23,35,12,2,4,2,0.000,0.006
57756,39,52,13,3,9,6,,
57758,33,45,12,3,7,4,0.017,0.017
57759,4,9,5,0,0,0,0.000,0.000
57760,29,41,12,2,5,3,0.006,0.006
57761,36,49,13,3,8,5,0.017,0.017
57762,30,43,13,2,5,3,0.006,0.006
57763,40,53,13,3,8,5,0.006,0.022
57764,42,55,13,4,9,5,,
57766,39,53,14,3,8,5,0.006,0.022
57767,38,50,12,4,9,5,0.017,0.017
57769,20,32,12,1,2,1,0.017,0.017
57770,37,51,14,3,7,4,,
57772,42,55,13,4,11,7,,
57773,7,17,10,0,0,0,0.006,0.011
57775,43,55,12,7,14,7,0.017,0.017
57776,26,38,12,2,4,2,0.000,0.006
57779,21,34,13,1,2,1,0.000,0.000
57780,42,55,13,5,12,7,0.017,0.017
57782,40,54,14,3,8,5,0.006,0.022
57783,14,25,11,0,1,1,0.000,0.000
57785,20,32,12,1,2,1,0.017,0.017
57787,31,43,12,3,6,3,0.017,0.017
57788,30,43,13,2,5,3,0.006,0.006
57790,42,54,12,6,12,6,0.017,0.017
57791,43,55,12,6,13,7,0.017,0.017
57792,38,50,12,5,10,5,0.017,0.017
57793,18,31,13,1,2,1,0.000,0.000
57794,37,50,13,3,7,4,,
57799,16,28,12,0,1,1,0.000,0.000
58001,28,38,10,6,11,5,0.139,0.167
58002,24,33,9,5,9,4,0.072,0.144
58004,25,35,10,6,9,3,0.072,0.144
58005,24,33,9,5,9,4,0.072,0.144
58006,25,34,9,5,9,4,0.072,0.144
58007,24,32,8,5,8,3,0.072,0.144
58008,27,37,10,6,10,4,0.139,0.167
58009,23,32,9,5,8,3,0.056,0.106
58011,24,33,9,5,8,3,0.072,0.144
58012,25,35,10,6,9,3,0.072,0.144
58013,28,37,9,6,11,5,0.106,0.139
58015,25,35,10,5,9,4,0.139,0.167
58016,23,32,9,4,8,4,0.056,0.106
58017,28,38,10,6,11,5,0.106,0.139
58018,27,36,9,6,10,4,0.139,0.167
58021,25,34,9,5,9,4,0.072,0.144
58027,27,36,9,5,10,5,0.089,0.106
58029,24,33,9,5,8,3,0.072,0.144
58030,27,37,10,6,10,4,0.139,0.167
58031,26,35,9,5,9,4,0.067,0.083
58032,27,37,10,6,10,4,0.106,0.139
58033,26,36,10,6,10,4,0.089,0.106
58035,23,32,9,4,8,4,0.056,0.106
58036,25,33,8,5,9,4,0.072,0.144
58038,24,33,9,5,9,4,0.072,0.144
58040,27,37,10,6,10,4,0.106,0.139
58041,27,37,10,6,10,4,0.139,0.167
58042,24,33,9,5,8,3,0.072,0.144
58043,27,37,10,6,10,4,0.106,0.139
58045,24,32,8,5,8,3,0.056,0.106
58046,22,31,9,4,7,3,0.028,0.072
58047,25,33,8,5,9,4,0.072,0.144
58048,24,34,10,5,9,4,0.072,0.144
58049,25,34,9,5,9,4,0.067,0.083
58051,26,35,9,5,9,4,0.072,0.144
58052,26,36,10,6,9,3,0.072,0.144
58053,27,37,10,6,11,5,0.139,0.167
58054,27,36,9,6,10,4,0.089,0.106
58056,20,28,8,3,6,3,0.067,0.083
58057,28,39,11,6,11,5,0.139,0.167
58058,27,37,10,6,10,4,0.139,0.167
58059,25,34,9,5,9,4,0.072,0.144
58060,28,38,10,6,11,5,0.106,0.139
58061,28,38,10,6,11,5,0.139,0.167
58062,26,35,9,5,9,4,0.067,0.083
58063,23,32,9,4,8,4,0.067,0.083
58064,23,32,9,4,8,4,0.072,0.144
58065,23,31,8,4,7,3,0.067,0.083
58067,27,37,10,6,11,5,0.106,0.139
58068,27,37,10,6,10,4,0.089,0.106
58069,27,36,9,6,10,4,0.106,0.139
58071,24,33,9,5,8,3,0.072,0.144
58072,22,30,8,4,7,3,0.067,0.083
58075,28,38,10,6,11,5,0.139,0.167
58076,28,38,10,6,11,5,0.139,0.167
58077,26,36,10,6,10,4,0.139,0.167
58078,24,33,9,5,8,3,0.072,0.144
58079,25,35,10,5,9,4,0.072,0.144
58081,28,38,10,6,11,5,0.139,0.167
58102,23,32,9,5,8,3,0.072,0.144
58103,23,32,9,5,8,3,0.072,0.144
58104,24,33,9,5,8,3,0.072,0.144
58105,23,32,9,5,8,3,0.072,0.144
58201,20,28,8,4,7,3,0.028,0.072
58202,21,29,8,4,7,3,0.028,0.072
58203,20,28,8,4,7,3,0.028,0.072
58204,19,27,8,3,6,3,0.028,0.072
58205,19,27,8,3,6,3,0.028,0.072
58210,14,20,6,2,4,2,0.028,0.028
58212,17,25,8,3,5,2,0.022,0.039
58214,19,27,8,3,6,3,0.028,0.072
58216,16,23,7,2,5,3,0.017,0.033
58218,22,31,9,4,8,4,0.056,0.106
58219,23,32,9,5,8,3,0.056,0.106
58220,16,23,7,2,5,3,0.017,0.033
58222,19,26,7,3,6,3,0.017,0.033
58223,23,32,9,5,8,3,0.056,0.106
58224,16,23,7,3,5,2,0.022,0.039
58225,20,28,8,4,6,2,0.017,0.033
58227,16,23,7,2,5,3,0.028,0.028
58228,20,27,7,3,6,3,0.028,0.072
58229,12,18,6,1,3,2,0.028,0.028
58230,19,27,8,3,6,3,0.028,0.072
58231,18,25,7,3,5,2,0.028,0.028
58233,20,28,8,4,7,3,0.028,0.028
58235,20,27,7,3,6,3,0.028,0.072
58237,22,30,8,4,7,3,0.028,0.028
58238,17,24,7,3,5,2,0.017,0.033
58239,10,15,5,1,2,1,0.017,0.017
58240,21,30,9,4,7,3,0.056,0.106
58241,17,24,7,3,5,2,0.017,0.033
58243,21,29,8,4,7,3,0.028,0.028
58244,19,27,8,3,6,3,0.028,0.072
58249,9,15,6,1,2,1,0.017,0.017
58250,16,23,7,2,5,3,0.028,0.028
58251,18,25,7,3,6,3,0.028,0.072
58254,19,27,8,3,6,3,0.022,0.039
58256,20,28,8,4,7,3,0.028,0.072
58257,23,32,9,5,8,3,0.056,0.106
58258,20,27,7,4,6,2,0.028,0.072
58259,16,23,7,3,5,2,0.022,0.039
58260,12,19,7,2,3,1,0.017,0.017
58261,20,28,8,4,7,3,0.028,0.028
58262,16,23,7,2,5,3,0.017,0.033
58265,14,21,7,2,4,2,0.017,0.033
58266,17,24,7,3,5,2,0.028,0.072
58267,19,27,8,3,6,3,0.028,0.072
58269,10,16,6,1,2,1,0.017,0.017
58270,20,28,8,4,7,3,0.028,0.028
58271,16,23,7,3,5,2,0.017,0.033
58272,16,23,7,3,5,2,0.022,0.039
58273,21,28,7,4,7,3,0.028,0.028
58274,23,32,9,4,8,4,0.056,0.106
58275,21,30,9,4,7,3,0.028,0.072
58276,19,27,8,3,6,3,0.017,0.033
58277,17,24,7,3,5,2,0.028,0.072
58278,20,28,8,4,7,3,0.028,0.072
58281,9,15,6,1,2,1,0.017,0.017
58282,12,19,7,2,3,1,0.017,0.033
58301,14,20,6,2,3,1,0.017,0.028
58311,11,16,5,1,2,1,0.017,0.017
58316,10,15,5,1,2,1,0.006,0.022
58317,13,19,6,2,3,1,0.006,0.011
58318,10,16,6,1,2,1,0.028,0.033
58321,15,21,6,2,4,2,0.017,0.028
58323,9,15,6,1,2,1,0.017,0.017
58324,14,20,6,2,3,1,0.006,0.011
58325,15,21,6,2,4,2,0.017,0.039
58327,15,22,7,2,4,2,0.017,0.028
58329,9,14,5,1,2,1,0.006,0.022
58330,13,20,7,2,3,1,0.017,0.028
58331,12,18,6,1,3,2,0.006,0.011
58332,20,27,7,3,6,3,0.017,0.039
58335,16,22,6,2,4,2,0.017,0.039
58338,12,18,6,1,3,2,0.017,0.028
58339,11,17,6,1,2,1,0.006,0.011
58341,22,30,8,4,7,3,0.022,0.044
58343,17,24,7,2,4,2,0.017,0.039
58344,16,23,7,2,5,3,0.022,0.039
58345,14,21,7,2,4,2,0.017,0.028
58346,16,22,6,2,4,2,0.017,0.039
58348,18,25,7,3,5,2,0.017,0.039
58351,15,22,7,2,4,2,0.017,0.039
58352,10,16,6,1,2,1,0.017,0.017
58353,13,19,6,1,3,2,0.006,0.022
58355,11,17,6,1,2,1,0.017,0.017
58356,20,27,7,3,6,3,0.011,0.039
58357,17,25,8,2,5,3,0.017,0.039
58361,19,26,7,3,6,3,0.022,0.039
58362,15,21,6,2,4,2,0.017,0.028
58363,12,17,5,1,2,1,0.006,0.011
58365,12,18,6,1,3,2,0.006,0.011
58366,14,20,6,2,3,1,0.006,0.022
58367,10,15,5,1,2,1,0.006,0.022
58368,19,26,7,3,5,2,0.017,0.050
58369,8,12,4,1,1,0,0.006,0.022
58370,15,22,7,2,4,2,0.017,0.039
58372,10,15,5,1,2,1,0.017,0.017
58374,19,26,7,3,5,2,0.011,0.039
58377,12,18,6,1,3,2,0.017,0.028
58379,16,22,6,2,4,2,0.017,0.039
58380,18,25,7,3,5,2,0.022,0.039
58381,17,24,7,2,5,3,0.017,0.039
58382,14,20,6,2,3,1,0.017,0.028
58384,16,23,7,2,4,2,0.028,0.033
58385,15,21,6,2,4,2,0.017,0.050
58386,16,23,7,2,4,2,0.017,0.039
58401,23,31,8,4,7,3,0.056,0.067
58402,24,33,9,4,8,4,0.056,0.067
58413,21,30,9,3,6,3,0.044,0.078
58415,25,35,10,5,9,4,0.078,0.100
58416,19,27,8,3,6,3,0.028,0.039
58418,20,28,8,3,5,2,0.022,0.044
58420,22,30,8,4,7,3,0.056,0.067
58421,20,28,8,3,6,3,0.044,0.044
58422,20,28,8,3,6,3,0.022,0.044
58423,20,27,7,3,5,2,0.022,0.044
58424,22,30,8,3,6,3,0.056,0.067
58425,19,27,8,3,6,3,0.028,0.039
58426,21,30,9,4,7,3,0.056,0.067
58428,22,30,8,3,6,3,0.033,0.061
58429,20,28,8,3,6,3,0.067,0.083
58430,21,29,8,3,6,3,0.022,0.044
58431,25,34,9,5,8,3,0.078,0.100
58433,23,32,9,4,7,3,0.078,0.100
58436,28,38,10,6,10,4,0.111,0.128
58438,21,29,8,3,6,3,0.022,0.044
58439,26,36,10,5,9,4,0.111,0.128
58440,21,29,8,3,6,3,0.044,0.067
58441,27,37,10,6,10,4,0.111,0.128
58442,22,31,9,3,7,4,0.044,0.067
58443,19,27,8,3,6,3,0.044,0.044
58444,20,28,8,3,5,2,0.022,0.044
58445,19,26,7,3,5,2,0.044,0.044
58448,20,28,8,3,6,3,0.028,0.039
58451,19,26,7,2,5,3,0.022,0.044
58452,19,26,7,3,6,3,0.028,0.039
58454,23,32,9,4,7,3,0.078,0.100
58455,23,32,9,4,8,4,0.056,0.067
58456,22,30,8,3,6,3,0.078,0.100
58458,26,36,10,5,9,4,0.078,0.100
58460,20,28,8,2,5,3,0.044,0.078
58461,25,34,9,5,8,3,0.067,0.083
58463,22,30,8,3,6,3,0.022,0.044
58464,18,25,7,3,5,2,0.044,0.044
58466,25,34,9,5,8,3,0.078,0.100
58467,20,28,8,3,5,2,0.056,0.067
58472,24,33,9,4,8,4,0.056,0.067
58474,28,38,10,6,10,4,0.111,0.128
58475,21,29,8,3,6,3,0.033,0.061
58476,22,31,9,4,7,3,0.056,0.067
58477,20,28,8,3,5,2,0.033,0.056
58478,21,29,8,3,6,3,0.033,0.061
58479,20,28,8,3,6,3,0.067,0.083
58480,22,30,8,4,7,3,0.067,0.083
58481,22,31,9,4,7,3,0.067,0.083
58482,23,31,8,3,6,3,0.033,0.061
58483,20,28,8,3,5,2,0.056,0.067
58484,20,28,8,3,6,3,0.028,0.039
58486,19,27,8,3,5,2,0.022,0.044
58487,20,28,8,3,5,2,0.033,0.061
58488,20,27,7,3,5,2,0.033,0.061
58490,26,36,10,5,9,4,0.078,0.100
58492,21,29,8,3,7,4,0.067,0.083
58494,20,28,8,3,5,2,0.033,0.056
58495,18,27,9,2,4,2,0.044,0.078
58496,21,29,8,3,6,3,0.056,0.067
58497,24,33,9,4,8,4,0.056,0.067
58501,26,35,9,4,7,3,0.033,0.056
58503,25,34,9,3,7,4,0.033,0.056
58504,26,35,9,4,7,3,0.033,0.056
58505,25,34,9,4,7,3,0.033,0.056
58520,26,37,11,3,7,4,0.039,0.061
58521,21,30,9,3,5,2,0.033,0.056
58523,24,33,9,3,6,3,0.017,0.028
58524,24,33,9,3,6,3,0.039,0.089
58528,30,41,11,5,9,4,0.039,0.056
58529,24,34,10,3,5,2,0.033,0.028
58530,23,31,8,3,6,3,0.033,0.044
58531,20,28,8,3,5,2,0.028,0.039
58532,24,33,9,4,7,3,0.033,0.056
58533,24,34,10,2,5,3,0.033,0.028
58535,25,36,11,3,6,3,0.039,0.061
58538,31,42,11,5,9,4,0.039,0.056
58540,19,26,7,2,4,2,0.028,0.039
58541,22,31,9,3,5,2,0.017,0.028
58542,25,35,10,4,7,3,0.039,0.089
58544,23,32,9,3,6,3,0.039,0.089
58545,22,30,8,3,5,2,0.017,0.028
58549,21,30,9,3,5,2,0.039,0.089
58552,27,38,11,4,8,4,0.039,0.089
58554,25,34,9,3,7,4,0.039,0.061
58558,26,35,9,4,7,3,0.033,0.056
58559,21,29,8,3,6,3,0.028,0.039
58560,28,38,10,5,8,3,0.033,0.056
58561,20,28,8,2,5,3,0.044,0.067
58562,25,35,10,3,5,2,0.033,0.028
58563,24,33,9,3,6,3,0.039,0.061
58564,25,36,11,3,6,3,0.033,0.028
58565,19,26,7,2,4,2,0.028,0.039
58566,25,35,10,3,6,3,0.039,0.061
58568,28,39,11,4,8,4,0.039,0.056
58569,28,39,11,4,8,4,0.033,0.028
58570,30,41,11,5,9,4,0.039,0.061
58571,23,32,9,3,6,3,0.017,0.028
58572,26,35,9,4,7,3,0.033,0.056
58573,27,37,10,4,8,4,0.039,0.089
58575,21,29,8,3,5,2,0.028,0.039
58576,22,30,8,3,6,3,0.028,0.039
58577,25,34,9,4,7,3,0.028,0.039
58579,19,27,8,2,4,2,0.028,0.039
58580,23,33,10,3,6,3,0.017,0.028
58581,22,31,9,3,6,3,0.044,0.078
58601,21,31,10,2,4,2,0.011,0.006
58620,23,34,11,2,4,2,0.000,0.000
58621,22,33,11,2,4,2,0.000,0.000
58622,22,32,10,2,4,2,0.011,0.006
58623,22,32,11,2,4,2,0.000,0.006
58625,22,32,10,3,5,2,0.000,0.006
58626,23,32,9,3,5,2,0.000,0.006
58627,20,30,10,2,4,2,0.000,0.006
58630,22,32,10,2,5,3,0.011,0.006
58631,24,34,10,3,5,2,0.039,0.061
58632,22,32,10,2,4,2,0.000,0.000
58634,23,33,10,3,5,2,0.006,0.011
58636,22,31,9,2,5,3,0.000,0.006
58638,21,30,9,2,4,2,0.039,0.061
58639,24,35,11,2,5,3,0.017,0.017
58640,22,32,10,2,5,3,0.000,0.006
58641,22,32,10,2,4,2,0.011,0.006
58642,22,31,9,2,5,3,0.000,0.006
58643,23,35,12,2,4,2,0.000,0.006
58645,28,39,11,4,7,3,0.000,0.006
58646,24,35,11,2,5,3,0.017,0.006
58647,22,33,11,2,4,2,0.017,0.006
58649,24,36,12,2,4,2,0.017,0.017
58650,23,34,11,2,5,3,0.017,0.006
58651,22,33,11,2,4,2,0.000,0.006
58652,22,32,10,2,5,3,0.011,0.006
58653,24,35,12,2,4,2,0.000,0.006
58654,24,34,10,2,5,3,0.000,0.000
58655,21,31,10,2,4,2,0.011,0.006
58656,22,31,9,2,4,2,0.011,0.006
58701,18,25,7,2,4,2,0.017,0.061
58702,17,24,7,2,4,2,0.017,0.061
58703,18,25,7,2,4,2,0.017,0.061
58704,18,25,7,2,4,2,0.017,0.061
58705,18,25,7,2,4,2,0.017,0.061
58707,18,25,7,2,5,3,0.017,0.061
58710,20,28,8,3,6,3,0.017,0.061
58711,16,23,7,2,4,2,0.028,0.033
58712,20,28,8,3,6,3,0.017,0.061
58713,19,26,7,2,5,3,0.017,0.061
58716,19,26,7,2,5,3,0.028,0.039
58718,16,23,7,2,3,1,0.017,0.061
58721,14,20,6,1,3,2,0.011,0.033
58722,17,24,7,2,4,2,0.017,0.061
58723,21,29,8,3,6,3,0.028,0.039
58725,17,24,7,2,4,2,0.017,0.061
58727,15,21,6,1,3,2,0.011,0.033
58730,18,25,7,2,4,2,0.006,0.022
58731,20,27,7,3,5,2,0.017,0.061
58733,17,24,7,2,4,2,0.017,0.061
58734,15,22,7,1,3,2,0.017,0.061
58735,17,24,7,2,4,2,0.017,0.061
58736,20,27,7,3,6,3,0.017,0.061
58737,14,20,6,1,2,1,0.011,0.033
58740,18,25,7,2,5,3,0.011,0.033
58741,21,28,7,3,6,3,0.017,0.061
58744,20,28,8,3,6,3,0.017,0.061
58746,15,21,6,1,3,2,0.017,0.061
58748,17,24,7,2,4,2,0.028,0.033
58750,17,24,7,2,4,2,0.028,0.033
58752,14,21,7,1,3,2,0.011,0.033
58755,15,22,7,1,3,2,0.006,0.011
58756,17,24,7,2,4,2,0.017,0.061
58757,21,30,9,2,5,3,0.006,0.011
58758,22,30,8,4,7,3,0.022,0.044
58759,18,24,6,2,4,2,0.028,0.039
58760,17,24,7,2,4,2,0.028,0.033
58761,16,22,6,2,3,1,0.011,0.033
58762,18,25,7,2,5,3,0.028,0.033
58763,20,29,9,2,4,2,0.011,0.017
58765,15,22,7,2,3,1,0.006,0.022
58768,20,27,7,3,6,3,0.017,0.061
58769,15,22,7,1,3,2,0.011,0.017
58770,19,27,8,2,4,2,0.011,0.017
58771,17,25,8,2,4,2,0.011,0.017
58772,14,20,6,1,3,2,0.011,0.033
58773,14,20,6,1,2,1,0.011,0.033
58775,17,24,7,2,3,1,0.028,0.039
58776,15,22,7,1,3,2,0.011,0.017
58778,20,27,7,3,5,2,0.028,0.039
58779,17,24,7,2,3,1,0.017,0.061
58781,19,26,7,3,5,2,0.017,0.061
58782,14,21,7,1,3,2,0.011,0.033
58783,15,22,7,2,4,2,0.028,0.033
58784,14,21,7,1,2,1,0.011,0.017
58785,19,26,7,2,5,3,0.017,0.061
58787,15,22,7,1,3,2,0.011,0.033
58788,20,27,7,3,6,3,0.017,0.061
58789,19,25,6,2,5,3,0.017,0.061
58790,20,28,8,3,6,3,0.017,0.061
58792,21,29,8,3,6,3,0.017,0.061
58793,18,25,7,2,5,3,0.028,0.033
58794,17,25,8,2,3,1,0.011,0.017
58795,14,21,7,1,2,1,0.006,0.011
58801,24,33,9,3,6,3,0.006,0.011
58830,17,24,7,2,3,1,0.006,0.011
58831,25,35,10,3,6,3,0.006,0.011
58833,16,23,7,2,3,1,0.006,0.022
58835,24,34,10,3,6,3,0.006,0.011
58838,27,37,10,4,7,3,0.006,0.011
58843,21,30,9,2,4,2,0.006,0.011
58844,15,22,7,1,3,2,0.006,0.022
58845,19,27,8,2,4,2,0.006,0.011
58847,22,32,10,3,5,2,0.006,0.011
58849,19,27,8,2,4,2,0.006,0.011
58852,17,24,7,2,3,1,0.006,0.011
58853,28,38,10,4,8,4,0.006,0.011
58854,23,33,10,3,5,2,0.006,0.011
58856,20,29,9,2,4,2,0.006,0.011
59001,9,18,9,0,0,0,0.000,0.000
59002,20,32,12,1,2,1,0.000,0.000
59003,29,43,14,2,4,2,0.000,0.000
59006,30,44,14,2,4,2,0.000,0.000
59007,7,15,8,0,0,0,0.000,0.000
59008,13,25,12,0,0,0,0.000,0.000
59010,31,44,13,2,5,3,0.000,0.000
59011,13,24,11,0,1,1,0.000,0.000
59012,29,43,14,2,4,2,0.000,0.000
59013,14,25,11,0,1,1,0.000,0.000
59014,15,27,12,0,1,1,0.000,0.000
59015,18,30,12,0,1,1,0.000,0.000
59016,18,30,12,1,2,1,0.000,0.000
59018,5,12,7,0,0,0,0.000,0.000
59019,17,30,13,0,1,1,0.000,0.000
59020,0,0,0,0,0,0,0.000,0.000
59022,32,45,13,2,5,3,0.000,0.000
59024,31,44,13,2,5,3,0.000,0.000
59025,27,40,13,1,3,2,0.000,0.000
59026,22,35,13,0,2,2,0.000,0.000
59027,3,9,6,0,0,0,0.000,0.000
59028,2,6,4,0,0,0,0.000,0.000
59029,20,34,14,0,1,1,0.000,0.000
59030,2,5,3,0,0,0,0.000,0.000
59031,37,50,13,3,6,3,0.000,0.000
59032,16,26,10,1,1,0,0.000,0.006
59033,15,27,12,0,1,1,0.000,0.000
59034,40,54,14,4,8,4,0.000,0.000
59035,21,33,12,1,2,1,0.000,0.000
59036,8,16,8,0,0,0,0.000,0.000
59037,24,38,14,1,3,2,0.000,0.000
59038,30,43,13,2,5,3,0.000,0.000
59039,30,42,12,3,5,2,0.000,0.000
59041,20,33,13,0,1,1,0.000,0.000
59043,25,37,12,1,3,2,0.000,0.000
59044,23,38,15,1,2,1,0.000,0.000
59046,17,29,12,1,2,1,0.000,0.000
59047,6,13,7,0,0,0,0.000,0.000
59050,20,32,12,1,2,1,0.000,0.000
59052,0,1,1,0,0,0,0.000,0.000
59053,1,3,2,0,0,0,0.000,0.000
59054,30,43,13,3,6,3,0.000,0.000
59055,4,9,5,0,0,0,0.000,0.000
59057,18,31,13,0,1,1,0.000,0.000
59058,31,43,12,3,6,3,0.000,0.006
59059,25,37,12,2,4,2,0.000,0.000
59061,2,4,2,0,0,0,0.000,0.000
59062,26,39,13,1,3,2,0.000,0.000
59063,24,38,14,1,2,1,0.000,0.000
59064,31,44,13,2,5,3,0.000,0.000
59065,2,4,2,0,0,0,0.000,0.000
59066,10,18,8,0,0,0,0.000,0.000
59067,16,27,11,0,1,1,0.000,0.000
59068,1,4,3,0,0,0,0.000,0.000
59069,11,20,9,0,1,1,0.000,0.000
59070,8,16,8,0,0,0,0.000,0.000
59071,1,3,2,0,0,0,0.000,0.000
59072,22,34,12,1,3,2,0.000,0.000
59074,13,23,10,0,1,1,0.000,0.000
59075,32,45,13,2,5,3,0.000,0.000
59076,33,46,13,3,6,3,0.000,0.000
59077,28,40,12,2,5,3,0.000,0.006
59078,11,20,9,0,0,0,0.000,0.000
59079,26,39,13,1,3,2,0.000,0.000
59081,0,0,0,0,0,0,0.000,0.000
59082,12,24,12,0,0,0,0.000,0.000
59085,4,9,5,0,0,0,0.000,0.000
59086,3,7,4,0,0,0,0.000,0.000
59087,28,40,12,2,5,3,0.000,0.006
59088,29,43,14,2,4,2,0.000,0.000
59089,15,26,11,0,1,1,0.000,0.000
59101,26,40,14,1,3,2,0.000,0.000
59102,26,40,14,1,3,2,0.000,0.000
59105,29,43,14,1,4,3,0.000,0.000
59106,23,37,14,1,2,1,0.000,0.000
59201,29,40,11,4,8,4,0.000,0.028
59211,22,31,9,3,5,2,0.000,0.006
59212,26,36,10,4,7,3,0.000,0.028
59213,28,38,10,4,7,3,0.000,0.028
59214,26,37,11,3,5,2,0.000,0.028
59215,26,37,11,3,6,3,0.000,0.028
59217,31,42,11,5,9,4,0.000,0.028
59218,28,39,11,4,8,4,0.000,0.028
59219,22,31,9,3,5,2,0.000,0.006
59221,30,40,10,4,8,4,0.000,0.028
59222,19,28,9,2,4,2,0.000,0.006
59223,26,37,11,3,6,3,0.000,0.028
59225,23,33,10,2,5,3,0.000,0.022
59226,25,36,11,3,6,3,0.000,0.028
59230,23,34,11,2,4,2,0.000,0.022
59231,16,26,10,1,2,1,0.000,0.022
59240,11,18,7,0,1,1,0.000,0.022
59241,20,30,10,1,3,2,0.000,0.022
59242,24,34,10,3,6,3,0.000,0.006
59243,26,36,10,3,6,3,0.000,0.028
59244,13,22,9,1,1,0,0.000,0.022
59247,24,34,10,3,6,3,0.000,0.006
59248,25,36,11,3,5,2,0.000,0.022
59250,12,19,7,1,1,0,0.000,0.022
59252,20,30,10,2,4,2,0.000,0.006
59253,15,23,8,1,2,1,0.000,0.006
59254,23,33,10,3,6,3,0.000,0.006
59255,28,39,11,4,8,4,0.000,0.028
59256,20,29,9,2,4,2,0.000,0.006
59257,21,30,9,2,5,3,0.000,0.006
59258,23,32,9,3,5,2,0.000,0.006
59259,25,35,10,3,6,3,0.000,0.006
59260,13,21,8,1,1,0,0.000,0.022
59261,20,31,11,1,3,2,0.000,0.006
59262,30,42,12,5,9,4,0.000,0.028
59263,19,29,10,2,4,2,0.000,0.006
59270,28,38,10,4,7,4,0.000,0.028
59274,27,38,11,3,7,4,0.000,0.028
59275,18,26,8,2,4,2,0.000,0.006
59276,17,25,8,1,3,2,0.000,0.006
59301,34,47,13,4,8,4,0.000,0.000
59311,24,36,12,2,3,1,0.000,0.006
59312,27,39,12,3,5,2,0.000,0.000
59313,23,34,11,2,4,2,0.000,0.000
59314,26,40,14,2,4,2,0.000,0.000
59315,21,32,11,2,4,2,0.000,0.006
59317,27,41,14,2,4,2,0.000,0.000
59318,25,36,11,2,4,2,0.000,0.006
59322,27,39,12,2,5,3,0.000,0.006
59323,24,37,13,1,3,2,0.000,0.000
59324,23,35,12,2,4,2,0.000,0.006
59326,33,45,12,5,9,4,0.000,0.000
59327,31,44,13,3,6,3,0.000,0.000
59330,32,43,11,5,9,4,0.000,0.006
59332,22,35,13,1,3,2,0.000,0.006
59333,35,48,13,4,8,4,0.000,0.000
59336,30,42,12,3,7,4,0.000,0.000
59337,28,40,12,3,6,3,0.000,0.006
59338,31,44,13,4,7,3,0.000,0.000
59339,20,30,10,1,4,3,0.000,0.006
59343,30,43,13,3,5,2,0.000,0.000
59344,28,40,12,3,6,3,0.000,0.000
59347,32,45,13,3,7,4,0.000,0.000
59349,28,40,12,3,6,3,0.000,0.000
59351,28,41,13,2,5,3,0.000,0.000
59353,23,34,11,2,5,3,0.000,0.000
59354,23,35,12,2,4,2,0.000,0.000
59401,13,23,10,0,1,1,0.000,0.000
59404,15,25,10,0,1,1,0.000,0.000
59405,13,23,10,0,1,1,0.000,0.000
59410,5,10,5,0,0,0,0.000,0.000
59411,1,1,0,0,0,0,0.000,0.000
59412,8,16,8,0,0,0,0.000,0.000
59414,14,25,11,0,1,1,0.000,0.000
59416,13,22,9,0,1,1,0.000,0.000
59417,1,3,2,0,0,0,0.000,0.000
59418,6,12,6,0,0,0,0.000,0.000
59419,5,11,6,0,0,0,0.000,0.000
59420,19,30,11,1,2,1,0.000,0.006
59421,10,19,9,0,1,1,0.000,0.000
59422,6,12,6,0,0,0,0.000,0.000
59424,12,21,9,0,1,1,0.000,0.006
59425,9,18,9,0,1,1,0.000,0.000
59427,4,9,5,0,0,0,0.000,0.000
59430,15,24,9,0,1,1,0.000,0.006
59432,3,8,5,0,0,0,0.000,0.000
59433,11,20,9,0,1,1,0.000,0.000
59434,0,1,1,0,0,0,0.000,0.000
59436,7,15,8,0,0,0,0.000,0.000
59440,17,28,11,1,2,1,0.000,0.006
59441,6,12,6,0,0,0,0.000,0.006
59442,20,30,10,1,2,1,0.000,0.006
59443,10,19,9,0,1,1,0.000,0.000
59444,10,17,7,0,1,1,0.000,0.000
59446,18,28,10,1,2,1,0.000,0.006
59447,6,12,6,0,0,0,0.000,0.000
59448,1,2,1,0,0,0,0.000,0.000
59450,11,20,9,0,1,1,0.000,0.006
59451,12,21,9,0,1,1,0.000,0.006
59452,3,7,4,0,0,0,0.000,0.000
59453,7,13,6,0,0,0,0.000,0.000
59454,10,19,9,0,1,1,0.000,0.000
59456,15,25,10,0,1,1,0.000,0.000
59457,8,15,7,0,0,0,0.000,0.006
59460,20,31,11,1,3,2,0.000,0.006
59461,14,24,10,0,1,1,0.000,0.000
59462,8,16,8,0,0,0,0.000,0.000
59463,1,3,2,0,0,0,0.000,0.000
59464,6,13,7,0,0,0,0.000,0.006
59465,0,0,0,0,0,0,0.000,0.000
59466,10,18,8,0,1,1,0.000,0.000
59467,3,6,3,0,0,0,0.000,0.000
59468,11,20,9,0,1,1,0.000,0.000
59469,4,9,5,0,0,0,0.000,0.000
59471,20,31,11,1,3,2,0.000,0.006
59472,11,20,9,0,1,1,0.000,0.000
59474,12,22,10,0,1,1,0.000,0.000
59477,10,19,9,0,1,1,0.000,0.000
59479,5,10,5,0,0,0,0.000,0.000
59480,6,12,6,0,0,0,0.000,0.000
59482,9,17,8,0,1,1,0.000,0.000
59483,12,22,10,0,1,1,0.000,0.000
59484,7,13,6,0,0,0,0.000,0.000
59485,14,25,11,0,1,1,0.000,0.000
59486,6,12,6,0,0,0,0.000,0.000
59487,14,24,10,0,1,1,0.000,0.000
59489,19,30,11,1,2,1,0.000,0.006
59501,17,27,10,1,2,1,0.000,0.000
59520,19,29,10,1,3,2,0.000,0.006
59521,15,24,9,1,2,1,0.000,0.000
59522,13,22,9,0,1,1,0.000,0.000
59523,16,25,9,1,2,1,0.000,0.006
59524,20,31,11,1,3,2,0.000,0.006
59525,17,27,10,1,2,1,0.000,0.000
59526,21,32,11,1,4,3,0.000,0.006
59527,11,19,8,0,1,1,0.000,0.006
59528,15,25,10,1,2,1,0.000,0.000
59529,14,23,9,0,1,1,0.000,0.006
59530,13,23,10,0,1,1,0.000,0.000
59531,12,21,9,0,1,1,0.000,0.000
59532,18,28,10,1,2,1,0.000,0.000
59535,13,20,7,1,1,0,0.000,0.006
59537,17,27,10,1,2,1,0.000,0.006
59538,25,36,11,2,5,3,0.000,0.006
59540,14,24,10,0,2,2,0.000,0.000
59542,17,26,9,1,2,1,0.000,0.006
59544,18,29,11,1,3,2,0.000,0.006
59545,3,6,3,0,0,0,0.000,0.000
59546,15,24,9,1,2,1,0.000,0.006
59547,22,33,11,1,4,3,0.000,0.006
59601,5,11,6,0,0,0,0.000,0.000
59602,10,20,10,0,1,1,0.000,0.000
59631,0,1,1,0,0,0,0.000,0.000
59632,3,8,5,0,0,0,0.000,0.000
59633,1,3,2,0,0,0,0.000,0.000
59634,4,9,5,0,0,0,0.000,0.000
59635,9,19,10,0,0,0,0.000,0.000
59636,8,17,9,0,0,0,0.000,0.000
59638,1,3,2,0,0,0,0.000,0.000
59639,2,6,4,0,0,0,0.000,0.000
59640,0,1,1,0,0,0,0.000,0.000
59642,1,3,2,0,0,0,0.000,0.000
59643,10,21,11,0,0,0,0.000,0.000
59644,7,15,8,0,0,0,0.000,0.000
59645,2,5,3,0,0,0,0.000,0.000
59647,5,12,7,0,0,0,0.000,0.000
59648,7,14,7,0,0,0,0.000,0.000
59701,1,4,3,0,0,0,0.000,0.000
59703,1,3,2,0,0,0,0.000,0.000
59710,1,3,2,0,0,0,0.000,0.000
59711,1,3,2,0,0,0,0.000,0.000
59713,2,5,3,0,0,0,0.000,0.000
59714,10,20,10,0,1,1,0.000,0.000
59715,3,9,6,0,0,0,0.000,0.000
59716,0,0,0,0,0,0,0.000,0.000
59718,6,14,8,0,0,0,0.000,0.000
59720,1,2,1,0,0,0,0.000,0.000
59721,7,15,8,0,0,0,0.000,0.000
59722,3,8,5,0,0,0,0.000,0.000
59724,0,1,1,0,0,0,0.000,0.000
59725,2,4,2,0,0,0,0.000,0.000
59727,0,1,1,0,0,0,0.000,0.000
59728,1,2,1,0,0,0,0.000,0.000
59729,3,8,5,0,0,0,0.000,0.000
59730,1,2,1,0,0,0,0.000,0.000
59731,3,8,5,0,0,0,0.000,0.000
59732,4,10,6,0,0,0,0.000,0.000
59733,3,7,4,0,0,0,0.000,0.000
59735,3,7,4,0,0,0,0.000,0.000
59736,0,0,0,0,0,0,0.000,0.000
59739,0,1,1,0,0,0,0.000,0.000
59740,4,9,5,0,0,0,0.000,0.000
59741,11,23,12,0,1,1,0.000,0.000
59743,2,6,4,0,0,0,0.000,0.000
59745,4,10,6,0,0,0,0.000,0.000
59746,0,0,0,0,0,0,0.000,0.000
59747,1,2,1,0,0,0,0.000,0.000
59748,2,5,3,0,0,0,0.000,0.000
59749,3,8,5,0,0,0,0.000,0.000
59750,1,4,3,0,0,0,0.000,0.000
59751,3,8,5,0,0,0,0.000,0.000
59752,12,23,11,0,1,1,0.000,0.000
59754,5,12,7,0,0,0,0.000,0.000
59755,0,1,1,0,0,0,0.000,0.000
59756,3,9,6,0,0,0,0.000,0.000
59758,0,1,1,0,0,0,0.000,0.000
59759,8,17,9,0,0,0,0.000,0.000
59760,10,20,10,0,0,0,0.000,0.000
59761,0,1,1,0,0,0,0.000,0.000
59762,0,1,1,0,0,0,0.000,0.000
59801,8,17,9,0,1,1,0.000,0.000
59802,7,15,8,0,0,0,0.000,0.000
59803,7,14,7,0,1,1,0.000,0.000
59804,13,24,11,1,2,1,0.000,0.000
59808,14,25,11,1,2,1,0.000,0.000
59820,5,11,6,0,0,0,0.000,0.006
59821,6,13,7,0,1,1,0.000,0.000
59823,5,11,6,0,0,0,0.000,0.000
59824,14,25,11,1,1,0,0.000,0.000
59825,4,9,5,0,0,0,0.000,0.000
59826,2,5,3,0,0,0,0.000,0.000
59827,3,9,6,0,0,0,0.000,0.006
59828,10,21,11,0,1,1,0.000,0.006
59829,5,12,7,0,0,0,0.000,0.006
59830,7,14,7,0,0,0,0.000,0.006
59831,8,16,8,0,1,1,0.000,0.000
59832,7,13,6,0,0,0,0.000,0.000
59833,15,27,12,1,2,1,0.000,0.006
59834,13,24,11,1,2,1,0.000,0.000
59837,3,8,5,0,0,0,0.000,0.000
59840,12,23,11,0,1,1,0.000,0.006
59841,11,22,11,0,1,1,0.000,0.006
59842,4,9,5,0,0,0,0.000,0.006
59843,2,5,3,0,0,0,0.000,0.000
59844,5,11,6,0,0,0,0.000,0.000
59845,13,23,10,0,1,1,0.000,0.000
59846,11,20,9,0,1,1,0.000,0.000
59847,7,14,6,0,0,0,0.000,0.000
59848,15,26,11,1,1,0,0.000,0.000
59851,7,16,9,0,0,0,0.000,0.000
59853,7,13,6,0,1,1,0.000,0.000
59854,4,9,5,0,0,0,0.000,0.000
59855,9,18,9,0,1,1,0.000,0.000
59856,10,19,9,0,1,1,0.000,0.000
59858,0,1,1,0,0,0,0.000,0.000
59859,15,25,10,1,2,1,0.000,0.000
59860,8,17,9,0,1,1,0.000,0.000
59863,9,18,9,0,1,1,0.000,0.000
59864,8,17,9,0,1,1,0.000,0.000
59865,9,18,9,0,1,1,0.000,0.000
59866,12,22,10,0,1,1,0.000,0.006
59867,2,5,3,0,0,0,0.000,0.006
59868,4,10,6,0,0,0,0.000,0.000
59870,14,25,11,1,2,1,0.000,0.006
59871,1,2,1,0,0,0,0.000,0.006
59872,12,22,10,1,1,0,0.000,0.006
59873,15,25,10,1,3,2,0.000,0.000
59874,14,23,9,1,2,1,0.000,0.000
59875,16,28,12,1,2,1,0.000,0.006
59901,8,16,8,0,1,1,0.000,0.000
59910,8,17,9,0,1,1,0.000,0.000
59911,5,11,6,0,0,0,0.000,0.000
59912,8,17,9,0,1,1,0.000,0.000
59913,4,10,6,0,0,0,0.000,0.000
59914,10,20,10,0,1,1,0.000,0.000
59915,10,19,9,0,1,1,0.000,0.000
59916,1,3,2,0,0,0,0.000,0.000
59917,9,18,9,0,1,1,0.000,0.000
59918,5,11,6,0,0,0,0.000,0.000
59919,1,2,1,0,0,0,0.000,0.000
59920,4,9,5,0,0,0,0.000,0.000
59922,6,14,8,0,0,0,0.000,0.000
59923,10,18,8,1,1,0,0.000,0.000
59925,3,8,5,0,0,0,0.000,0.000
59926,3,7,4,0,0,0,0.000,0.000
59927,4,8,4,0,0,0,0.000,0.000
59928,2,4,2,0,0,0,0.000,0.000
59929,6,14,8,0,0,0,0.000,0.000
59930,9,16,7,0,1,1,0.000,0.000
59931,8,17,9,0,1,1,0.000,0.000
59932,7,16,9,0,1,1,0.000,0.000
59933,3,8,5,0,0,0,0.000,0.000
59934,2,5,3,0,0,0,0.000,0.000
59935,7,13,6,0,1,1,0.000,0.000
59936,1,3,2,0,0,0,0.000,0.000
59937,6,14,8,0,1,1,0.000,0.000
60002,30,45,15,8,14,6,0.161,0.517
60004,32,48,16,8,15,7,0.200,0.606
60005,33,49,16,8,15,7,0.200,0.606
60007,34,50,16,8,16,8,0.200,0.606
60008,32,48,16,8,15,7,0.200,0.606
60010,32,48,16,8,15,7,0.161,0.517
60012,32,48,16,8,15,7,0.217,0.678
60013,32,48,16,8,15,7,0.217,0.678
60014,33,49,16,8,16,8,0.217,0.678
60015,28,43,15,6,12,6,0.161,0.517
60016,32,48,16,8,14,6,0.200,0.606
60018,32,49,17,8,15,7,0.200,0.606
60020,30,45,15,7,14,7,0.161,0.517
60021,32,48,16,8,15,7,0.217,0.678
60022,26,41,15,6,11,5,0.200,0.606
60025,29,44,15,6,12,6,0.200,0.606
60026,29,44,15,7,12,5,0.200,0.606
60029,30,45,15,7,13,6,0.200,0.606
60030,30,44,14,7,14,7,0.161,0.517
60031,26,40,14,6,12,6,0.161,0.517
60033,36,52,16,10,18,8,0.217,0.678
60034,35,50,15,10,17,7,0.217,0.678
60035,27,41,14,6,11,5,0.161,0.517
60040,26,40,14,6,11,5,0.161,0.517
60041,30,45,15,7,14,7,0.161,0.517
60042,31,46,15,8,15,7,0.161,0.517
60043,27,41,14,6,11,5,0.200,0.606
60044,24,37,13,5,10,5,0.161,0.517
60045,25,40,15,6,11,5,0.161,0.517
60046,29,44,15,8,14,6,0.161,0.517
60047,31,46,15,8,14,6,0.161,0.517
60048,26,40,14,6,12,6,0.161,0.517
60050,32,47,15,8,15,7,0.217,0.678
60051,31,46,15,8,15,7,0.217,0.678
60053,30,45,15,7,13,6,0.200,0.606
60056,32,48,16,8,15,7,0.200,0.606
60060,30,45,15,7,14,7,0.161,0.517
60061,28,43,15,7,13,6,0.161,0.517
60062,29,44,15,6,12,6,0.200,0.606
60064,23,36,13,5,10,5,0.161,0.517
60067,32,48,16,8,15,7,0.200,0.606
60068,31,47,16,7,14,7,0.200,0.606
60069,28,43,15,6,12,6,0.161,0.517
60070,31,47,16,7,14,7,0.200,0.606
60071,33,49,16,9,16,7,0.217,0.678
60072,33,48,15,9,16,7,0.217,0.678
60073,31,46,15,8,14,6,0.161,0.517
60074,32,48,16,8,14,6,0.200,0.606
60076,29,44,15,6,12,6,0.200,0.606
60077,29,45,16,7,13,6,0.200,0.606
60081,31,46,15,8,15,7,0.217,0.678
60083,23,36,13,5,10,5,0.161,0.517
60084,31,46,15,8,14,6,0.161,0.517
60085,23,36,13,5,10,5,0.161,0.517
60087,21,34,13,5,10,5,0.161,0.517
60088,23,37,14,5,10,5,0.161,0.517
60089,30,46,16,7,14,7,0.161,0.517
60090,30,45,15,7,13,6,0.200,0.606
60091,27,42,15,6,11,5,0.200,0.606
60093,27,42,15,6,11,5,0.200,0.606
60096,17,29,12,4,8,4,0.161,0.517
60097,33,49,16,9,16,7,0.217,0.678
60098,34,50,16,9,16,7,0.217,0.678
60099,19,31,12,4,9,5,0.161,0.517
60101,38,55,17,10,19,9,0.217,0.733
60102,34,50,16,8,16,8,0.217,0.678
60103,38,55,17,10,18,8,0.217,0.733
60104,35,52,17,8,16,8,0.200,0.606
60106,33,49,16,8,15,7,0.217,0.733
60107,38,54,16,10,18,8,0.200,0.606
60108,40,57,17,11,20,9,0.217,0.733
60109,34,51,17,9,17,8,0.206,0.711
60110,34,50,16,9,16,7,0.206,0.711
60111,35,53,18,9,18,9,0.261,0.789
60112,34,52,18,8,17,9,0.261,0.789
60113,34,52,18,9,18,9,0.322,0.978
60115,35,52,17,9,17,8,0.261,0.789
60118,35,52,17,9,17,8,0.206,0.711
60119,37,55,18,10,19,9,0.206,0.711
60120,37,53,16,10,18,8,0.200,0.606
60123,36,52,16,9,17,8,0.206,0.711
60124,34,51,17,9,16,7,0.206,0.711
60126,36,53,17,9,17,8,0.217,0.733
60129,36,53,17,9,18,9,0.261,0.789
60130,35,51,16,8,16,8,0.200,0.606
60131,34,50,16,8,15,7,0.200,0.606
60133,38,55,17,10,19,9,0.200,0.606
60134,38,55,17,10,19,9,0.206,0.711
60135,35,53,18,9,18,9,0.261,0.789
60136,33,50,17,8,16,8,0.206,0.711
60137,45,62,17,13,23,10,0.217,0.733
60139,43,60,17,12,21,9,0.217,0.733
60140,33,50,17,8,16,8,0.206,0.711
60141,35,52,17,8,16,8,0.200,0.606
60142,34,50,16,9,16,7,0.217,0.678
60143,36,52,16,9,17,8,0.217,0.733
60144,38,56,18,10,20,10,0.206,0.711
60145,36,53,17,9,18,9,0.261,0.789
60146,36,53,17,9,18,9,0.261,0.789
60148,43,60,17,12,22,10,0.217,0.733
60150,35,53,18,9,18,9,0.261,0.789
60151,35,53,18,9,18,9,0.206,0.711
60152,37,54,17,10,19,9,0.217,0.678
60153,35,52,17,8,16,8,0.200,0.606
60154,36,53,17,9,17,8,0.200,0.606
60155,36,52,16,8,16,8,0.200,0.606
60156,34,50,16,8,16,8,0.217,0.678
60157,38,55,17,10,19,9,0.217,0.733
60160,35,51,16,8,16,8,0.200,0.606
60162,35,52,17,8,16,8,0.200,0.606
60163,35,52,17,8,16,8,0.200,0.606
60164,34,50,16,8,15,7,0.200,0.606
60165,34,51,17,8,16,8,0.200,0.606
60169,36,52,16,10,18,8,0.200,0.606
60171,34,50,16,8,15,7,0.200,0.606
60172,39,56,17,10,19,9,0.217,0.733
60173,34,50,16,9,16,7,0.200,0.606
60174,36,53,17,9,17,8,0.206,0.711
60175,36,53,17,9,17,8,0.206,0.711
60176,33,49,16,8,15,7,0.200,0.606
60177,36,53,17,9,17,8,0.206,0.711
60178,34,52,18,8,17,9,0.261,0.789
60180,36,52,16,9,18,9,0.217,0.678
60181,41,58,17,11,20,9,0.217,0.733
60184,37,53,16,9,18,9,0.217,0.733
60185,40,57,17,10,20,10,0.217,0.733
60187,44,61,17,12,22,10,0.217,0.733
60188,41,58,17,11,20,9,0.217,0.733
60189,46,64,18,13,24,11,0.217,0.733
60190,43,60,17,12,22,10,0.217,0.733
60191,34,50,16,8,16,8,0.217,0.733
60192,36,52,16,9,17,8,0.200,0.606
60193,38,54,16,10,18,8,0.200,0.606
60194,37,53,16,10,18,8,0.200,0.606
60195,36,52,16,10,17,7,0.200,0.606
60201,28,43,15,6,12,6,0.200,0.606
60202,29,44,15,6,12,6,0.200,0.606
60203,28,43,15,6,12,6,0.200,0.606
60301,34,51,17,8,15,7,0.200,0.606
60302,34,50,16,8,15,7,0.200,0.606
60304,34,51,17,8,15,7,0.200,0.606
60305,35,51,16,8,16,8,0.200,0.606
60401,41,60,19,10,20,10,0.344,0.961
60402,34,51,17,8,15,7,0.200,0.606
60403,42,61,19,11,22,11,0.344,0.961
60404,44,63,19,12,24,12,0.344,0.961
60406,39,56,17,10,19,9,0.200,0.606
60407,45,65,20,12,25,13,0.339,1.161
60408,45,64,19,12,24,12,0.344,0.961
60409,40,57,17,10,20,10,0.200,0.606
60410,44,63,19,12,23,11,0.344,0.961
60411,39,57,18,10,19,9,0.200,0.606
60415,38,56,18,9,18,9,0.200,0.606
60416,45,64,19,12,24,12,0.339,1.161
60417,39,57,18,9,19,10,0.344,0.961
60419,40,58,18,10,20,10,0.200,0.606
60420,46,65,19,12,25,13,0.417,1.461
60421,43,62,19,11,22,11,0.344,0.961
60422,39,56,17,10,19,9,0.200,0.606
60423,40,58,18,10,20,10,0.344,0.961
60424,45,65,20,12,25,13,0.339,1.161
60425,40,57,17,10,20,10,0.200,0.606
60426,40,57,17,10,20,10,0.200,0.606
60428,38,56,18,9,19,10,0.200,0.606
60429,39,56,17,9,19,10,0.200,0.606
60430,39,57,18,10,19,9,0.200,0.606
60431,43,61,18,12,23,11,0.344,0.961
60432,43,61,18,12,22,10,0.344,0.961
60433,42,61,19,11,22,11,0.344,0.961
60435,42,61,19,11,22,11,0.344,0.961
60436,43,61,18,12,23,11,0.344,0.961
60437,45,65,20,12,25,13,0.339,1.161
60438,41,59,18,11,21,10,0.200,0.606
60439,40,58,18,10,20,10,0.200,0.606
60440,41,59,18,11,21,10,0.344,0.961
60441,41,59,18,11,21,10,0.344,0.961
60442,43,61,18,11,22,11,0.344,0.961
60443,39,57,18,9,19,10,0.200,0.606
60444,45,64,19,12,24,12,0.339,1.161
60445,38,56,18,9,19,10,0.200,0.606
60446,42,61,19,11,22,11,0.344,0.961
60447,43,62,19,11,23,12,0.339,1.161
60448,41,59,18,10,20,10,0.344,0.961
60449,40,58,18,10,20,10,0.344,0.961
60450,44,63,19,12,23,11,0.339,1.161
60451,41,59,18,11,21,10,0.344,0.961
60452,38,55,17,9,18,9,0.200,0.606
60453,38,55,17,9,18,9,0.200,0.606
60455,37,55,18,9,17,8,0.200,0.606
60456,38,55,17,9,18,9,0.200,0.606
60457,38,55,17,9,18,9,0.200,0.606
60458,37,54,17,9,17,8,0.200,0.606
60459,36,53,17,8,17,9,0.200,0.606
60460,48,69,21,14,28,14,0.417,1.461
60461,39,57,18,9,19,10,0.200,0.606
60462,39,56,17,9,19,10,0.200,0.606
60463,38,56,18,9,18,9,0.200,0.606
60464,38,56,18,9,19,10,0.200,0.606
60465,38,55,17,9,18,9,0.200,0.606
60466,39,57,18,9,19,10,0.200,0.606
60467,40,58,18,10,20,10,0.200,0.606
60468,44,62,18,11,22,11,0.344,0.961
60469,39,57,18,10,19,9,0.200,0.606
60470,45,65,20,12,25,13,0.428,1.544
60471,39,57,18,9,19,10,0.200,0.606
60472,39,56,17,10,19,9,0.200,0.606
60473,41,58,17,11,20,9,0.200,0.606
60474,46,65,19,12,25,13,0.339,1.161
60475,39,57,18,9,19,10,0.344,0.961
60476,40,58,18,10,20,10,0.200,0.606
60477,38,56,18,9,19,10,0.200,0.606
60478,38,56,18,9,19,10,0.200,0.606
60479,44,64,20,12,24,12,0.339,1.161
60480,38,55,17,9,18,9,0.200,0.606
60481,45,64,19,12,24,12,0.344,0.961
60482,38,55,17,9,18,9,0.200,0.606
60484,39,57,18,9,19,10,0.344,0.961
60487,40,58,18,10,20,10,0.200,0.606
60490,41,59,18,11,21,10,0.344,0.961
60491,40,58,18,10,20,10,0.344,0.961
60501,35,52,17,8,16,8,0.200,0.606
60502,41,59,18,11,21,10,0.217,0.733
60503,40,58,18,11,21,10,0.344,0.961
60504,41,59,18,11,21,10,0.217,0.733
60505,41,58,17,11,21,10,0.206,0.711
60506,41,59,18,11,21,10,0.206,0.711
60510,39,56,17,10,20,10,0.206,0.711
60511,40,58,18,11,21,10,0.206,0.711
60512,41,59,18,11,21,10,0.222,0.772
60513,36,53,17,9,17,8,0.200,0.606
60514,41,58,17,11,20,9,0.217,0.733
60515,44,61,17,12,22,10,0.217,0.733
60516,43,61,18,12,22,10,0.217,0.733
60517,43,61,18,11,22,11,0.217,0.733
60518,38,58,20,10,20,10,0.428,1.544
60519,41,59,18,11,21,10,0.217,0.733
60520,38,57,19,10,20,10,0.261,0.789
60521,39,56,17,10,19,9,0.217,0.733
60523,41,58,17,11,20,9,0.217,0.733
60525,37,54,17,9,17,8,0.200,0.606
60526,36,53,17,9,17,8,0.200,0.606
60527,40,58,18,10,20,10,0.217,0.733
60530,33,51,18,8,17,9,0.339,1.267
60531,39,58,19,10,20,10,0.428,1.544
60532,46,63,17,13,24,11,0.217,0.733
60534,36,53,17,8,16,8,0.200,0.606
60536,39,58,19,10,20,10,0.222,0.772
60537,39,58,19,10,20,10,0.428,1.544
60538,41,59,18,11,21,10,0.222,0.772
60539,40,57,17,10,20,10,0.206,0.711
60540,44,62,18,12,23,11,0.217,0.733
60541,39,58,19,10,20,10,0.222,0.772
60542,40,58,18,11,21,10,0.206,0.711
60543,40,58,18,11,21,10,0.222,0.772
60544,42,61,19,11,22,11,0.344,0.961
60545,41,59,18,11,21,10,0.222,0.772
60546,35,52,17,8,16,8,0.200,0.606
60548,40,59,19,10,21,11,0.261,0.789
60549,39,59,20,10,20,10,0.428,1.544
60550,34,53,19,8,18,10,0.261,0.789
60551,39,59,20,10,20,10,0.428,1.544
60552,40,58,18,10,21,11,0.428,1.544
60553,36,54,18,9,19,10,0.339,1.267
60554,40,58,18,11,21,10,0.206,0.711
60555,43,61,18,12,22,10,0.217,0.733
60556,37,55,18,9,19,10,0.261,0.789
60557,40,59,19,10,21,11,0.428,1.544
60558,38,55,17,9,18,9,0.200,0.606
60559,42,60,18,11,21,10,0.217,0.733
60560,40,58,18,10,21,11,0.222,0.772
60561,42,59,17,11,21,10,0.217,0.733
60563,45,62,17,12,23,11,0.217,0.733
60564,41,59,18,11,21,10,0.344,0.961
60565,43,61,18,11,22,11,0.217,0.733
60585,41,60,19,11,21,10,0.344,0.961
60586,43,61,18,12,23,11,0.344,0.961
60601,34,50,16,8,15,7,0.200,0.606
60602,34,50,16,8,15,7,0.200,0.606
60603,34,50,16,8,15,7,0.200,0.606
60604,34,50,16,8,15,7,0.200,0.606
60605,34,50,16,8,15,7,0.200,0.606
60606,34,50,16,8,15,7,0.200,0.606
60607,33,49,16,7,14,7,0.200,0.606
60608,34,50,16,8,15,7,0.200,0.606
60609,35,51,16,8,16,8,0.200,0.606
60610,33,49,16,8,14,6,0.200,0.606
60611,34,50,16,8,15,7,0.200,0.606
60612,33,49,16,7,14,7,0.200,0.606
60613,31,46,15,7,13,6,0.200,0.606
60614,32,47,15,7,14,7,0.200,0.606
60615,35,51,16,8,16,8,0.200,0.606
60616,34,50,16,8,15,7,0.200,0.606
60617,35,52,17,8,16,8,0.200,0.606
60618,31,46,15,7,13,6,0.200,0.606
60619,35,51,16,8,16,8,0.200,0.606
60620,35,52,17,8,16,8,0.200,0.606
60621,35,51,16,8,16,8,0.200,0.606
60622,32,48,16,7,14,7,0.200,0.606
60623,33,49,16,7,15,8,0.200,0.606
60624,33,49,16,7,14,7,0.200,0.606
60625,31,46,15,7,13,6,0.200,0.606
60626,30,45,15,7,13,6,0.200,0.606
60628,37,54,17,9,17,8,0.200,0.606
60629,34,51,17,8,15,7,0.200,0.606
60630,31,47,16,7,13,6,0.200,0.606
60631,31,47,16,7,13,6,0.200,0.606
60632,34,50,16,7,15,8,0.200,0.606
60633,38,55,17,9,18,9,0.200,0.606
60634,32,48,16,7,14,7,0.200,0.606
60636,35,51,16,8,16,8,0.200,0.606
60637,35,51,16,8,16,8,0.200,0.606
60638,34,51,17,8,15,7,0.200,0.606
60639,32,48,16,7,14,7,0.200,0.606
60640,31,46,15,7,13,6,0.200,0.606
60641,31,47,16,7,14,7,0.200,0.606
60642,33,48,15,7,14,7,0.200,0.606
60643,37,54,17,9,18,9,0.200,0.606
60644,33,49,16,7,15,8,0.200,0.606
60645,29,44,15,6,12,6,0.200,0.606
60646,30,46,16,7,13,6,0.200,0.606
60647,32,48,16,7,14,7,0.200,0.606
60649,34,51,17,8,16,8,0.200,0.606
60651,32,48,16,7,14,7,0.200,0.606
60652,35,52,17,8,16,8,0.200,0.606
60653,34,51,17,8,16,8,0.200,0.606
60654,34,50,16,8,15,7,0.200,0.606
60655,38,55,17,9,18,9,0.200,0.606
60656,32,48,16,7,14,7,0.200,0.606
60657,31,47,16,7,13,6,0.200,0.606
60659,29,44,15,6,12,6,0.200,0.606
60660,30,45,15,7,13,6,0.200,0.606
60661,33,49,16,7,14,7,0.200,0.606
60706,32,48,16,7,14,7,0.200,0.606
60707,34,50,16,8,15,7,0.200,0.606
60712,30,45,15,7,13,6,0.200,0.606
60714,30,45,15,7,13,6,0.200,0.606
60803,39,56,17,10,19,9,0.200,0.606
60804,34,50,16,7,15,8,0.200,0.606
60805,38,55,17,9,18,9,0.200,0.606
60827,39,57,18,10,19,9,0.200,0.606
60901,50,69,19,14,27,13,0.394,1.078
60910,49,68,19,13,26,13,0.394,1.078
60911,49,68,19,13,26,13,0.372,1.017
60912,47,67,20,12,25,13,0.372,1.017
60913,48,67,19,13,26,13,0.394,1.078
60914,49,68,19,14,27,13,0.394,1.078
60915,50,69,19,14,27,13,0.394,1.078
60917,47,67,20,13,26,13,0.394,1.078
60918,51,70,19,14,28,14,0.372,1.017
60919,48,68,20,13,27,14,0.361,1.089
60920,47,67,20,13,26,13,0.417,1.461
60921,52,72,20,15,30,15,0.417,1.461
60922,49,68,19,14,27,13,0.394,1.078
60924,51,71,20,14,29,15,0.372,1.017
60926,51,71,20,14,28,14,0.372,1.017
60927,49,68,19,13,26,13,0.372,1.017
60928,49,69,20,13,26,13,0.372,1.017
60929,50,70,20,14,28,14,0.417,1.461
60930,49,69,20,13,27,14,0.372,1.017
60931,49,68,19,13,26,13,0.372,1.017
60932,51,71,20,14,28,14,0.411,1.122
60933,49,69,20,13,27,14,0.361,1.089
60934,48,68,20,13,27,14,0.417,1.461
60935,46,65,19,13,25,12,0.394,1.078
60936,49,69,20,13,28,15,0.361,1.089
60938,50,70,20,14,28,14,0.372,1.017
60940,43,62,19,11,22,11,0.394,1.078
60941,49,68,19,14,27,13,0.394,1.078
60942,51,71,20,13,28,15,0.411,1.122
60945,50,70,20,13,26,13,0.372,1.017
60946,50,70,20,14,27,13,0.361,1.089
60948,49,69,20,13,27,14,0.372,1.017
60949,53,73,20,15,30,15,0.433,1.178
60950,47,66,19,13,25,12,0.394,1.078
60951,48,68,20,13,26,13,0.372,1.017
60952,49,70,21,13,28,15,0.361,1.089
60953,50,70,20,13,27,14,0.372,1.017
60954,45,64,19,12,23,11,0.394,1.078
60955,51,71,20,14,28,14,0.372,1.017
60957,50,70,20,13,28,15,0.361,1.089
60958,46,65,19,12,24,12,0.394,1.078
60959,52,72,20,15,29,14,0.361,1.089
60960,51,71,20,13,28,15,0.411,1.122
60961,46,66,20,13,25,12,0.394,1.078
60962,50,70,20,13,28,15,0.361,1.089
60963,52,72,20,14,29,15,0.411,1.122
60964,48,67,19,13,26,13,0.394,1.078
60966,50,69,19,13,26,13,0.372,1.017
60968,51,71,20,14,29,15,0.372,1.017
60969,47,66,19,13,26,13,0.394,1.078
60970,48,68,20,13,26,13,0.372,1.017
60973,50,70,20,13,27,14,0.372,1.017
60974,50,69,19,13,27,14,0.372,1.017
61001,31,48,17,8,16,8,0.256,1.000
61006,38,56,18,10,20,10,0.339,1.267
61007,35,53,18,9,18,9,0.322,0.978
61008,36,53,17,10,18,8,0.250,0.711
61010,37,54,17,10,19,9,0.322,0.978
61011,35,51,16,9,17,8,0.250,0.711
61012,36,53,17,10,19,9,0.250,0.711
61013,33,51,18,9,17,8,0.239,0.883
61014,39,59,20,11,21,10,0.267,1.150
61015,37,55,18,10,20,10,0.322,0.978
61016,35,53,18,9,18,9,0.250,0.722
61018,33,50,17,8,17,9,0.239,0.883
61019,34,51,17,9,18,9,0.239,0.883
61020,35,53,18,9,18,9,0.322,0.978
61021,37,56,19,10,20,10,0.339,1.267
61024,35,53,18,9,18,9,0.250,0.722
61025,37,54,17,10,20,10,0.256,1.000
61027,33,51,18,9,17,8,0.239,0.883
61028,33,51,18,8,17,9,0.256,1.000
61030,39,57,18,10,20,10,0.322,0.978
61031,37,56,19,10,20,10,0.339,1.267
61032,34,52,18,9,18,9,0.239,0.883
61036,33,51,18,8,17,9,0.256,1.000
61037,41,61,20,11,23,12,0.356,1.461
61038,37,54,17,10,19,9,0.250,0.711
61039,36,54,18,10,19,9,0.239,0.883
61041,35,54,19,9,19,10,0.256,1.000
61042,42,62,20,11,23,12,0.339,1.267
61043,35,53,18,9,18,9,0.322,0.978
61044,32,50,18,8,17,9,0.239,0.883
61046,37,56,19,10,20,10,0.267,1.150
61047,37,55,18,10,19,9,0.322,0.978
61048,32,50,18,8,17,9,0.239,0.883
61049,36,54,18,10,19,9,0.322,0.978
61050,34,52,18,9,18,9,0.239,0.883
61051,40,59,19,11,21,10,0.267,1.150
61052,36,53,17,9,18,9,0.322,0.978
61053,39,58,19,11,21,10,0.267,1.150
61054,38,56,18,10,20,10,0.322,0.978
61057,37,56,19,9,19,10,0.339,1.267
61059,30,46,16,7,15,8,0.256,1.000
61060,32,49,17,8,16,8,0.239,0.883
61061,38,57,19,10,20,10,0.322,0.978
61062,34,52,18,9,18,9,0.239,0.883
61063,35,53,18,9,18,9,0.250,0.722
61064,39,58,19,10,21,11,0.322,0.978
61065,36,52,16,9,18,9,0.250,0.711
61067,35,52,17,9,18,9,0.239,0.883
61068,38,55,17,10,20,10,0.322,0.978
61070,33,51,18,9,17,8,0.239,0.883
61071,41,61,20,11,22,11,0.356,1.461
61072,36,53,17,10,19,9,0.250,0.722
61073,35,52,17,9,18,9,0.250,0.722
61074,40,59,19,11,22,11,0.267,1.150
61075,31,48,17,7,15,8,0.256,1.000
61077,35,53,18,9,18,9,0.250,0.722
61078,37,55,18,10,19,9,0.267,1.150
61079,36,53,17,10,19,9,0.250,0.722
61080,35,52,17,10,18,8,0.250,0.722
61081,41,60,19,11,22,11,0.356,1.461
61084,36,54,18,9,18,9,0.322,0.978
61085,31,49,18,8,16,8,0.256,1.000
61087,30,46,16,7,15,8,0.256,1.000
61088,35,52,17,9,18,9,0.250,0.722
61089,33,50,17,9,17,8,0.239,0.883
61091,37,56,19,10,20,10,0.322,0.978
61101,36,53,17,9,18,9,0.250,0.722
61102,35,53,18,9,18,9,0.250,0.722
61103,35,53,18,9,18,9,0.250,0.722
61104,35,52,17,9,18,9,0.250,0.722
61107,35,52,17,9,17,8,0.250,0.722
61108,35,52,17,9,17,8,0.250,0.722
61109,35,52,17,9,17,8,0.250,0.722
61111,35,52,17,9,17,8,0.250,0.722
61112,35,52,17,9,18,9,0.250,0.722
61114,34,51,17,9,17,8,0.250,0.722
61115,35,52,17,9,18,9,0.250,0.722
61201,46,65,19,13,26,13,0.539,1.572
61230,43,63,20,12,24,12,0.356,1.461
61231,48,68,20,14,28,14,0.550,1.783
61232,46,65,19,13,26,13,0.539,1.572
61234,44,65,21,12,26,14,0.372,1.517
61235,45,65,20,13,26,13,0.372,1.517
61236,45,65,20,13,26,13,0.539,1.572
61238,44,65,21,12,26,14,0.372,1.517
61239,45,65,20,13,26,13,0.539,1.572
61240,44,65,21,12,25,13,0.539,1.572
61241,45,65,20,13,26,13,0.372,1.517
61242,43,63,20,12,25,13,0.539,1.572
61243,45,64,19,13,25,12,0.356,1.461
61244,45,65,20,13,26,13,0.539,1.572
61250,45,65,20,13,26,13,0.356,1.461
61251,45,65,20,13,26,13,0.356,1.461
61252,41,61,20,12,23,11,0.356,1.461
61254,46,66,20,13,27,14,0.372,1.517
61256,45,65,20,13,26,13,0.539,1.572
61257,45,65,20,13,26,13,0.539,1.572
61258,45,66,21,13,26,13,0.372,1.517
61259,49,69,20,15,29,14,0.539,1.572
61260,49,69,20,15,29,14,0.550,1.783
61261,45,65,20,13,26,13,0.356,1.461
61262,45,66,21,13,26,13,0.372,1.517
61263,47,68,21,14,28,14,0.550,1.783
61264,45,65,20,13,26,13,0.539,1.572
61265,45,65,20,13,26,13,0.539,1.572
61270,44,63,19,13,25,12,0.356,1.461
61272,51,71,20,16,31,15,0.550,1.783
61273,44,65,21,12,25,13,0.372,1.517
61274,44,64,20,12,25,13,0.372,1.517
61275,43,63,20,12,25,13,0.539,1.572
61276,46,66,20,13,27,14,0.550,1.783
61277,45,65,20,13,26,13,0.356,1.461
61278,43,63,20,12,25,13,0.539,1.572
61279,46,66,20,13,27,14,0.539,1.572
61281,46,66,20,13,27,14,0.550,1.783
61282,45,65,20,13,26,13,0.539,1.572
61283,45,65,20,12,25,13,0.356,1.461
61284,46,65,19,13,26,13,0.539,1.572
61285,40,59,19,11,22,11,0.267,1.150
61301,44,64,20,12,24,12,0.428,1.544
61310,39,58,19,10,21,11,0.339,1.267
61311,50,70,20,14,28,14,0.417,1.461
61312,41,62,21,11,22,11,0.350,1.411
61313,48,68,20,14,27,13,0.417,1.461
61314,44,64,20,12,25,13,0.350,1.411
61315,49,70,21,14,28,14,0.350,1.411
61316,44,64,20,11,24,13,0.428,1.544
61317,41,62,21,11,22,11,0.350,1.411
61318,35,54,19,8,18,10,0.339,1.267
61319,50,70,20,14,29,15,0.417,1.461
61320,44,64,20,12,24,12,0.350,1.411
61321,52,72,20,15,30,15,0.428,1.544
61322,47,68,21,13,26,13,0.350,1.411
61323,43,64,21,12,24,12,0.350,1.411
61324,38,58,20,10,20,10,0.339,1.267
61325,43,63,20,11,24,13,0.428,1.544
61326,44,64,20,12,24,12,0.394,1.533
61327,47,67,20,13,26,13,0.394,1.533
61328,43,63,20,12,23,11,0.350,1.411
61329,42,63,21,11,23,12,0.350,1.411
61330,39,59,20,10,21,11,0.350,1.411
61331,40,59,19,10,21,11,0.339,1.267
61332,46,66,20,13,26,13,0.428,1.544
61333,51,71,20,15,29,14,0.417,1.461
61334,47,68,21,13,27,14,0.428,1.544
61335,48,68,20,13,27,14,0.394,1.533
61336,49,70,21,14,29,15,0.394,1.533
61337,43,63,20,11,23,12,0.350,1.411
61338,43,64,21,12,24,12,0.350,1.411
61340,43,64,21,11,24,13,0.394,1.533
61341,40,60,20,10,21,11,0.428,1.544
61342,40,60,20,10,21,11,0.428,1.544
61344,44,64,20,12,25,13,0.350,1.411
61345,42,63,21,11,24,13,0.350,1.411
61346,45,65,20,12,25,13,0.350,1.411
61348,44,64,20,12,24,12,0.428,1.544
61349,40,61,21,11,22,11,0.350,1.411
61350,43,63,20,11,23,12,0.428,1.544
61353,34,53,19,8,17,9,0.339,1.267
61354,44,65,21,12,24,12,0.428,1.544
61356,45,66,21,12,25,13,0.350,1.411
61358,52,72,20,15,30,15,0.428,1.544
61359,44,64,20,12,24,12,0.350,1.411
61360,41,61,20,10,22,12,0.428,1.544
61361,44,64,20,12,25,13,0.350,1.411
61362,45,65,20,12,25,13,0.350,1.411
61363,44,64,20,12,24,12,0.394,1.533
61364,47,67,20,13,27,14,0.428,1.544
61367,37,57,20,9,20,11,0.339,1.267
61368,47,68,21,13,27,14,0.350,1.411
61369,52,72,20,15,30,15,0.433,1.683
61370,45,65,20,12,25,13,0.428,1.544
61372,41,61,20,10,22,12,0.428,1.544
61373,43,63,20,11,24,13,0.428,1.544
61374,40,60,20,10,22,12,0.350,1.411
61375,51,71,20,15,30,15,0.433,1.683
61376,43,63,20,12,23,11,0.350,1.411
61377,50,71,21,15,29,14,0.433,1.683
61378,38,57,19,10,20,10,0.339,1.267
61379,46,66,20,13,26,13,0.350,1.411
61401,44,66,22,12,26,14,0.411,1.717
61410,49,71,22,14,30,16,0.411,1.717
61411,56,77,21,18,35,17,0.544,2.017
61412,49,69,20,14,29,15,0.478,1.767
61413,45,65,20,12,26,14,0.372,1.517
61414,45,66,21,13,27,14,0.411,1.717
61415,54,75,21,17,33,16,0.494,2.056
61416,57,77,20,19,36,17,0.544,2.017
61417,52,73,21,16,31,15,0.478,1.767
61418,52,72,20,16,31,15,0.528,1.761
61419,44,66,22,12,26,14,0.372,1.517
61420,57,77,20,19,35,16,0.544,2.017
61421,44,66,22,12,26,14,0.406,1.633
61422,56,76,20,18,35,17,0.544,2.017
61423,48,69,21,14,29,15,0.478,1.767
61424,43,64,21,11,25,14,0.433,1.683
61425,53,73,20,16,32,16,0.528,1.761
61426,43,65,22,12,25,13,0.406,1.633
61427,53,75,22,16,33,17,0.494,2.056
61428,48,69,21,14,29,15,0.411,1.717
61430,44,66,22,12,26,14,0.411,1.717
61431,53,75,22,16,33,17,0.494,2.056
61432,49,71,22,13,29,16,0.494,2.056
61433,52,74,22,15,32,17,0.494,2.056
61434,44,65,21,12,26,14,0.372,1.517
61435,50,71,21,15,30,15,0.478,1.767
61436,48,70,22,14,29,15,0.411,1.717
61437,51,71,20,16,31,15,0.528,1.761
61438,57,77,20,19,36,17,0.544,2.017
61439,44,65,21,12,26,14,0.411,1.717
61440,58,78,20,19,36,17,0.544,2.017
61441,57,78,21,18,36,18,0.494,2.056
61442,52,72,20,17,32,15,0.550,1.783
61443,41,63,22,11,24,13,0.372,1.517
61447,52,73,21,16,31,15,0.478,1.767
61448,46,67,21,13,27,14,0.411,1.717
61449,45,66,21,12,27,15,0.406,1.633
61450,57,77,20,19,36,17,0.567,1.772
61451,45,67,22,12,26,14,0.444,1.939
61452,58,79,21,19,36,17,0.522,2.033
61453,51,72,21,16,31,15,0.478,1.767
61454,55,74,19,17,33,16,0.528,1.761
61455,57,78,21,19,36,17,0.544,2.017
61458,51,72,21,15,31,16,0.411,1.717
61459,56,77,21,18,35,17,0.494,2.056
61460,53,73,20,17,32,15,0.528,1.761
61462,52,73,21,16,31,15,0.478,1.767
61465,45,66,21,13,26,13,0.550,1.783
61466,46,67,21,13,27,14,0.550,1.783
61467,44,66,22,12,26,14,0.411,1.717
61468,45,66,21,13,26,13,0.372,1.517
61469,52,72,20,16,31,15,0.528,1.761
61470,55,76,21,17,34,17,0.544,2.017
61471,53,73,20,17,32,15,0.528,1.761
61472,45,66,21,13,26,13,0.411,1.717
61473,53,74,21,17,33,16,0.478,1.767
61474,53,74,21,16,32,16,0.411,1.717
61475,56,76,20,19,35,16,0.544,2.017
61476,51,71,20,16,31,15,0.550,1.783
61477,56,77,21,17,35,18,0.494,2.056
61478,53,73,20,16,32,16,0.478,1.767
61479,43,65,22,11,25,14,0.433,1.683
61480,53,73,20,17,32,15,0.528,1.761
61482,56,77,21,17,35,18,0.494,2.056
61483,45,67,22,12,26,14,0.406,1.633
61484,58,79,21,18,36,18,0.494,2.056
61485,45,67,22,13,27,14,0.411,1.717
61486,47,67,20,14,28,14,0.550,1.783
61488,44,65,21,12,26,14,0.411,1.717
61489,46,68,22,13,27,14,0.411,1.717
61490,45,66,21,12,26,14,0.372,1.517
61491,45,67,22,12,26,14,0.406,1.633
61501,58,79,21,18,36,18,0.494,2.056
61516,52,73,21,15,30,15,0.378,1.567
61517,48,70,22,13,28,15,0.444,1.939
61519,56,77,21,17,35,18,0.494,2.056
61520,53,75,22,15,33,18,0.494,2.056
61523,51,73,22,15,30,15,0.444,1.939
61524,54,76,22,16,33,17,0.494,2.056
61525,47,69,22,12,27,15,0.444,1.939
61526,47,68,21,13,27,14,0.444,1.939
61528,49,71,22,14,29,15,0.444,1.939
61529,48,70,22,13,29,16,0.444,1.939
61530,52,73,21,15,31,16,0.378,1.567
61531,47,69,22,12,28,16,0.494,2.056
61532,58,79,21,18,37,19,0.494,2.056
61533,54,76,22,16,34,18,0.444,1.939
61534,57,78,21,17,35,18,0.461,1.939
61535,51,72,21,14,30,16,0.461,1.939
61536,48,70,22,13,29,16,0.444,1.939
61537,52,73,21,15,31,16,0.433,1.683
61539,58,79,21,18,37,19,0.444,1.939
61540,53,73,20,16,32,16,0.433,1.683
61541,52,73,21,15,31,16,0.433,1.683
61542,58,79,21,18,37,19,0.494,2.056
61543,59,80,21,19,38,19,0.494,2.056
61544,52,74,22,15,32,17,0.494,2.056
61545,51,72,21,15,30,15,0.378,1.567
61546,58,79,21,18,36,18,0.494,2.056
61547,53,74,21,15,32,17,0.444,1.939
61548,50,71,21,14,29,15,0.378,1.567
61550,52,73,21,14,31,17,0.461,1.939
61552,53,74,21,15,32,17,0.444,1.939
61553,49,72,23,13,30,17,0.494,2.056
61554,53,74,21,15,32,17,0.461,1.939
61559,44,66,22,12,26,14,0.444,1.939
61560,48,69,21,13,28,15,0.394,1.533
61561,52,73,21,15,30,15,0.378,1.567
61562,51,72,21,14,30,16,0.444,1.939
61563,54,76,22,16,33,17,0.494,2.056
61564,56,77,21,17,35,18,0.461,1.939
61565,52,73,21,15,31,16,0.433,1.683
61567,58,79,21,18,37,19,0.494,2.056
61568,54,75,21,15,33,18,0.461,1.939
61569,48,70,22,13,29,16,0.444,1.939
61570,52,73,21,15,31,16,0.378,1.567
61571,51,72,21,14,30,16,0.461,1.939
61572,48,70,22,13,29,16,0.411,1.717
61602,51,73,22,15,31,16,0.444,1.939
61603,53,74,21,15,32,17,0.444,1.939
61604,51,73,22,14,31,17,0.444,1.939
61605,52,73,21,15,31,16,0.444,1.939
61606,51,73,22,15,31,16,0.444,1.939
61607,53,74,21,16,32,16,0.444,1.939
61610,50,72,22,14,30,16,0.461,1.939
61611,50,72,22,14,30,16,0.461,1.939
61614,49,71,22,13,29,16,0.444,1.939
61615,49,71,22,13,29,16,0.444,1.939
61616,51,73,22,15,31,16,0.444,1.939
61625,51,73,22,14,31,17,0.444,1.939
61701,55,76,21,16,33,17,0.383,1.511
61704,55,76,21,16,33,17,0.383,1.511
61705,55,76,21,16,33,17,0.383,1.511
61720,49,70,21,13,28,15,0.383,1.511
61721,56,77,21,17,35,18,0.461,1.939
61722,50,72,22,13,29,16,0.383,1.511
61723,57,77,20,17,35,18,0.400,1.672
61724,52,73,21,14,30,16,0.383,1.511
61725,54,75,21,16,32,16,0.383,1.511
61726,52,73,21,15,30,15,0.383,1.511
61727,55,76,21,16,33,17,0.350,1.567
61728,51,72,21,14,30,16,0.383,1.511
61729,53,74,21,15,31,16,0.378,1.567
61730,53,73,20,15,31,16,0.383,1.511
61731,50,71,21,13,28,15,0.383,1.511
61732,54,75,21,16,33,17,0.383,1.511
61733,52,74,22,14,31,17,0.461,1.939
61734,55,77,22,16,34,18,0.461,1.939
61735,53,74,21,14,31,17,0.350,1.567
61736,53,74,21,15,32,17,0.383,1.511
61737,52,73,21,14,31,17,0.383,1.511
61738,53,73,20,15,31,16,0.378,1.567
61739,51,71,20,14,29,15,0.417,1.461
61740,51,72,21,15,30,15,0.417,1.461
61741,51,71,20,14,29,15,0.417,1.461
61742,53,74,21,15,31,16,0.378,1.567
61743,52,72,20,15,30,15,0.417,1.461
61744,52,73,21,15,30,15,0.383,1.511
61745,54,75,21,15,32,17,0.383,1.511
61747,55,76,21,16,33,17,0.461,1.939
61748,55,75,20,16,32,16,0.383,1.511
61749,58,79,21,17,35,18,0.350,1.567
61750,55,75,20,15,32,17,0.350,1.567
61751,58,79,21,18,36,18,0.400,1.672
61752,53,74,21,14,31,17,0.383,1.511
61753,53,74,21,15,31,16,0.383,1.511
61754,56,77,21,17,34,17,0.383,1.511
61755,53,74,21,15,31,16,0.461,1.939
61756,58,78,20,17,35,18,0.361,1.567
61759,56,77,21,17,34,17,0.461,1.939
61760,52,73,21,15,31,16,0.378,1.567
61761,55,76,21,16,33,17,0.383,1.511
61764,50,70,20,14,29,15,0.417,1.461
61769,50,70,20,14,28,14,0.417,1.461
61770,50,70,20,13,28,15,0.383,1.511
61771,53,74,21,15,31,16,0.378,1.567
61772,56,77,21,17,34,17,0.383,1.511
61773,48,69,21,13,28,15,0.361,1.089
61774,56,77,21,17,34,17,0.383,1.511
61775,50,71,21,14,29,15,0.417,1.461
61776,54,75,21,16,32,16,0.383,1.511
61777,54,75,21,15,32,17,0.350,1.567
61778,55,75,20,16,33,17,0.350,1.567
61801,53,73,20,14,31,17,0.433,1.178
61802,54,73,19,15,31,16,0.433,1.178
61810,57,77,20,17,33,16,0.411,1.122
61811,54,73,19,15,30,15,0.411,1.122
61812,53,73,20,14,30,16,0.411,1.122
61813,58,79,21,17,35,18,0.278,1.233
61814,54,73,19,15,30,15,0.411,1.122
61815,53,74,21,14,31,17,0.433,1.178
61816,57,77,20,17,33,16,0.433,1.178
61817,55,75,20,15,31,16,0.411,1.122
61818,57,77,20,16,34,18,0.278,1.233
61820,53,73,20,14,30,16,0.433,1.178
61821,52,73,21,14,30,16,0.433,1.178
61822,52,73,21,14,30,16,0.433,1.178
61830,57,78,21,16,34,18,0.278,1.233
61831,55,74,19,15,31,16,0.411,1.122
61832,56,75,19,16,31,15,0.411,1.122
61833,55,75,20,15,31,16,0.411,1.122
61834,55,74,19,15,31,16,0.411,1.122
61839,55,76,21,15,32,17,0.278,1.233
61840,54,74,20,15,31,16,0.433,1.178
61841,55,75,20,16,32,16,0.411,1.122
61842,54,74,20,14,31,17,0.350,1.567
61843,53,73,20,15,31,16,0.433,1.178
61844,55,75,20,16,32,16,0.411,1.122
61845,52,72,20,14,30,16,0.433,1.178
61846,54,74,20,15,30,15,0.411,1.122
61847,53,73,20,15,30,15,0.433,1.178
61848,54,73,19,15,30,15,0.411,1.122
61849,56,75,19,16,32,16,0.433,1.178
61850,56,76,20,16,32,16,0.411,1.122
61851,58,78,20,17,34,17,0.433,1.178
61852,58,78,20,17,34,17,0.433,1.178
61853,53,73,20,14,31,17,0.433,1.178
61854,54,74,20,15,31,16,0.278,1.233
61855,57,78,21,16,34,18,0.278,1.233
61856,56,77,21,16,33,17,0.278,1.233
61857,56,75,19,16,32,16,0.411,1.122
61858,56,76,20,16,32,16,0.411,1.122
61859,55,74,19,15,31,16,0.433,1.178
61862,52,72,20,14,29,15,0.433,1.178
61863,60,80,20,18,36,18,0.433,1.178
61864,55,75,20,16,32,16,0.433,1.178
61865,54,73,19,15,30,15,0.411,1.122
61866,55,75,20,16,32,16,0.433,1.178
61870,57,76,19,16,32,16,0.411,1.122
61871,54,73,19,15,30,15,0.433,1.178
61872,58,78,20,17,35,18,0.433,1.178
61873,54,74,20,15,31,16,0.433,1.178
61874,53,73,20,14,31,17,0.433,1.178
61875,55,75,20,15,32,17,0.433,1.178
61876,57,77,20,17,33,16,0.411,1.122
61877,56,75,19,16,32,16,0.433,1.178
61878,54,74,20,15,31,16,0.433,1.178
61880,55,76,21,16,32,16,0.433,1.178
61882,55,76,21,15,32,17,0.350,1.567
61883,54,73,19,14,30,16,0.411,1.122
61884,56,76,20,16,33,17,0.278,1.233
61910,61,81,20,18,36,18,0.383,1.178
61911,60,81,21,18,36,18,0.383,1.178
61912,60,80,20,18,35,17,0.300,1.061
61913,61,81,20,18,37,19,0.383,1.178
61914,60,80,20,18,36,18,0.194,1.011
61917,60,80,20,18,36,18,0.378,1.094
61919,61,81,20,19,37,18,0.383,1.178
61920,60,80,20,17,35,18,0.300,1.061
61924,59,79,20,18,35,17,0.378,1.094
61925,59,80,21,17,36,19,0.194,1.011
61928,59,80,21,17,35,18,0.194,1.011
61929,59,79,20,17,35,18,0.278,1.233
61930,61,80,19,18,36,18,0.383,1.178
61931,59,79,20,17,35,18,0.300,1.061
61932,60,79,19,18,35,17,0.378,1.094
61933,60,79,19,18,35,17,0.378,1.094
61936,58,79,21,17,35,18,0.278,1.233
61937,59,80,21,17,35,18,0.194,1.011
61938,57,78,21,16,34,18,0.300,1.061
61940,59,79,20,18,35,17,0.378,1.094
61941,60,80,20,19,36,17,0.383,1.178
61942,60,79,19,18,35,17,0.383,1.178
61943,60,80,20,19,36,17,0.300,1.061
61944,60,79,19,18,35,17,0.378,1.094
61949,60,79,19,18,35,17,0.378,1.094
61951,60,81,21,18,36,18,0.194,1.011
61953,62,82,20,20,38,18,0.383,1.178
61955,60,79,19,18,35,17,0.378,1.094
61956,60,80,20,18,36,18,0.383,1.178
61957,62,82,20,18,37,19,0.211,1.167
62001,67,87,20,23,43,20,0.333,1.772
62002,67,87,20,24,44,20,0.333,1.772
62006,69,89,20,24,44,20,0.311,1.678
62009,65,86,21,21,41,20,0.333,1.767
62010,68,88,20,25,45,20,0.333,1.772
62011,61,81,20,18,36,18,0.206,1.022
62012,66,86,20,22,42,20,0.333,1.767
62013,72,91,19,27,48,21,0.311,1.678
62014,66,87,21,22,42,20,0.333,1.767
62015,67,87,20,22,42,20,0.211,1.400
62016,64,85,21,21,41,20,0.267,1.617
62017,66,86,20,21,40,19,0.211,1.400
62018,67,88,21,24,44,20,0.333,1.772
62019,66,86,20,21,41,20,0.211,1.400
62021,67,88,21,24,44,20,0.333,1.772
62022,67,87,20,23,43,20,0.311,1.678
62023,64,85,21,20,40,20,0.333,1.767
62024,68,88,20,24,45,21,0.333,1.772
62025,69,89,20,25,46,21,0.333,1.772
62027,66,86,20,22,42,20,0.267,1.617
62028,70,90,20,26,46,20,0.311,1.678
62030,63,85,22,20,40,20,0.311,1.678
62031,67,87,20,23,43,20,0.311,1.678
62032,62,82,20,19,38,19,0.211,1.400
62033,64,85,21,21,41,20,0.333,1.767
62034,69,89,20,25,46,21,0.333,1.772
62035,67,87,20,23,43,20,0.333,1.772
62036,72,91,19,27,48,21,0.311,1.678
62037,69,89,20,25,45,20,0.311,1.678
62040,72,92,20,27,49,22,0.333,1.772
62044,63,84,21,20,40,20,0.267,1.617
62045,66,86,20,22,42,20,0.311,1.678
62046,68,88,20,24,45,21,0.333,1.772
62047,70,90,20,25,46,21,0.311,1.678
62048,69,89,20,25,46,21,0.333,1.772
62049,70,90,20,24,45,21,0.211,1.400
62050,63,83,20,20,40,20,0.267,1.617
62051,67,87,20,22,42,20,0.211,1.400
62052,64,85,21,21,41,20,0.311,1.678
62053,66,86,20,22,42,20,0.311,1.678
62054,65,86,21,22,42,20,0.311,1.678
62056,64,85,21,20,39,19,0.211,1.400
62058,66,86,20,22,42,20,0.333,1.772
62059,74,94,20,29,51,22,0.322,1.611
62060,74,93,19,29,51,22,0.333,1.772
62061,69,89,20,24,45,21,0.333,1.772
62062,70,90,20,25,46,21,0.333,1.772
62063,64,86,22,21,41,20,0.333,1.767
62065,68,88,20,24,44,20,0.311,1.678
62067,68,89,21,25,45,20,0.333,1.772
62069,64,85,21,20,40,20,0.333,1.767
62070,66,86,20,23,42,19,0.311,1.678
62074,65,86,21,21,41,20,0.333,1.772
62075,61,81,20,18,36,18,0.211,1.400
62076,61,81,20,18,37,19,0.211,1.400
62077,67,87,20,22,42,20,0.211,1.400
62078,60,81,21,19,38,19,0.267,1.617
62079,64,85,21,20,40,20,0.333,1.767
62080,61,81,20,18,36,18,0.206,1.022
62081,66,87,21,22,43,21,0.267,1.617
62082,59,81,22,18,37,19,0.267,1.617
62083,61,81,20,18,37,19,0.256,1.317
62084,69,89,20,25,46,21,0.333,1.772
62085,65,86,21,21,41,20,0.333,1.767
62086,66,86,20,21,41,20,0.189,1.194
62087,69,89,20,25,46,21,0.333,1.772
62088,65,86,21,22,41,19,0.333,1.767
62089,70,90,20,24,45,21,0.211,1.400
62090,74,94,20,29,51,22,0.333,1.772
62091,67,87,20,22,42,20,0.211,1.400
62092,62,83,21,20,40,20,0.267,1.617
62093,65,86,21,21,41,20,0.333,1.767
62094,63,84,21,19,38,19,0.211,1.400
62095,68,88,20,24,45,21,0.333,1.772
62097,68,88,20,24,44,20,0.333,1.772
62098,61,82,21,19,38,19,0.267,1.617
62201,74,94,20,30,51,21,0.322,1.611
62203,72,91,19,27,48,21,0.322,1.611
62204,73,93,20,29,50,21,0.322,1.611
62205,74,93,19,29,50,21,0.322,1.611
62206,73,93,20,29,49,20,0.322,1.611
62207,74,93,19,29,50,21,0.322,1.611
62208,72,92,20,26,47,21,0.322,1.611
62214,71,90,19,24,45,21,0.167,1.133
62215,70,90,20,25,45,20,0.178,1.217
62216,68,89,21,23,44,21,0.178,1.217
62217,75,94,19,28,48,20,0.406,1.689
62218,67,87,20,22,42,20,0.178,1.217
62219,64,84,20,20,40,20,0.178,1.217
62220,73,92,19,27,48,21,0.322,1.611
62221,73,92,19,27,48,21,0.322,1.611
62223,72,92,20,27,48,21,0.322,1.611
62225,73,93,20,27,48,21,0.322,1.611
62226,73,92,19,27,48,21,0.322,1.611
62230,66,86,20,21,41,20,0.178,1.217
62231,65,84,19,20,40,20,0.178,1.217
62232,71,91,20,26,47,21,0.322,1.611
62233,78,96,18,30,51,21,0.406,1.689
62234,71,90,19,26,47,21,0.333,1.772
62236,71,90,19,26,46,20,0.322,1.689
62237,72,92,20,25,45,20,0.406,1.689
62238,75,94,19,27,48,21,0.161,1.094
62239,71,91,20,27,47,20,0.322,1.611
62240,73,93,20,28,49,21,0.322,1.611
62241,77,96,19,30,50,20,0.406,1.689
62242,78,96,18,31,51,20,0.406,1.689
62243,72,92,20,26,47,21,0.322,1.611
62244,72,91,19,26,46,20,0.322,1.689
62245,69,89,20,23,44,21,0.178,1.217
62246,64,84,20,20,40,20,0.189,1.194
62248,73,92,19,27,48,21,0.322,1.689
62249,67,87,20,23,43,20,0.333,1.772
62250,67,87,20,22,42,20,0.178,1.217
62253,64,84,20,20,39,19,0.189,1.194
62254,72,92,20,26,47,21,0.322,1.611
62255,73,93,20,27,47,20,0.322,1.611
62257,73,92,19,26,46,20,0.322,1.611
62258,73,93,20,26,47,21,0.322,1.611
62260,71,91,20,26,47,21,0.322,1.611
62261,82,99,17,35,55,20,0.406,1.689
62262,63,83,20,20,39,19,0.189,1.194
62263,69,89,20,23,42,19,0.167,1.133
62264,73,93,20,27,48,21,0.322,1.611
62265,71,91,20,25,46,21,0.178,1.217
62266,72,91,19,25,46,21,0.178,1.217
62268,71,91,20,24,44,20,0.167,1.133
62269,72,92,20,26,47,21,0.322,1.611
62271,70,90,20,24,44,20,0.167,1.133
62272,76,95,19,28,48,20,0.406,1.689
62273,66,86,20,22,42,20,0.333,1.772
62274,74,93,19,27,47,20,0.161,1.094
62275,65,86,21,21,41,20,0.189,1.194
62277,78,96,18,31,51,20,0.406,1.689
62278,75,94,19,29,49,20,0.406,1.689
62279,72,91,19,26,46,20,0.322,1.689
62280,79,97,18,31,51,20,0.406,1.689
62281,70,90,20,25,45,20,0.333,1.772
62282,72,92,20,25,46,21,0.322,1.611
62284,64,84,20,20,39,19,0.189,1.194
62285,73,92,19,27,48,21,0.322,1.611
62286,73,93,20,26,46,20,0.406,1.689
62288,77,96,19,29,50,21,0.406,1.689
62289,71,91,20,25,45,20,0.322,1.611
62292,73,92,19,26,46,20,0.406,1.689
62293,70,90,20,24,45,21,0.178,1.217
62294,70,90,20,25,46,21,0.333,1.772
62295,72,91,19,26,46,20,0.322,1.689
62297,76,94,18,28,49,21,0.406,1.689
62298,69,89,20,24,45,21,0.322,1.689
62301,60,79,19,20,37,17,0.433,1.544
62305,59,78,19,19,36,17,0.433,1.544
62311,58,78,20,19,36,17,0.567,1.772
62312,59,79,20,19,36,17,0.383,1.761
62313,60,80,20,20,37,17,0.567,1.772
62314,57,77,20,18,35,17,0.383,1.761
62316,58,78,20,19,35,16,0.567,1.772
62319,60,81,21,21,38,17,0.522,2.033
62320,55,75,20,17,33,16,0.433,1.544
62321,60,80,20,20,37,17,0.567,1.772
62323,63,83,20,22,41,19,0.383,1.761
62324,56,76,20,17,34,17,0.433,1.544
62325,55,75,20,17,33,16,0.433,1.544
62326,58,78,20,19,36,17,0.544,2.017
62330,56,76,20,18,34,16,0.567,1.772
62334,60,79,19,20,37,17,0.567,1.772
62336,60,79,19,20,37,17,0.567,1.772
62338,55,75,20,17,33,16,0.433,1.544
62339,56,76,20,18,34,16,0.433,1.544
62340,61,81,20,21,39,18,0.383,1.761
62341,58,78,20,19,36,17,0.567,1.772
62343,63,82,19,22,40,18,0.383,1.761
62344,59,80,21,20,37,17,0.522,2.033
62345,61,81,20,21,38,17,0.383,1.761
62346,57,77,20,18,35,17,0.433,1.544
62347,55,75,20,16,33,17,0.433,1.544
62348,60,79,19,20,37,17,0.433,1.544
62349,58,78,20,19,36,17,0.433,1.544
62351,57,77,20,18,35,17,0.433,1.544
62352,60,81,21,19,38,19,0.383,1.761
62353,59,79,20,19,37,18,0.411,1.878
62354,57,76,19,18,34,16,0.567,1.772
62355,62,82,20,21,39,18,0.383,1.761
62356,63,83,20,22,40,18,0.383,1.761
62357,58,78,20,19,36,17,0.383,1.761
62358,55,75,20,17,33,16,0.567,1.772
62359,54,75,21,16,32,16,0.433,1.544
62360,58,78,20,18,35,17,0.433,1.544
62361,64,84,20,22,41,19,0.383,1.761
62362,62,82,20,21,40,19,0.383,1.761
62363,60,80,20,20,38,18,0.383,1.761
62365,58,78,20,19,36,17,0.433,1.544
62366,64,84,20,22,41,19,0.383,1.761
62367,60,79,19,20,37,17,0.567,1.772
62370,65,84,19,22,41,19,0.383,1.761
62373,59,78,19,19,36,17,0.567,1.772
62374,59,79,20,20,37,17,0.544,2.017
62375,56,77,21,18,35,17,0.411,1.878
62376,60,80,20,20,38,18,0.433,1.544
62378,63,83,20,22,40,18,0.411,1.878
62379,59,78,19,19,36,17,0.567,1.772
62380,58,78,20,19,36,17,0.567,1.772
62401,63,82,19,20,38,18,0.194,0.922
62410,74,92,18,27,47,20,0.350,1.289
62411,64,83,19,20,38,18,0.194,0.922
62413,66,85,19,22,40,18,0.394,1.306
62414,63,82,19,19,38,19,0.194,0.922
62417,71,90,19,25,45,20,0.300,1.017
62418,61,81,20,19,36,17,0.206,1.022
62419,72,90,18,25,45,20,0.278,0.989
62420,62,81,19,19,37,18,0.350,1.050
62421,70,88,18,24,43,19,0.278,0.989
62422,63,82,19,20,38,18,0.211,1.167
62423,62,81,19,18,36,18,0.350,1.050
62424,65,84,19,21,39,18,0.194,0.922
62425,68,86,18,22,41,19,0.278,0.989
62426,66,85,19,21,40,19,0.194,0.922
62427,69,88,19,23,42,19,0.394,1.306
62428,63,83,20,19,38,19,0.256,0.844
62431,62,81,19,19,37,18,0.211,1.167
62432,66,84,18,21,40,19,0.283,0.922
62433,72,90,18,26,46,20,0.394,1.306
62434,69,87,18,23,42,19,0.178,0.889
62436,66,85,19,21,40,19,0.256,0.844
62438,63,82,19,20,38,18,0.211,1.167
62439,71,89,18,24,44,20,0.300,1.017
62440,59,79,20,17,35,18,0.300,1.061
62441,64,83,19,20,38,18,0.350,1.050
62442,63,82,19,19,37,18,0.350,1.050
62443,65,84,19,21,39,18,0.194,0.922
62444,63,82,19,19,38,19,0.211,1.167
62445,65,83,18,20,39,19,0.256,0.844
62446,74,92,18,26,46,20,0.250,1.150
62447,61,81,20,18,36,18,0.256,0.844
62448,66,85,19,21,40,19,0.283,0.922
62449,68,87,19,23,42,19,0.394,1.306
62450,70,88,18,23,42,19,0.278,0.989
62451,72,91,19,26,46,20,0.394,1.306
62452,73,91,18,26,45,19,0.278,0.989
62454,71,89,18,25,45,20,0.394,1.306
62458,62,81,19,18,36,18,0.206,1.022
62459,67,85,18,22,41,19,0.283,0.922
62460,73,91,18,27,46,19,0.300,1.017
62461,63,82,19,20,38,18,0.194,0.922
62462,62,82,20,19,38,19,0.211,1.167
62463,62,81,19,19,37,18,0.211,1.167
62465,62,82,20,19,38,19,0.211,1.167
62466,71,89,18,25,44,19,0.300,1.017
62467,63,82,19,20,38,18,0.194,0.922
62468,64,83,19,20,38,18,0.256,0.844
62469,61,81,20,18,36,18,0.256,0.844
62471,62,82,20,19,38,19,0.206,1.022
62473,65,84,19,21,40,19,0.194,0.922
62474,61,80,19,18,36,18,0.350,1.050
62475,67,86,19,22,41,19,0.283,0.922
62476,74,93,19,27,47,20,0.333,1.317
62477,68,86,18,22,41,19,0.350,1.050
62478,69,87,18,23,42,19,0.350,1.050
62479,66,85,19,21,40,19,0.283,0.922
62480,67,86,19,22,41,19,0.283,0.922
62481,66,84,18,21,40,19,0.283,0.922
62501,58,79,21,17,35,18,0.361,1.567
62510,61,81,20,19,37,18,0.256,1.317
62512,58,78,20,18,36,18,0.400,1.672
62513,61,81,20,18,37,19,0.361,1.567
62514,60,80,20,18,37,19,0.361,1.567
62515,59,80,21,18,37,19,0.361,1.867
62517,60,81,21,18,37,19,0.256,1.317
62518,59,80,21,18,37,19,0.400,1.672
62519,59,80,21,18,36,18,0.400,1.672
62520,59,80,21,17,37,20,0.361,1.867
62521,60,81,21,18,37,19,0.361,1.567
62522,62,82,20,19,38,19,0.361,1.567
62523,62,82,20,19,38,19,0.361,1.567
62526,61,81,20,19,37,18,0.361,1.567
62530,61,82,21,18,37,19,0.361,1.867
62531,60,81,21,18,37,19,0.256,1.317
62532,60,80,20,18,37,19,0.361,1.567
62533,60,81,21,17,37,20,0.211,1.400
62534,61,81,20,19,37,18,0.211,1.167
62535,61,81,20,19,37,18,0.361,1.567
62536,60,81,21,17,37,20,0.361,1.867
62537,62,83,21,20,39,19,0.361,1.567
62538,59,81,22,17,36,19,0.211,1.400
62539,61,81,20,19,38,19,0.361,1.867
62540,60,81,21,18,37,19,0.256,1.317
62541,59,80,21,18,37,19,0.400,1.672
62543,61,81,20,19,38,19,0.400,1.672
62544,60,80,20,18,36,18,0.361,1.567
62545,60,81,21,18,37,19,0.361,1.867
62546,58,79,21,16,35,19,0.256,1.317
62547,61,82,21,18,38,20,0.256,1.317
62548,59,80,21,18,37,19,0.400,1.672
62549,59,80,21,17,36,19,0.361,1.567
62550,61,81,20,18,37,19,0.211,1.167
62551,61,82,21,19,38,19,0.361,1.567
62553,60,80,20,18,36,18,0.211,1.167
62554,59,79,20,18,36,18,0.361,1.567
62555,61,81,20,18,37,19,0.256,1.317
62556,59,80,21,17,36,19,0.256,1.317
62557,62,82,20,19,38,19,0.256,1.317
62558,60,81,21,17,37,20,0.361,1.867
62560,61,82,21,18,37,19,0.211,1.400
62561,58,79,21,17,36,19,0.361,1.867
62563,59,80,21,17,37,20,0.361,1.867
62565,62,82,20,19,38,19,0.211,1.167
62567,61,82,21,18,37,19,0.256,1.317
62568,61,82,21,18,37,19,0.256,1.317
62570,60,81,21,17,37,20,0.256,1.317
62571,62,82,20,19,38,19,0.211,1.167
62572,61,82,21,18,38,20,0.211,1.400
62573,61,81,20,19,37,18,0.361,1.567
62601,59,80,21,18,37,19,0.372,1.872
62610,59,80,21,18,37,19,0.356,1.728
62611,61,82,21,20,39,19,0.450,2.044
62612,59,80,21,18,37,19,0.450,2.044
62613,56,78,22,16,35,19,0.433,2.044
62615,61,83,22,18,38,20,0.361,1.867
62617,59,80,21,19,37,18,0.494,2.056
62618,62,83,21,21,40,19,0.450,2.044
62621,62,82,20,20,39,19,0.356,1.728
62622,59,80,21,19,38,19,0.450,2.044
62624,60,81,21,19,38,19,0.522,2.033
62625,56,78,22,16,35,19,0.361,1.867
62626,63,84,21,20,39,19,0.333,1.767
62627,58,79,21,18,37,19,0.450,2.044
62628,60,81,21,19,38,19,0.372,1.872
62629,59,81,22,17,37,20,0.361,1.867
62630,65,86,21,21,42,21,0.333,1.767
62631,60,81,21,19,38,19,0.372,1.872
62633,57,79,22,17,36,19,0.494,2.056
62634,58,79,21,18,36,18,0.400,1.672
62635,57,78,21,17,35,18,0.400,1.672
62638,60,81,21,18,38,20,0.372,1.872
62639,63,83,20,22,41,19,0.522,2.033
62640,62,83,21,19,38,19,0.333,1.767
62642,57,78,21,17,35,18,0.433,2.044
62643,58,79,21,18,36,18,0.400,1.672
62644,59,80,21,19,37,18,0.494,2.056
62649,64,85,21,20,41,21,0.333,1.767
62650,59,80,21,18,37,19,0.372,1.872
62655,58,79,21,18,37,19,0.494,2.056
62656,58,79,21,18,37,19,0.400,1.672
62661,60,81,21,18,37,19,0.361,1.867
62663,59,80,21,18,36,18,0.356,1.728
62664,57,79,22,17,36,19,0.494,2.056
62665,63,83,20,22,40,18,0.372,1.872
62666,57,79,22,17,36,19,0.400,1.672
62667,61,83,22,18,38,20,0.333,1.767
62668,59,81,22,18,37,19,0.372,1.872
62670,59,80,21,17,37,20,0.361,1.867
62671,58,79,21,17,36,19,0.400,1.672
62672,62,84,22,19,39,20,0.333,1.767
62673,58,79,21,18,36,18,0.433,2.044
62674,62,83,21,19,39,20,0.333,1.767
62675,57,78,21,17,36,19,0.433,2.044
62677,58,79,21,17,36,19,0.361,1.867
62681,59,79,20,19,37,18,0.522,2.033
62682,57,79,22,17,35,18,0.494,2.056
62684,57,78,21,16,35,19,0.361,1.867
62685,64,86,22,21,41,20,0.333,1.767
62688,58,79,21,17,36,19,0.433,2.044
62689,62,83,21,19,38,19,0.361,1.867
62690,62,83,21,19,39,20,0.333,1.767
62691,59,80,21,19,37,18,0.450,2.044
62692,60,82,22,18,38,20,0.372,1.872
62693,58,79,21,17,36,19,0.361,1.867
62694,62,83,21,20,39,19,0.356,1.728
62695,58,79,21,17,36,19,0.372,1.872
62701,57,78,21,16,35,19,0.361,1.867
62702,57,78,21,16,35,19,0.361,1.867
62703,58,79,21,16,35,19,0.361,1.867
62704,57,78,21,16,35,19,0.361,1.867
62707,57,78,21,16,35,19,0.361,1.867
62711,58,79,21,16,36,20,0.361,1.867
62712,59,80,21,17,36,19,0.361,1.867
62801,69,89,20,23,43,20,0.161,0.994
62803,67,87,20,22,42,20,0.167,1.133
62806,78,96,18,31,50,19,0.333,1.317
62807,66,85,19,21,40,19,0.161,0.994
62808,68,88,20,22,42,20,0.167,1.133
62809,75,93,18,27,47,20,0.250,1.150
62810,72,91,19,26,45,19,0.189,1.156
62811,76,94,18,29,49,20,0.350,1.289
62812,77,95,18,30,50,20,0.206,1.167
62814,70,89,19,23,43,20,0.189,1.156
62815,76,94,18,29,49,20,0.333,1.317
62816,74,93,19,27,47,20,0.189,1.156
62817,78,97,19,30,50,20,0.167,0.917
62818,77,95,18,30,50,20,0.333,1.317
62819,77,95,18,30,50,20,0.206,1.167
62820,76,95,19,29,49,20,0.361,1.256
62821,79,97,18,32,52,20,0.361,1.256
62822,76,95,19,30,49,19,0.206,1.167
62823,71,90,19,24,44,20,0.250,1.150
62824,71,90,19,24,44,20,0.178,0.889
62825,75,94,19,28,48,20,0.206,1.167
62827,77,96,19,30,50,20,0.361,1.256
62828,73,92,19,26,46,20,0.167,0.917
62829,77,96,19,30,50,20,0.167,0.917
62830,69,88,19,23,43,20,0.189,1.156
62831,71,91,20,25,45,20,0.167,1.133
62832,76,95,19,28,48,20,0.161,1.094
62833,77,95,18,30,50,20,0.250,1.150
62835,77,95,18,29,49,20,0.361,1.256
62836,75,94,19,28,48,20,0.206,1.167
62837,72,91,19,25,45,20,0.250,1.150
62838,65,84,19,20,39,19,0.206,1.022
62839,71,90,19,24,44,20,0.178,0.889
62841,76,95,19,29,49,20,0.106,1.011
62842,72,90,18,25,44,19,0.250,1.150
62843,76,94,18,28,48,20,0.250,1.150
62844,77,95,18,30,50,20,0.361,1.256
62846,74,93,19,28,47,19,0.189,1.156
62848,68,88,20,22,42,20,0.167,1.133
62849,69,88,19,23,43,20,0.161,0.994
62850,70,90,20,24,44,20,0.250,1.150
62851,71,90,19,25,45,20,0.250,1.150
62852,76,94,18,29,49,20,0.350,1.289
62853,69,88,19,23,42,19,0.161,0.994
62854,66,85,19,21,40,19,0.161,0.994
62856,76,95,19,29,49,20,0.206,1.167
62858,70,89,19,24,43,19,0.178,0.889
62859,75,94,19,28,48,20,0.167,0.917
62860,74,93,19,27,47,20,0.206,1.167
62861,78,96,18,31,51,20,0.361,1.256
62862,76,95,19,29,49,20,0.361,1.256
62863,75,93,18,28,48,20,0.350,1.289
62864,69,88,19,23,43,20,0.189,1.156
62865,76,95,19,29,49,20,0.206,1.167
62867,79,97,18,31,50,19,0.222,0.950
62868,70,89,19,23,43,20,0.278,0.989
62869,78,96,18,30,49,19,0.361,1.256
62870,69,88,19,23,43,20,0.161,0.994
62871,79,98,19,31,51,20,0.222,0.950
62872,70,89,19,24,43,19,0.189,1.156
62874,76,95,19,30,49,19,0.206,1.167
62875,66,85,19,21,40,19,0.161,0.994
62876,69,89,20,23,43,20,0.167,1.133
62877,67,87,20,22,41,19,0.167,1.133
62878,70,90,20,24,44,20,0.250,1.150
62879,71,90,19,24,44,20,0.178,0.889
62880,63,82,19,19,37,18,0.206,1.022
62881,69,88,19,23,43,20,0.161,0.994
62882,68,87,19,23,42,19,0.161,0.994
62883,73,92,19,26,46,20,0.189,1.156
62884,75,93,18,28,48,20,0.206,1.167
62885,63,82,19,20,38,18,0.206,1.022
62886,73,92,19,26,46,20,0.250,1.150
62887,76,95,19,29,49,20,0.361,1.256
62888,73,93,20,26,46,20,0.161,1.094
62889,68,87,19,22,42,20,0.189,1.156
62890,76,95,19,28,48,20,0.206,1.167
62891,76,95,19,29,49,20,0.206,1.167
62892,65,84,19,20,39,19,0.161,0.994
62893,70,89,19,23,43,20,0.161,0.994
62894,73,92,19,26,46,20,0.189,1.156
62895,74,93,19,27,47,20,0.250,1.150
62896,76,95,19,29,49,20,0.206,1.167
62897,75,94,19,28,48,20,0.206,1.167
62898,70,89,19,24,43,19,0.189,1.156
62899,69,89,20,23,43,20,0.178,0.889
62901,78,97,19,30,51,21,0.194,1.272
62902,77,96,19,30,50,20,0.194,1.272
62903,77,97,20,29,50,21,0.194,1.272
62905,76,96,20,28,48,20,0.167,1.239
62906,79,98,19,30,51,21,0.167,1.239
62907,76,95,19,28,49,21,0.194,1.272
62908,83,102,19,34,54,20,0.194,1.167
62910,83,101,18,33,54,21,0.194,1.167
62912,80,99,19,32,52,20,0.139,1.172
62914,87,105,18,39,59,20,0.417,1.994
62915,76,96,20,29,49,20,0.106,1.011
62916,75,94,19,28,48,20,0.194,1.272
62917,80,100,20,32,52,20,0.128,0.939
62918,76,95,19,29,49,20,0.106,1.011
62919,79,98,19,29,49,20,0.139,0.783
62920,78,97,19,30,50,20,0.167,1.239
62921,76,95,19,29,49,20,0.106,1.011
62922,77,97,20,29,49,20,0.106,1.011
62923,82,101,19,33,53,20,0.139,1.172
62924,78,97,19,31,51,20,0.194,1.272
62926,82,101,19,33,53,20,0.167,1.239
62927,77,96,19,30,50,20,0.194,1.272
62928,78,98,20,28,48,20,0.217,1.194
62930,80,99,19,31,51,20,0.128,0.939
62931,77,97,20,28,47,19,0.139,0.783
62932,77,96,19,30,50,20,0.194,1.272
62933,75,95,20,28,48,20,0.106,1.011
62934,79,98,19,30,50,20,0.222,0.950
62935,79,98,19,31,51,20,0.128,0.939
62938,80,99,19,30,50,20,0.217,1.194
62939,77,96,19,29,49,20,0.139,1.172
62940,80,99,19,32,52,20,0.194,1.272
62941,83,102,19,34,55,21,0.400,1.933
62942,82,100,18,33,53,20,0.194,1.272
62943,83,102,19,33,53,20,0.139,1.172
62946,81,100,19,32,52,20,0.128,0.939
62947,74,95,21,25,45,20,0.128,0.939
62948,75,94,19,28,47,19,0.106,1.011
62949,78,97,19,30,51,21,0.106,1.011
62950,81,99,18,32,53,21,0.194,1.272
62951,74,93,19,27,47,20,0.106,1.011
62952,80,99,19,31,51,20,0.167,1.239
62953,85,103,18,35,56,21,0.194,1.167
62954,79,98,19,30,50,20,0.222,0.950
62956,83,101,18,34,54,20,0.400,1.933
62957,81,100,19,32,52,20,0.417,1.994
62958,77,96,19,29,49,20,0.194,1.272
62959,76,95,19,29,49,20,0.106,1.011
62960,84,103,19,35,55,20,0.194,1.167
62961,82,101,19,32,53,21,0.167,1.239
62962,86,104,18,37,57,20,0.417,1.994
62963,86,104,18,38,59,21,0.400,1.933
62964,85,104,19,37,58,21,0.400,1.933
62965,81,100,19,32,52,20,0.128,0.939
62966,78,98,20,31,51,20,0.194,1.272
62967,77,97,20,28,48,20,0.139,1.172
62969,83,102,19,33,54,21,0.417,1.994
62970,84,102,18,35,55,20,0.400,1.933
62972,78,97,19,29,49,20,0.139,1.172
62974,75,95,20,28,48,20,0.106,1.011
62975,77,97,20,29,49,20,0.194,1.272
62976,83,102,19,34,54,20,0.400,1.933
62977,79,98,19,31,51,20,0.128,0.939
62979,80,98,18,31,51,20,0.222,0.950
62982,78,98,20,29,48,19,0.139,0.783
62983,77,96,19,30,50,20,0.206,1.167
62984,80,99,19,31,51,20,0.222,0.950
62985,81,101,20,31,52,21,0.139,1.172
62987,78,98,20,29,49,20,0.128,0.939
62988,83,102,19,33,54,21,0.417,1.994
62990,80,100,20,31,51,20,0.417,1.994
62992,83,102,19,34,55,21,0.400,1.933
62994,78,97,19,30,51,21,0.194,1.272
62995,81,100,19,31,52,21,0.139,1.172
62996,84,102,18,35,56,21,0.400,1.933
62997,75,94,19,27,48,21,0.161,1.094
62998,83,101,18,33,54,21,0.167,1.239
62999,77,95,18,30,49,19,0.206,1.167
63005,69,89,20,25,45,20,0.278,1.578
63010,72,92,20,27,48,21,0.261,1.417
63011,70,89,19,25,45,20,0.278,1.578
63012,71,90,19,26,46,20,0.261,1.417
63013,71,90,19,25,45,20,0.278,1.378
63014,70,89,19,26,45,19,0.278,1.378
63015,71,90,19,25,45,20,0.278,1.378
63016,71,90,19,26,46,20,0.261,1.417
63017,70,90,20,25,45,20,0.278,1.578
63019,73,92,19,27,48,21,0.261,1.417
63020,69,88,19,23,43,20,0.261,1.417
63021,71,91,20,26,47,21,0.278,1.578
63023,70,89,19,25,45,20,0.261,1.417
63025,72,91,19,27,48,21,0.278,1.578
63026,72,91,19,27,47,20,0.261,1.417
63028,72,91,19,26,46,20,0.261,1.417
63030,67,86,19,21,41,20,0.256,1.089
63031,68,88,20,23,43,20,0.278,1.578
63033,68,88,20,23,44,21,0.278,1.578
63034,68,88,20,24,44,20,0.278,1.578
63036,67,86,19,21,40,19,0.144,1.017
63037,66,86,20,22,41,19,0.278,1.378
63038,69,88,19,24,44,20,0.278,1.578
63039,72,91,19,26,47,21,0.278,1.378
63040,68,88,20,24,43,19,0.278,1.578
63041,67,87,20,22,41,19,0.278,1.378
63042,69,89,20,23,44,21,0.278,1.578
63043,70,89,19,24,45,21,0.278,1.578
63044,69,89,20,23,43,20,0.278,1.578
63045,70,90,20,24,45,21,0.278,1.578
63047,72,91,19,26,46,20,0.261,1.417
63048,74,93,19,28,49,21,0.261,1.417
63049,68,88,20,24,43,19,0.261,1.417
63050,69,89,20,24,44,20,0.261,1.417
63051,69,88,19,24,43,19,0.261,1.417
63052,72,91,19,26,47,21,0.261,1.417
63053,74,93,19,28,49,21,0.261,1.417
63055,72,91,19,26,46,20,0.278,1.378
63056,68,88,20,24,43,19,0.278,1.378
63057,72,91,19,27,47,20,0.261,1.417
63060,67,86,19,22,41,19,0.278,1.378
63061,68,87,19,22,42,20,0.278,1.378
63068,71,89,18,26,45,19,0.278,1.378
63069,72,91,19,26,46,20,0.278,1.378
63070,74,93,19,28,48,20,0.261,1.417
63071,65,85,20,20,39,19,0.256,1.089
63072,71,90,19,25,45,20,0.278,1.378
63073,69,88,19,24,44,20,0.278,1.378
63074,69,89,20,24,44,20,0.278,1.578
63077,72,91,19,26,46,20,0.278,1.378
63079,69,88,19,24,43,19,0.278,1.378
63080,68,87,19,23,42,19,0.278,1.378
63084,77,95,18,30,50,20,0.278,1.378
63087,64,84,20,20,38,18,0.144,1.017
63088,72,91,19,26,47,21,0.278,1.578
63089,75,94,19,29,49,20,0.278,1.378
63090,77,95,18,30,50,20,0.278,1.378
63091,65,85,20,21,39,18,0.200,0.944
63101,75,95,20,31,52,21,0.322,1.622
63102,75,94,19,30,52,22,0.322,1.622
63103,75,94,19,30,51,21,0.322,1.622
63104,75,94,19,30,51,21,0.322,1.622
63105,73,93,20,28,49,21,0.278,1.578
63106,75,94,19,30,51,21,0.322,1.622
63107,74,94,20,30,51,21,0.322,1.622
63108,74,93,19,28,50,22,0.322,1.622
63109,75,94,19,29,50,21,0.322,1.622
63110,74,93,19,29,50,21,0.322,1.622
63111,75,94,19,30,51,21,0.322,1.622
63112,73,93,20,28,49,21,0.322,1.622
63113,73,93,20,28,49,21,0.322,1.622
63114,70,90,20,25,45,20,0.278,1.578
63115,74,93,19,28,49,21,0.322,1.622
63116,75,94,19,30,51,21,0.322,1.622
63117,73,93,20,28,49,21,0.278,1.578
63118,75,95,20,30,51,21,0.322,1.622
63119,73,92,19,28,49,21,0.278,1.578
63120,73,93,20,28,49,21,0.322,1.622
63121,72,92,20,26,47,21,0.278,1.578
63122,71,91,20,26,47,21,0.278,1.578
63123,73,92,19,28,49,21,0.278,1.578
63124,72,92,20,27,48,21,0.278,1.578
63125,74,93,19,29,50,21,0.278,1.578
63126,72,91,19,27,47,20,0.278,1.578
63127,71,91,20,26,47,21,0.278,1.578
63128,72,92,20,27,48,21,0.278,1.578
63129,73,92,19,28,49,21,0.278,1.578
63130,73,92,19,27,48,21,0.278,1.578
63131,71,90,19,26,46,20,0.278,1.578
63132,72,91,19,26,47,21,0.278,1.578
63133,73,93,20,28,49,21,0.278,1.578
63134,70,90,20,24,45,21,0.278,1.578
63135,70,90,20,25,45,20,0.278,1.578
63136,71,91,20,26,47,21,0.278,1.578
63137,71,91,20,26,48,22,0.278,1.578
63138,69,89,20,24,45,21,0.278,1.578
63139,74,93,19,29,50,21,0.322,1.622
63140,69,89,20,24,44,20,0.278,1.578
63141,70,90,20,25,46,21,0.278,1.578
63143,74,93,19,28,49,21,0.278,1.578
63144,73,93,20,28,49,21,0.278,1.578
63146,70,90,20,25,45,20,0.278,1.578
63147,73,93,20,28,49,21,0.322,1.622
63155,75,95,20,31,52,21,0.322,1.622
63301,71,91,20,26,47,21,0.311,1.678
63303,72,91,19,26,47,21,0.311,1.678
63304,71,91,20,26,47,21,0.311,1.678
63330,71,90,19,26,46,20,0.289,1.583
63332,73,92,19,27,47,20,0.311,1.678
63333,70,89,19,26,45,19,0.250,1.233
63334,61,81,20,20,38,18,0.289,1.583
63336,66,86,20,23,42,19,0.289,1.583
63339,62,82,20,20,38,18,0.289,1.583
63341,69,89,20,25,44,19,0.311,1.678
63343,72,92,20,27,47,20,0.328,1.622
63344,66,86,20,23,42,19,0.289,1.583
63345,64,83,19,21,40,19,0.233,1.156
63347,71,90,19,26,46,20,0.328,1.622
63348,69,89,20,25,45,20,0.311,1.678
63349,69,88,19,25,44,19,0.328,1.622
63350,71,89,18,26,46,20,0.250,1.233
63351,69,88,19,25,44,19,0.250,1.233
63352,65,84,19,22,41,19,0.233,1.156
63353,66,85,19,23,42,19,0.289,1.583
63357,72,90,18,26,46,20,0.278,1.394
63359,67,86,19,23,42,19,0.250,1.233
63361,71,89,18,26,45,19,0.250,1.233
63362,71,90,19,27,47,20,0.328,1.622
63363,72,90,18,27,46,19,0.250,1.233
63366,71,90,19,26,47,21,0.311,1.678
63367,70,89,19,25,45,20,0.311,1.678
63368,70,89,19,25,46,21,0.311,1.678
63369,72,91,19,27,48,21,0.328,1.622
63370,68,87,19,25,44,19,,
63373,71,91,20,27,48,21,0.311,1.678
63376,71,91,20,26,47,21,0.311,1.678
63377,68,88,20,24,44,20,0.328,1.622
63379,70,89,19,26,45,19,0.328,1.622
63381,69,88,19,25,45,20,0.278,1.394
63382,64,83,19,21,39,18,0.233,1.156
63383,66,86,20,24,43,19,0.278,1.394
63384,68,87,19,24,43,19,0.250,1.233
63385,70,89,19,25,45,20,0.311,1.678
63386,68,88,20,24,45,21,0.311,1.678
63387,67,86,19,23,42,19,0.328,1.622
63388,67,86,19,23,42,19,0.206,1.022
63389,71,90,19,26,46,20,0.328,1.622
63390,67,87,20,24,43,19,0.278,1.394
63401,60,79,19,19,36,17,0.339,1.389
63430,59,79,20,20,37,17,0.406,1.506
63431,64,82,18,22,39,17,0.433,1.183
63432,58,76,18,19,34,15,0.406,1.278
63433,66,86,20,23,42,19,0.289,1.583
63434,63,82,19,22,39,17,0.389,1.328
63435,61,80,19,21,38,17,0.494,1.533
63436,65,84,19,22,40,18,0.306,1.356
63437,63,82,19,21,38,17,0.389,1.328
63438,62,81,19,22,39,17,0.494,1.533
63439,66,84,18,23,41,18,0.389,1.328
63440,62,81,19,22,39,17,0.494,1.533
63441,62,82,20,20,38,18,0.289,1.583
63443,69,87,18,25,43,18,0.389,1.328
63445,59,78,19,19,36,17,0.406,1.506
63446,62,80,18,21,38,17,0.483,1.472
63447,62,81,19,22,38,16,0.494,1.533
63448,62,81,19,22,39,17,0.494,1.533
63450,63,82,19,21,38,17,0.389,1.328
63451,63,81,18,21,38,17,0.389,1.328
63452,62,80,18,21,38,17,0.494,1.533
63453,59,77,18,19,35,16,0.406,1.506
63454,63,81,18,22,39,17,0.339,1.389
63456,69,87,18,25,44,19,0.300,1.317
63457,60,79,19,20,37,17,0.494,1.533
63458,63,81,18,22,39,17,0.483,1.472
63459,62,81,19,21,38,17,0.306,1.356
63460,62,80,18,21,37,16,0.483,1.472
63461,61,81,20,20,38,18,0.339,1.389
63462,66,84,18,23,41,18,0.306,1.356
63463,65,84,19,23,41,18,0.339,1.389
63464,62,80,18,21,38,17,,
63465,59,78,19,19,35,16,0.406,1.506
63467,62,81,19,21,39,18,0.306,1.356
63468,65,83,18,22,40,18,0.389,1.328
63469,63,82,19,22,39,17,0.389,1.328
63471,62,81,19,21,39,18,0.339,1.389
63472,60,79,19,20,37,17,0.406,1.506
63473,60,79,19,20,37,17,0.494,1.533
63474,59,78,19,20,35,15,0.406,1.506
63501,54,72,18,16,29,13,0.433,1.128
63530,64,82,18,22,39,17,0.433,1.183
63531,58,76,18,19,34,15,0.483,1.472
63532,67,84,17,24,41,17,0.433,1.183
63533,57,75,18,18,33,15,0.433,1.128
63534,67,84,17,24,41,17,0.433,1.183
63535,51,69,18,15,28,13,0.294,0.833
63536,55,73,18,17,31,14,0.294,0.833
63537,61,79,18,20,36,16,0.483,1.472
63538,64,81,17,22,38,16,0.433,1.183
63539,64,81,17,21,38,17,0.433,1.183
63540,59,77,18,18,34,16,0.433,1.128
63541,52,70,18,15,28,13,0.294,0.833
63543,59,77,18,19,35,16,0.406,1.278
63544,55,73,18,17,30,13,0.528,1.172
63545,54,71,17,16,28,12,0.528,1.172
63546,55,73,18,16,30,14,0.433,1.128
63547,59,77,18,19,35,16,0.483,1.472
63548,53,71,18,16,29,13,0.294,0.833
63549,60,78,18,19,34,15,0.433,1.183
63551,54,71,17,16,29,13,0.306,0.833
63552,66,83,17,23,40,17,0.433,1.183
63555,56,75,19,18,33,15,0.406,1.278
63556,58,75,17,18,31,13,0.528,1.172
63557,60,78,18,19,34,15,0.550,1.250
63558,66,84,18,23,40,17,0.433,1.183
63559,58,75,17,18,32,14,0.433,1.128
63560,53,71,18,15,28,13,0.528,1.172
63561,54,72,18,16,29,13,0.294,0.833
63563,60,78,18,20,36,16,0.406,1.278
63565,52,69,17,15,27,12,0.306,0.833
63566,59,76,17,18,33,15,0.528,1.172
63567,56,74,18,17,31,14,0.306,0.833
63601,65,85,20,20,38,18,0.144,1.017
63620,70,90,20,23,42,19,0.172,0.989
63621,67,87,20,20,39,19,0.172,0.989
63622,64,83,19,20,37,17,0.256,1.089
63623,65,85,20,20,38,18,0.172,0.989
63624,65,85,20,19,37,18,0.144,1.017
63625,67,87,20,22,40,18,0.311,1.356
63626,67,86,19,21,40,19,0.256,1.089
63627,73,91,18,27,46,19,0.372,1.572
63628,66,86,20,21,40,19,0.144,1.017
63629,67,86,19,23,41,18,0.200,0.983
63630,64,84,20,20,38,18,0.256,1.089
63631,65,85,20,20,38,18,0.256,1.089
63633,68,87,19,23,41,18,0.311,1.356
63636,72,92,20,25,44,19,0.172,0.989
63637,65,85,20,19,38,19,0.144,1.017
63638,75,94,19,28,47,19,0.311,1.356
63640,64,84,20,19,37,18,0.144,1.017
63645,66,85,19,21,39,18,0.150,1.117
63648,65,84,19,20,38,18,0.256,1.089
63650,66,86,20,19,38,19,0.172,0.989
63653,67,86,19,21,40,19,0.144,1.017
63654,69,88,19,22,41,19,0.311,1.356
63655,72,91,19,25,45,20,0.150,1.117
63656,67,86,19,21,39,18,0.172,0.989
63660,64,84,20,20,38,18,0.256,1.089
63662,71,90,19,24,44,20,0.272,1.761
63663,66,86,20,19,38,19,0.172,0.989
63664,63,83,20,19,37,18,0.256,1.089
63665,73,93,20,27,46,19,0.311,1.356
63666,67,87,20,23,41,18,0.311,1.356
63670,73,92,19,27,47,20,0.372,1.572
63673,78,96,18,31,52,20,0.372,1.572
63674,67,87,20,22,41,19,0.256,1.089
63675,72,91,19,25,44,19,0.172,0.989
63701,83,102,19,34,54,20,0.217,1.506
63703,83,102,19,33,54,21,0.217,1.506
63730,82,100,18,32,52,20,0.333,1.967
63732,80,98,18,31,51,20,0.239,1.317
63735,86,104,18,36,56,20,0.333,1.967
63736,85,104,19,35,56,21,0.344,1.811
63738,81,100,19,32,52,20,0.333,1.967
63739,83,102,19,33,54,21,0.217,1.506
63740,82,101,19,34,54,20,0.344,1.811
63742,82,101,19,32,53,21,0.344,1.811
63743,79,98,19,30,50,20,0.217,1.506
63744,84,102,18,35,55,20,0.217,1.506
63745,84,103,19,35,56,21,0.217,1.506
63746,76,95,19,28,48,20,0.239,1.317
63747,78,97,19,29,50,21,0.217,1.506
63748,79,98,19,31,51,20,0.239,1.317
63750,79,98,19,31,51,20,0.272,1.761
63751,74,93,19,26,46,20,0.272,1.761
63755,84,103,19,35,55,20,0.217,1.506
63758,81,100,19,32,52,20,0.344,1.811
63760,79,98,19,30,50,20,0.272,1.761
63763,83,102,19,34,54,20,0.306,1.689
63764,75,95,20,27,47,20,0.272,1.761
63766,81,100,19,32,52,20,0.217,1.506
63767,85,104,19,36,56,20,0.344,1.811
63769,81,100,19,32,52,20,0.217,1.506
63770,81,100,19,32,52,20,0.239,1.317
63771,84,103,19,35,55,20,0.344,1.811
63774,84,103,19,35,55,20,0.344,1.811
63775,73,92,19,26,46,20,0.239,1.317
63780,81,100,19,32,52,20,0.344,1.811
63781,75,94,19,27,47,20,0.272,1.761
63782,81,100,19,32,52,20,0.272,1.761
63783,81,99,18,32,52,20,0.239,1.317
63784,86,105,19,36,57,21,0.344,1.811
63785,82,101,19,33,53,20,0.217,1.506
63787,81,99,18,32,52,20,0.272,1.761
63801,87,106,19,37,58,21,0.344,1.811
63820,88,106,18,38,59,21,0.417,1.994
63821,95,112,17,40,62,22,0.406,2.117
63822,89,106,17,38,58,20,0.333,1.967
63823,88,106,18,38,58,20,0.417,1.994
63824,87,105,18,37,58,21,0.344,1.811
63825,87,105,18,36,56,20,0.333,1.967
63826,91,108,17,38,58,20,0.428,2.117
63827,91,108,17,38,59,21,0.428,2.117
63828,87,105,18,36,57,21,0.289,1.733
63829,95,112,17,41,62,21,0.406,2.117
63830,88,106,18,35,56,21,0.428,2.117
63833,86,105,19,36,56,20,0.289,1.733
63834,88,106,18,39,59,20,0.417,1.994
63837,89,107,18,37,58,21,0.406,2.117
63839,93,110,17,39,60,21,0.428,2.117
63841,90,108,18,39,59,20,0.333,1.967
63845,88,106,18,37,58,21,0.417,1.994
63846,89,107,18,38,58,20,0.333,1.967
63847,90,107,17,38,59,21,0.406,2.117
63848,87,105,18,36,57,21,0.289,1.733
63849,93,110,17,39,60,21,0.406,2.117
63851,88,106,18,35,56,21,0.428,2.117
63852,91,109,18,39,60,21,0.406,2.117
63853,93,110,17,39,60,21,0.428,2.117
63855,94,112,18,40,61,21,0.406,2.117
63857,95,112,17,41,62,21,0.406,2.117
63860,87,104,17,37,57,20,0.289,1.733
63862,86,104,18,36,56,20,0.289,1.733
63863,88,106,18,37,58,21,0.406,2.117
63866,85,103,18,34,55,21,0.289,1.733
63867,87,105,18,36,57,21,0.289,1.733
63868,87,105,18,36,57,21,0.289,1.733
63869,88,106,18,38,58,20,0.289,1.733
63870,87,105,18,37,57,20,0.289,1.733
63873,84,103,19,33,53,20,0.289,1.733
63874,86,104,18,35,56,21,0.289,1.733
63876,95,112,17,40,62,22,0.406,2.117
63877,93,110,18,39,60,22,0.428,2.117
63878,86,104,18,35,55,20,0.289,1.733
63879,86,105,19,35,56,21,0.428,2.117
63880,93,111,18,40,61,21,0.406,2.117
63882,88,106,18,38,59,21,0.417,1.994
63901,85,103,18,34,54,20,0.272,1.617
63902,86,104,18,34,55,21,0.272,1.617
63932,86,104,18,35,56,21,0.272,1.617
63933,88,106,18,36,57,21,0.406,2.117
63934,74,93,19,26,45,19,0.306,1.689
63935,86,104,18,36,56,20,0.267,1.467
63936,88,106,18,37,57,20,0.333,1.967
63937,79,98,19,30,49,19,0.272,1.617
63939,86,104,18,35,55,20,0.267,1.467
63940,86,104,18,35,56,21,0.272,1.617
63941,79,98,19,31,50,19,0.333,1.450
63942,87,105,18,37,57,20,0.267,1.467
63943,81,100,19,32,52,20,0.333,1.450
63944,79,98,19,31,50,19,0.306,1.689
63945,89,106,17,36,57,21,0.272,1.617
63951,78,97,19,31,50,19,0.306,1.689
63952,80,99,19,31,51,20,0.306,1.689
63953,90,107,17,37,58,21,0.267,1.467
63954,90,107,17,37,58,21,0.272,1.617
63955,89,107,18,37,58,21,0.267,1.467
63956,77,96,19,29,48,19,0.306,1.689
63957,78,97,19,30,49,19,0.306,1.689
63960,85,103,18,35,55,20,0.333,1.967
63961,88,106,18,36,57,21,0.272,1.617
63962,85,103,18,34,54,20,0.272,1.617
63964,74,93,19,26,45,19,0.306,1.689
63965,80,99,19,32,51,19,0.333,1.450
63966,84,102,18,35,55,20,0.272,1.617
63967,82,101,19,32,52,20,0.272,1.617
64001,69,86,17,25,42,17,0.544,1.467
64011,69,86,17,25,42,17,0.544,1.467
64012,70,87,17,25,43,18,0.394,1.483
64014,69,85,16,24,41,17,0.500,1.267
64015,68,85,17,23,41,18,0.500,1.267
64016,68,85,17,24,41,17,0.500,1.267
64017,71,87,16,26,44,18,0.539,1.350
64018,69,86,17,25,42,17,0.428,1.150
64019,73,90,17,28,46,18,0.478,1.456
64020,71,88,17,26,44,18,0.544,1.467
64021,68,84,16,23,40,17,0.544,1.467
64022,67,84,17,23,40,17,0.544,1.467
64024,64,81,17,21,37,16,0.322,1.050
64029,70,86,16,25,42,17,0.500,1.267
64030,69,86,17,24,42,18,0.500,1.267
64034,72,89,17,27,45,18,0.500,1.267
64035,70,87,17,25,43,18,0.539,1.350
64036,72,88,16,27,45,18,0.539,1.350
64037,67,84,17,23,40,17,0.544,1.467
64040,72,89,17,27,45,18,0.478,1.456
64048,62,78,16,19,35,16,0.322,1.050
64050,68,85,17,24,41,17,0.500,1.267
64052,68,85,17,23,41,18,0.500,1.267
64053,68,85,17,23,41,18,0.500,1.267
64054,68,85,17,23,41,18,0.500,1.267
64055,69,86,17,24,42,18,0.500,1.267
64056,68,85,17,24,41,17,0.500,1.267
64057,69,86,17,24,42,18,0.500,1.267
64058,68,85,17,23,41,18,0.500,1.267
64060,63,80,17,20,36,16,0.322,1.050
64061,71,88,17,26,44,18,0.478,1.456
64062,62,79,17,20,35,15,0.539,1.350
64063,69,86,17,24,42,18,0.500,1.267
64064,68,85,17,24,41,17,0.500,1.267
64065,68,85,17,23,41,18,0.500,1.267
64066,69,85,16,24,42,18,0.500,1.267
64067,69,85,16,25,42,17,0.544,1.467
64068,66,83,17,22,39,17,0.322,1.050
64070,70,87,17,25,43,18,0.500,1.267
64071,68,85,17,24,41,17,0.544,1.467
64072,67,84,17,23,40,17,0.322,1.050
64074,70,86,16,25,42,17,0.544,1.467
64075,69,86,17,25,42,17,0.500,1.267
64076,69,86,17,25,42,17,0.544,1.467
64077,68,85,17,24,41,17,0.539,1.350
64078,73,90,17,29,47,18,0.394,1.483
64079,69,85,16,25,42,17,0.428,1.150
64080,73,90,17,28,46,18,0.394,1.483
64081,70,87,17,25,42,17,0.500,1.267
64082,71,88,17,26,44,18,0.500,1.267
64083,70,88,18,25,43,18,0.394,1.483
64084,65,82,17,22,38,16,0.539,1.350
64085,70,86,16,25,43,18,0.539,1.350
64086,69,86,17,25,42,17,0.500,1.267
64088,68,85,17,24,41,17,0.500,1.267
64089,64,80,16,21,37,16,0.322,1.050
64090,73,90,17,28,46,18,0.394,1.483
64092,71,88,17,27,44,17,0.428,1.150
64093,72,89,17,27,45,18,0.478,1.456
64096,69,86,17,25,42,17,0.544,1.467
64097,70,86,16,25,43,18,0.544,1.467
64098,72,88,16,28,45,17,0.428,1.150
64101,70,86,16,24,42,18,0.500,1.267
64102,70,87,17,25,42,17,0.500,1.267
64105,69,86,17,24,42,18,0.500,1.267
64106,69,86,17,24,42,18,0.500,1.267
64108,69,86,17,24,41,17,0.500,1.267
64109,70,86,16,24,42,18,0.500,1.267
64110,70,86,16,25,42,17,0.500,1.267
64111,70,86,16,24,42,18,0.500,1.267
64112,70,86,16,24,42,18,0.500,1.267
64113,70,86,16,25,42,17,0.500,1.267
64114,70,87,17,25,43,18,0.500,1.267
64116,71,87,16,25,43,18,0.322,1.050
64117,71,88,17,25,43,18,0.322,1.050
64118,68,85,17,23,41,18,0.322,1.050
64119,69,86,17,24,42,18,0.322,1.050
64120,70,87,17,25,43,18,0.500,1.267
64123,70,87,17,25,43,18,0.500,1.267
64124,70,87,17,25,43,18,0.500,1.267
64125,69,86,17,24,41,17,0.500,1.267
64126,69,86,17,24,41,17,0.500,1.267
64127,70,87,17,25,42,17,0.500,1.267
64128,70,87,17,25,43,18,0.500,1.267
64129,68,85,17,23,41,18,0.500,1.267
64130,70,87,17,25,42,17,0.500,1.267
64131,70,87,17,25,43,18,0.500,1.267
64132,70,86,16,24,42,18,0.500,1.267
64133,69,86,17,24,41,17,0.500,1.267
64134,70,86,16,25,42,17,0.500,1.267
64136,70,86,16,25,42,17,0.500,1.267
64137,69,86,17,24,42,18,0.500,1.267
64138,70,86,16,24,42,18,0.500,1.267
64139,68,85,17,23,41,18,0.500,1.267
64145,69,86,17,25,42,17,0.500,1.267
64146,69,86,17,25,42,17,0.500,1.267
64147,69,86,17,24,42,18,0.500,1.267
64149,69,87,18,25,42,17,0.500,1.267
64150,71,88,17,26,44,18,0.428,1.150
64151,69,86,17,24,42,18,0.428,1.150
64152,70,86,16,25,42,17,0.428,1.150
64153,68,84,16,24,41,17,0.428,1.150
64154,67,84,17,23,40,17,0.428,1.150
64155,66,82,16,22,38,16,0.322,1.050
64156,65,82,17,21,38,17,0.322,1.050
64157,64,81,17,21,37,16,0.322,1.050
64158,68,85,17,23,41,18,0.322,1.050
64161,70,87,17,25,42,17,0.322,1.050
64163,66,83,17,22,39,17,0.428,1.150
64164,65,82,17,22,39,17,0.428,1.150
64165,64,81,17,20,37,17,0.322,1.050
64166,63,80,17,20,36,16,0.322,1.050
64167,62,80,18,19,35,16,0.322,1.050
64192,69,86,17,24,42,18,,
64401,68,84,16,24,40,16,0.467,1.067
64402,59,75,16,18,32,14,0.344,0.761
64420,55,72,17,16,29,13,0.311,0.644
64421,66,83,17,23,40,17,0.511,1.078
64422,58,75,17,17,32,15,0.333,0.800
64423,60,77,17,19,34,15,0.456,0.894
64424,57,73,16,17,31,14,0.356,0.811
64426,53,70,17,15,28,13,0.356,0.811
64427,61,78,17,20,34,14,0.511,1.078
64428,59,76,17,19,33,14,0.456,0.894
64429,59,76,17,18,33,15,0.256,0.822
64430,60,77,17,19,34,15,0.333,0.800
64431,58,74,16,18,32,14,0.456,0.894
64432,58,75,17,18,32,14,0.456,0.894
64433,58,74,16,18,32,14,0.456,0.894
64434,58,75,17,18,32,14,0.456,0.894
64436,63,80,17,21,36,15,0.511,1.078
64437,66,82,16,23,38,15,0.511,1.078
64438,59,75,16,18,32,14,0.344,0.761
64439,68,85,17,24,41,17,0.428,1.150
64440,67,83,16,23,40,17,0.467,1.067
64441,56,73,17,16,30,14,0.311,0.644
64442,52,69,17,14,27,13,0.356,0.811
64443,63,80,17,21,36,15,0.467,1.067
64444,66,83,17,22,39,17,0.428,1.150
64445,59,75,16,18,33,15,0.456,0.894
64446,63,79,16,20,36,16,0.400,0.783
64448,67,84,17,23,40,17,0.467,1.067
64449,63,79,16,21,36,15,0.511,1.078
64451,64,81,17,22,38,16,0.511,1.078
64453,59,75,16,18,32,14,0.344,0.761
64454,64,81,17,21,37,16,0.256,0.822
64455,62,78,16,20,35,15,0.456,0.894
64456,57,74,17,17,31,14,0.311,0.644
64457,59,76,17,18,33,15,0.456,0.894
64458,52,69,17,14,27,13,0.356,0.811
64459,61,78,17,19,34,15,0.511,1.078
64461,54,71,17,16,29,13,0.456,0.894
64463,58,75,17,18,32,14,0.344,0.761
64465,60,77,17,18,33,15,0.256,0.822
64466,63,80,17,21,37,16,0.511,1.078
64467,54,71,17,15,29,14,0.356,0.811
64468,58,75,17,18,32,14,0.456,0.894
64469,58,75,17,17,31,14,0.333,0.800
64470,63,80,17,21,37,16,0.511,1.078
64471,57,73,16,17,30,13,0.356,0.811
64473,63,80,17,21,37,16,0.511,1.078
64474,59,76,17,18,33,15,0.333,0.800
64475,57,73,16,17,31,14,0.456,0.894
64476,56,73,17,17,30,13,0.456,0.894
64477,60,77,17,19,34,15,0.256,0.822
64479,58,74,16,18,32,14,0.456,0.894
64480,60,77,17,19,34,15,0.511,1.078
64481,54,71,17,15,28,13,0.356,0.811
64482,61,78,17,19,34,15,0.400,0.783
64483,62,78,16,20,35,15,0.511,1.078
64484,71,87,16,26,43,17,0.467,1.067
64485,63,80,17,21,37,16,0.511,1.078
64486,56,73,17,17,30,13,0.311,0.644
64487,61,77,16,19,34,15,0.456,0.894
64489,59,76,17,18,32,14,0.344,0.761
64490,61,78,17,19,34,15,0.333,0.800
64491,60,77,17,19,34,15,0.400,0.783
64492,64,81,17,21,37,16,0.256,0.822
64493,59,76,17,18,33,15,0.256,0.822
64494,59,76,17,18,33,15,0.333,0.800
64496,64,80,16,22,37,15,0.400,0.783
64497,58,75,17,18,32,14,0.333,0.800
64498,59,75,16,18,33,15,0.400,0.783
64499,59,75,16,18,32,14,0.311,0.644
64501,66,82,16,23,39,16,0.467,1.067
64503,65,82,17,22,39,17,0.467,1.067
64504,66,83,17,23,39,16,0.467,1.067
64505,65,82,17,22,39,17,0.467,1.067
64506,65,82,17,22,39,17,0.467,1.067
64507,66,82,16,22,39,17,0.467,1.067
64601,66,83,17,24,40,16,0.539,1.339
64620,57,74,17,17,31,14,0.489,1.022
64622,68,85,17,24,41,17,0.439,1.444
64623,67,84,17,23,40,17,0.439,1.444
64624,64,81,17,21,38,17,0.372,1.006
64625,63,80,17,21,37,16,0.372,1.006
64628,64,82,18,21,38,17,0.550,1.250
64630,61,78,17,20,35,15,0.550,1.250
64631,64,81,17,21,37,16,0.550,1.250
64632,54,71,17,15,28,13,0.356,0.811
64633,72,89,17,27,45,18,0.439,1.444
64635,65,82,17,23,39,16,0.539,1.339
64636,58,75,17,18,32,14,0.489,1.022
64637,62,79,17,20,35,15,0.372,1.006
64638,64,81,17,22,38,16,0.539,1.339
64639,66,83,17,22,39,17,0.439,1.444
64640,59,76,17,19,33,14,0.489,1.022
64641,59,76,17,18,32,14,0.478,1.100
64642,56,73,17,16,29,13,0.356,0.811
64643,66,83,17,23,39,16,0.439,1.444
64644,59,76,17,19,33,14,0.372,1.006
64645,56,73,17,17,30,13,0.528,1.172
64646,59,76,17,18,32,14,0.528,1.172
64647,60,77,17,19,33,14,0.489,1.022
64648,59,76,17,19,33,14,0.489,1.022
64649,58,75,17,18,32,14,0.372,1.006
64650,61,77,16,19,34,15,0.372,1.006
64651,64,82,18,22,38,16,0.550,1.250
64652,63,79,16,21,36,15,0.478,1.100
64653,63,80,17,21,37,16,0.550,1.250
64654,66,82,16,23,39,16,0.489,1.022
64655,53,70,17,15,27,12,0.306,0.833
64656,66,83,17,23,40,17,0.539,1.339
64657,59,76,17,18,32,14,0.344,0.761
64658,65,82,17,22,39,17,0.550,1.250
64659,65,82,17,22,38,16,0.550,1.250
64660,65,82,17,22,38,16,0.444,1.350
64661,52,69,17,14,27,13,0.300,0.722
64664,65,82,17,22,39,17,0.539,1.339
64667,54,71,17,16,28,12,0.528,1.172
64668,70,87,17,25,43,18,0.439,1.444
64670,60,76,16,19,33,14,0.489,1.022
64671,61,77,16,19,34,15,0.372,1.006
64672,50,67,17,14,25,11,0.306,0.833
64673,55,72,17,15,28,13,0.300,0.722
64674,62,79,17,20,35,15,0.550,1.250
64676,65,82,17,22,38,16,0.444,1.350
64679,56,73,17,16,29,13,0.478,1.100
64681,65,83,18,22,39,17,0.444,1.350
64682,67,84,17,23,40,17,0.439,1.444
64683,61,78,17,20,34,14,0.478,1.100
64686,67,84,17,24,41,17,0.539,1.339
64688,65,82,17,23,39,16,0.539,1.339
64689,57,74,17,17,31,14,0.489,1.022
64701,74,91,17,29,48,19,0.394,1.483
64720,75,93,18,31,49,18,0.517,1.656
64722,78,95,17,32,51,19,0.517,1.656
64723,76,94,18,31,50,19,0.517,1.656
64724,76,94,18,31,51,20,0.544,1.806
64725,76,93,17,31,50,19,0.394,1.483
64726,74,91,17,29,48,19,0.433,1.639
64728,80,97,17,34,53,19,0.522,1.667
64730,78,95,17,33,52,19,0.517,1.656
64733,72,89,17,27,45,18,0.478,1.456
64734,73,90,17,28,47,19,0.394,1.483
64735,75,92,17,30,49,19,0.433,1.639
64738,75,93,18,30,49,19,0.544,1.806
64739,74,91,17,30,48,18,0.394,1.483
64740,75,92,17,30,49,19,0.433,1.639
64741,81,98,17,35,54,19,0.522,1.667
64742,73,91,18,28,47,19,0.394,1.483
64743,75,91,16,30,48,18,0.394,1.483
64744,78,95,17,32,51,19,0.539,1.656
64745,78,95,17,32,51,19,0.517,1.656
64746,75,92,17,30,49,19,0.394,1.483
64747,73,91,18,29,47,18,0.394,1.483
64748,76,94,18,29,49,20,0.328,1.394
64750,78,95,17,33,52,19,0.522,1.667
64752,78,96,18,33,52,19,0.517,1.656
64755,79,97,18,32,52,20,0.250,1.228
64756,77,94,17,31,51,20,0.539,1.656
64759,77,94,17,30,50,20,0.328,1.394
64761,69,87,18,24,43,19,0.478,1.456
64762,79,96,17,32,52,20,0.328,1.394
64763,75,93,18,30,50,20,0.544,1.806
64765,79,97,18,33,53,20,0.522,1.667
64767,78,96,18,32,52,20,0.522,1.667
64769,80,97,17,33,53,20,0.328,1.394
64770,76,93,17,31,50,19,0.433,1.639
64771,80,97,17,33,53,20,0.522,1.667
64772,79,97,18,33,53,20,0.522,1.667
64776,76,93,17,30,50,20,0.544,1.806
64778,80,97,17,34,54,20,0.522,1.667
64779,78,96,18,33,52,19,0.517,1.656
64780,78,95,17,32,52,20,0.517,1.656
64781,77,94,17,31,51,20,0.544,1.806
64783,78,95,17,33,52,19,0.522,1.667
64784,78,95,17,32,52,20,0.522,1.667
64788,75,92,17,30,49,19,0.433,1.639
64790,79,96,17,33,53,20,0.522,1.667
64801,79,96,17,30,50,20,0.250,1.228
64804,79,97,18,30,50,20,0.250,1.228
64830,81,99,18,34,54,20,0.250,1.228
64831,76,96,20,26,46,20,0.167,1.050
64832,81,99,18,34,54,20,0.250,1.228
64833,75,93,18,28,48,20,0.250,1.228
64834,81,98,17,33,53,20,0.250,1.228
64835,79,97,18,31,51,20,0.250,1.228
64836,80,98,18,32,52,20,0.250,1.228
64840,76,95,19,27,48,21,0.211,0.967
64841,78,97,19,30,50,20,0.250,1.228
64842,69,88,19,21,40,19,0.211,0.967
64843,72,92,20,22,42,20,0.167,1.050
64844,74,93,19,25,45,20,0.211,0.967
64847,79,98,19,29,49,20,0.167,1.050
64848,72,90,18,25,45,20,0.233,1.044
64849,81,99,18,34,54,20,0.250,1.228
64850,75,94,19,25,46,21,0.211,0.967
64854,84,102,18,34,55,21,0.167,1.050
64855,81,98,17,33,53,20,0.250,1.228
64856,76,95,19,25,45,20,0.167,1.050
64857,81,99,18,34,54,20,0.250,1.228
64858,77,96,19,28,48,20,0.211,0.967
64859,76,94,18,29,48,19,0.250,1.228
64861,71,90,19,22,42,20,0.167,1.050
64862,73,92,19,26,45,19,0.250,1.228
64863,87,105,18,37,58,21,0.167,1.050
64865,80,98,18,30,51,20,0.211,0.967
64866,72,91,19,23,43,20,0.211,0.967
64867,73,92,19,23,43,20,0.167,1.050
64870,79,97,18,31,51,20,0.250,1.228
64873,69,88,19,22,42,20,0.233,1.044
64874,67,86,19,18,38,20,0.161,0.772
65001,66,85,19,22,39,17,0.189,0.994
65010,66,85,19,23,41,18,0.317,1.311
65011,73,91,18,27,46,19,0.439,1.539
65013,64,84,20,21,39,18,0.239,1.156
65014,65,85,20,22,40,18,0.200,0.944
65016,68,87,19,24,42,18,0.189,0.994
65017,71,89,18,26,44,18,0.278,1.222
65018,70,89,19,26,45,19,0.239,1.061
65020,73,92,19,28,47,19,0.461,1.600
65023,70,88,18,25,44,19,0.211,0.989
65024,68,87,19,24,43,19,0.189,0.994
65025,70,88,18,25,44,19,0.239,1.061
65026,72,90,18,26,45,19,0.278,1.222
65032,71,89,18,25,44,19,0.211,0.989
65034,68,87,19,24,42,18,0.439,1.539
65035,66,85,19,22,40,18,0.189,0.994
65037,74,92,18,28,47,19,0.439,1.539
65039,69,87,18,24,43,19,0.317,1.311
65040,70,89,19,25,44,19,0.211,0.989
65041,68,87,19,24,43,19,0.200,0.944
65043,69,88,19,24,43,19,0.206,1.022
65046,69,88,19,25,43,18,0.239,1.061
65047,71,89,18,26,44,18,0.278,1.222
65048,66,85,19,22,40,18,0.189,0.994
65049,72,90,18,27,46,19,0.461,1.600
65050,70,88,18,25,44,19,0.239,1.061
65051,66,86,20,22,41,19,0.189,0.994
65052,73,91,18,27,46,19,0.461,1.600
65053,70,89,19,25,44,19,0.211,0.989
65054,67,86,19,23,42,19,0.189,0.994
65058,67,86,19,23,41,18,0.239,1.156
65059,69,88,19,25,43,18,0.206,1.022
65061,68,87,19,24,42,18,0.200,0.944
65062,66,85,19,23,41,18,0.200,0.944
65063,67,86,19,23,42,19,0.206,1.022
65064,71,89,18,26,45,19,0.278,1.222
65065,72,90,18,27,45,18,0.461,1.600
65066,65,85,20,21,39,18,0.200,0.944
65067,69,88,19,25,44,19,0.206,1.022
65068,69,87,18,24,43,19,0.494,1.433
65069,69,88,19,25,44,19,0.250,1.233
65072,73,91,18,27,46,19,0.439,1.539
65074,70,89,19,25,44,19,0.211,0.989
65075,69,88,19,24,43,19,0.278,1.222
65076,69,88,19,24,43,19,0.211,0.989
65077,67,86,19,23,42,19,0.206,1.022
65078,73,90,17,27,45,18,0.439,1.539
65079,73,91,18,28,46,18,0.461,1.600
65080,70,89,19,26,45,19,0.206,1.022
65081,69,87,18,24,43,19,0.239,1.061
65082,71,89,18,25,44,19,0.278,1.222
65083,70,89,19,25,44,19,0.278,1.222
65084,69,88,19,24,43,19,0.439,1.539
65085,68,87,19,23,42,19,0.189,0.994
65101,70,89,19,25,44,19,0.211,0.989
65109,70,88,18,25,44,19,0.211,0.989
65201,68,86,18,24,42,18,0.317,1.311
65202,69,87,18,25,43,18,0.317,1.311
65203,70,88,18,26,44,18,0.317,1.311
65215,70,88,18,26,44,18,0.317,1.311
65230,66,83,17,22,39,17,0.472,1.400
65231,66,84,18,22,41,19,0.206,1.022
65232,66,85,19,23,41,18,0.233,1.156
65233,69,86,17,25,42,17,0.494,1.433
65236,64,81,17,21,38,17,0.444,1.350
65237,68,86,18,24,42,18,0.494,1.433
65239,65,83,18,22,39,17,0.333,1.139
65240,65,83,18,22,40,18,0.317,1.311
65243,65,83,18,22,39,17,0.333,1.139
65244,66,84,18,22,40,18,0.333,1.139
65246,66,83,17,23,40,17,0.444,1.350
65247,65,83,18,22,40,18,0.433,1.183
65248,67,85,18,23,40,17,0.472,1.400
65250,68,86,18,24,42,18,0.472,1.400
65251,64,83,19,21,39,18,0.206,1.022
65254,66,84,18,22,39,17,0.472,1.400
65255,65,84,19,22,40,18,0.317,1.311
65256,67,85,18,23,41,18,0.317,1.311
65257,66,84,18,22,40,18,0.333,1.139
65258,65,83,18,22,40,18,0.300,1.317
65259,66,84,18,23,40,17,0.333,1.139
65260,65,83,18,22,39,17,0.333,1.139
65261,66,83,17,23,40,17,0.444,1.350
65262,65,83,18,22,40,18,0.206,1.022
65263,65,84,19,22,40,18,0.300,1.317
65264,68,86,18,24,42,18,0.233,1.156
65265,66,85,19,23,41,18,0.233,1.156
65270,65,84,19,22,39,17,0.333,1.139
65274,69,86,17,24,42,18,0.472,1.400
65275,66,84,18,23,41,18,0.300,1.317
65276,68,85,17,23,41,18,0.494,1.433
65278,65,83,18,21,39,18,0.333,1.139
65279,68,86,18,24,42,18,0.317,1.311
65280,66,85,19,22,41,19,0.233,1.156
65281,67,84,17,23,40,17,0.444,1.350
65282,67,85,18,23,42,19,0.300,1.317
65283,67,86,19,24,43,19,0.300,1.317
65284,65,83,18,22,39,17,0.317,1.311
65285,66,84,18,22,40,18,0.233,1.156
65286,65,82,17,22,38,16,0.444,1.350
65287,69,87,18,25,43,18,0.494,1.433
65301,68,86,18,23,41,18,0.428,1.439
65305,69,87,18,25,43,18,0.478,1.456
65320,68,85,17,24,41,17,0.556,1.567
65321,71,88,17,26,44,18,0.556,1.567
65322,68,85,17,24,41,17,0.494,1.433
65323,72,89,17,27,46,19,0.433,1.639
65324,74,92,18,28,47,19,0.461,1.600
65325,71,89,18,25,43,18,0.428,1.628
65326,74,91,17,28,47,19,0.428,1.628
65327,73,90,17,27,45,18,0.556,1.567
65329,69,87,18,24,42,18,0.439,1.539
65330,67,84,17,23,40,17,0.556,1.567
65332,68,86,18,23,41,18,0.428,1.439
65333,70,87,17,25,43,18,0.428,1.439
65334,69,86,17,24,42,18,0.428,1.439
65335,69,87,18,24,43,19,0.428,1.628
65336,70,87,17,26,43,17,0.478,1.456
65337,69,87,18,24,42,18,0.428,1.439
65338,74,91,17,28,47,19,0.428,1.628
65339,70,87,17,25,44,19,0.556,1.567
65340,70,87,17,25,43,18,0.556,1.567
65344,67,84,17,23,41,18,0.556,1.567
65345,69,87,18,24,42,18,0.428,1.439
65347,68,86,18,24,41,17,0.556,1.567
65348,69,87,18,25,42,17,0.494,1.433
65349,68,85,17,24,41,17,0.556,1.567
65350,69,87,18,24,42,18,0.428,1.439
65351,72,89,17,27,45,18,0.556,1.567
65354,68,87,19,24,42,18,0.439,1.539
65355,74,91,17,29,48,19,0.428,1.628
65360,68,86,18,24,42,18,0.433,1.639
65401,68,87,19,24,42,18,0.250,1.156
65436,66,85,19,22,40,18,0.250,1.156
65438,73,92,19,27,45,18,0.278,1.178
65439,65,85,20,21,39,18,0.172,0.989
65440,66,86,20,22,40,18,0.200,0.983
65441,68,87,19,23,42,19,0.239,1.089
65443,67,86,19,22,40,18,0.239,1.156
65444,68,87,19,23,41,18,0.183,0.906
65446,69,89,20,24,43,19,0.239,1.089
65449,70,89,19,25,43,18,0.239,1.089
65452,70,89,19,25,43,18,0.233,1.167
65453,66,86,20,22,40,18,0.239,1.089
65456,68,88,20,23,41,18,0.239,1.089
65457,70,89,19,25,44,19,0.233,1.167
65459,69,87,18,24,42,18,0.233,1.167
65461,68,87,19,23,42,19,0.250,1.156
65462,67,86,19,23,41,18,0.250,1.156
65463,72,91,19,27,46,19,0.317,1.267
65464,68,87,19,23,41,18,0.183,0.906
65466,74,93,19,27,46,19,0.278,1.178
65468,66,86,20,22,40,18,0.183,0.906
65470,69,88,19,24,42,18,0.317,1.267
65473,69,88,19,24,43,19,0.233,1.167
65479,68,87,19,24,42,18,0.183,0.906
65483,68,87,19,23,41,18,0.183,0.906
65484,67,86,19,22,40,18,0.183,0.906
65486,70,88,18,24,43,19,0.278,1.222
65501,69,89,20,25,43,18,0.200,0.983
65529,69,88,19,24,42,18,0.250,1.156
65534,70,89,19,25,43,18,0.233,1.167
65535,68,87,19,23,41,18,0.239,1.089
65536,72,90,18,26,45,19,0.317,1.267
65541,68,87,19,24,42,18,0.200,0.983
65542,66,85,19,22,40,18,0.183,0.906
65543,68,87,19,23,41,18,0.317,1.267
65548,70,89,19,24,42,18,0.139,0.811
65550,68,87,19,24,42,18,0.250,1.156
65552,67,87,20,23,41,18,0.183,0.906
65555,67,87,20,23,41,18,0.183,0.906
65556,71,90,19,26,44,18,0.233,1.167
65557,67,86,19,23,41,18,0.183,0.906
65559,67,86,19,23,41,18,0.250,1.156
65560,70,90,20,26,44,18,0.200,0.983
65564,67,87,20,22,40,18,0.183,0.906
65565,68,87,19,23,41,18,0.239,1.089
65566,66,86,20,22,40,18,0.172,0.989
65567,71,90,19,26,45,19,0.461,1.600
65570,68,87,19,23,41,18,0.183,0.906
65571,69,88,19,24,42,18,0.183,0.906
65580,64,83,19,20,38,18,0.239,1.156
65582,65,84,19,21,39,18,0.239,1.156
65583,71,90,19,26,44,18,0.233,1.167
65584,71,90,19,25,44,19,0.233,1.167
65586,69,89,20,24,43,19,0.239,1.089
65588,75,94,19,27,46,19,0.278,1.178
65589,67,87,20,23,40,17,0.183,0.906
65590,70,89,19,24,43,19,0.339,1.339
65591,72,90,18,26,45,19,0.461,1.600
65601,75,93,18,29,48,19,0.333,1.267
65603,77,95,18,32,51,19,0.311,1.317
65604,71,90,19,25,44,19,0.194,0.967
65605,66,85,19,19,38,19,0.233,1.044
65606,79,98,19,30,49,19,0.189,1.328
65608,72,91,19,25,44,19,0.106,0.722
65609,79,97,18,30,48,18,0.111,0.733
65610,67,86,19,20,39,19,0.133,0.722
65611,73,92,19,23,43,20,0.094,0.606
65612,69,88,19,23,42,19,0.194,0.967
65613,73,91,18,27,46,19,0.333,1.267
65614,73,92,19,26,45,19,0.106,0.722
65616,75,93,18,25,45,20,0.106,0.722
65617,70,89,19,24,43,19,0.333,1.267
65618,73,92,19,25,44,19,0.111,0.733
65619,68,87,19,21,40,19,0.194,0.967
65620,63,82,19,18,36,18,0.133,0.722
65622,69,88,19,24,43,19,0.339,1.339
65623,63,83,20,16,34,18,0.161,0.772
65624,70,89,19,21,40,19,0.094,0.606
65625,66,86,20,18,37,19,0.161,0.772
65626,74,93,19,26,44,18,0.139,0.811
65627,79,97,18,29,48,19,0.106,0.722
65629,68,87,19,22,40,18,0.133,0.722
65630,72,91,19,24,43,19,0.133,0.722
65631,67,86,19,21,39,18,0.133,0.722
65632,68,87,19,23,42,19,0.317,1.267
65633,68,87,19,21,40,19,0.094,0.606
65634,72,90,18,28,46,18,0.433,1.556
65635,76,93,17,30,50,20,0.311,1.317
65637,73,92,19,26,44,18,0.111,0.733
65638,72,91,19,26,44,18,0.133,0.889
65640,74,92,18,28,47,19,0.333,1.267
65641,74,94,19,24,44,20,0.161,0.772
65644,69,88,19,23,42,19,0.339,1.339
65646,73,91,18,26,46,20,0.311,1.317
65647,65,85,20,16,35,19,0.161,0.772
65648,69,87,18,23,42,19,0.194,0.967
65649,75,93,18,29,49,20,0.333,1.267
65650,73,91,18,28,47,19,0.333,1.267
65652,66,84,18,20,39,19,0.133,0.894
65653,76,95,19,27,46,19,0.106,0.722
65654,65,84,19,19,38,19,0.233,1.044
65655,77,95,18,28,46,18,0.111,0.733
65656,69,89,20,21,40,19,0.094,0.606
65657,72,91,19,24,43,19,0.133,0.722
65658,73,92,19,23,43,20,0.161,0.772
65660,67,86,19,22,40,18,0.117,0.889
65661,77,95,18,31,51,20,0.311,1.317
65662,66,85,19,22,40,18,0.117,0.889
65663,71,89,18,25,44,19,0.333,1.267
65664,69,87,18,22,42,20,0.233,1.044
65667,67,86,19,22,41,19,0.117,0.889
65668,73,91,18,28,47,19,0.433,1.556
65669,67,86,19,21,39,18,0.133,0.722
65672,73,91,18,24,43,19,0.106,0.722
65674,74,92,18,29,48,19,0.333,1.267
65676,80,98,18,30,49,19,0.111,0.733
65679,77,95,18,27,46,19,0.106,0.722
65680,77,95,18,27,46,19,0.106,0.722
65681,72,91,19,22,42,20,0.094,0.606
65682,76,93,17,29,49,20,0.311,1.317
65685,70,88,18,24,43,19,0.339,1.339
65686,72,91,19,23,42,19,0.094,0.606
65689,67,87,20,22,40,18,0.183,0.906
65690,85,103,18,35,55,20,0.189,1.328
65692,77,95,18,28,47,19,0.139,0.811
65702,70,89,19,24,42,18,0.117,0.889
65704,69,88,19,24,43,19,0.117,0.889
65705,66,85,19,19,38,19,0.233,1.044
65706,68,87,19,22,41,19,0.133,0.894
65707,69,87,18,22,41,19,0.233,1.044
65708,66,85,19,20,39,19,0.161,0.772
65710,73,91,18,26,46,20,0.333,1.267
65711,66,86,20,22,39,17,0.117,0.889
65712,67,86,19,21,40,19,0.233,1.044
65713,67,86,19,22,41,19,0.133,0.894
65714,67,86,19,21,39,18,0.133,0.722
65715,74,93,19,26,45,19,0.111,0.733
65717,69,88,19,23,41,18,0.117,0.889
65720,66,85,19,21,39,18,0.133,0.722
65721,65,84,19,19,37,18,0.133,0.722
65722,69,88,19,24,43,19,0.317,1.267
65723,69,88,19,22,42,20,0.233,1.044
65724,73,91,18,28,47,19,0.433,1.556
65725,70,88,18,23,43,20,0.333,1.267
65727,73,91,18,27,46,19,0.333,1.267
65728,67,86,19,20,39,19,0.094,0.606
65729,80,98,18,30,49,19,0.111,0.733
65730,74,93,19,24,44,20,0.167,1.050
65731,76,95,19,27,46,19,0.106,0.722
65732,72,90,18,27,46,19,0.433,1.556
65733,81,99,18,31,50,19,0.106,0.722
65734,65,84,19,18,37,19,0.161,0.772
65735,73,91,18,28,47,19,0.544,1.806
65737,71,90,19,23,42,19,0.094,0.606
65738,68,87,19,21,40,19,0.194,0.967
65739,71,90,19,22,41,19,0.106,0.722
65740,77,95,18,27,46,19,0.106,0.722
65742,64,83,19,19,37,18,0.133,0.894
65744,72,91,19,24,43,19,0.106,0.722
65745,70,90,20,20,40,20,0.161,0.772
65746,67,86,19,22,40,18,0.133,0.894
65747,72,92,19,22,42,20,0.094,0.606
65752,76,93,17,29,49,20,0.311,1.317
65753,62,81,19,17,35,18,0.133,0.722
65754,68,87,19,21,40,19,0.133,0.722
65755,73,92,19,25,44,19,0.133,0.889
65756,69,88,19,23,42,19,0.233,1.044
65757,67,86,19,21,40,19,0.194,0.967
65759,75,93,18,26,45,19,0.106,0.722
65760,78,97,19,29,48,19,0.111,0.733
65761,81,99,18,31,50,19,0.111,0.733
65762,77,96,19,28,47,19,0.111,0.733
65764,72,90,18,27,45,18,0.339,1.339
65766,80,99,19,31,50,19,0.111,0.733
65767,71,90,19,26,45,19,0.339,1.339
65768,71,90,19,25,43,18,0.133,0.889
65769,66,85,19,19,38,19,0.233,1.044
65770,72,91,19,26,45,19,0.194,0.967
65771,74,92,18,25,44,19,0.106,0.722
65772,68,88,20,18,38,20,0.161,0.772
65773,73,92,19,25,44,19,0.111,0.733
65774,73,91,18,28,47,19,0.433,1.556
65775,72,91,19,25,43,18,0.139,0.811
65777,75,93,18,27,45,18,0.139,0.811
65778,85,103,18,36,55,19,0.189,1.328
65779,73,91,18,28,47,19,0.433,1.556
65781,70,88,18,23,43,20,0.194,0.967
65783,72,91,19,26,45,19,0.339,1.339
65784,76,95,19,28,47,19,0.111,0.733
65785,76,94,18,31,51,20,0.539,1.656
65786,73,91,18,27,46,19,0.461,1.600
65787,74,92,18,28,47,19,0.461,1.600
65788,73,92,19,27,45,18,0.139,0.811
65789,70,89,19,24,42,18,0.139,0.811
65790,73,91,18,26,44,18,0.139,0.811
65791,81,100,19,31,50,19,0.189,1.328
65793,69,89,20,24,41,17,0.139,0.811
65802,68,86,18,21,40,19,0.194,0.967
65803,68,86,18,21,40,19,0.194,0.967
65804,67,86,19,21,40,19,0.194,0.967
65806,67,86,19,21,40,19,0.194,0.967
65807,68,86,18,21,40,19,0.194,0.967
65809,67,86,19,21,40,19,0.194,0.967
65810,68,87,19,21,40,19,0.194,0.967
66002,71,87,16,27,44,17,0.422,1.056
66006,72,89,17,28,46,18,0.489,1.583
66007,70,87,17,26,44,18,0.494,1.583
66008,68,85,17,24,41,17,0.472,1.067
66010,75,92,17,30,49,19,0.478,1.556
66012,72,88,16,27,45,18,0.422,1.261
66013,69,86,17,25,43,18,0.456,1.456
66014,75,92,17,30,49,19,0.478,1.556
66015,75,92,17,28,47,19,0.439,1.361
66016,70,86,16,26,43,17,0.422,1.056
66017,69,85,16,25,42,17,0.472,1.067
66018,73,90,17,29,47,18,0.456,1.456
66019,74,91,17,30,48,18,,
66020,72,88,16,27,44,17,0.494,1.583
66021,71,87,16,27,44,17,0.456,1.456
66023,70,86,16,26,43,17,0.422,1.056
66024,67,84,17,24,40,16,0.472,1.067
66025,75,91,16,30,49,19,0.489,1.583
66026,76,93,17,31,50,19,0.344,1.328
66027,75,91,16,30,48,18,0.494,1.583
66030,70,87,17,27,45,18,0.456,1.456
66031,71,88,17,27,45,18,0.456,1.456
66032,77,94,17,31,50,19,0.439,1.361
66033,76,93,17,30,49,19,0.439,1.361
66035,66,83,17,23,39,16,0.472,1.067
66039,75,92,17,29,48,19,0.439,1.361
66040,75,93,18,30,49,19,0.478,1.556
66041,70,86,16,26,42,16,0.422,1.056
66042,74,91,17,28,47,19,0.350,1.139
66043,72,88,16,27,45,18,0.494,1.583
66044,77,93,16,33,51,18,0.489,1.583
66045,77,93,16,32,50,18,0.489,1.583
66046,76,92,16,32,50,18,0.489,1.583
66047,75,91,16,30,48,18,0.489,1.583
66048,73,89,16,29,46,17,0.494,1.583
66049,75,91,16,31,49,18,0.489,1.583
66050,71,88,17,27,44,17,0.489,1.583
66052,75,91,16,31,49,18,0.494,1.583
66053,70,87,17,25,44,19,0.344,1.328
66054,71,88,17,27,45,18,0.489,1.583
66056,74,91,17,29,48,19,0.478,1.556
66058,72,88,16,27,44,17,0.422,1.056
66060,70,86,16,26,43,17,0.489,1.583
66061,70,87,17,26,44,18,0.456,1.456
66062,69,86,17,25,43,18,0.456,1.456
66064,75,92,17,29,48,19,0.344,1.328
66066,71,87,16,27,44,17,0.489,1.583
66067,77,93,16,31,49,18,0.350,1.139
66070,71,87,16,27,44,17,0.489,1.583
66071,74,91,17,29,47,18,0.344,1.328
66072,75,92,17,29,48,19,0.478,1.556
66073,72,88,16,29,46,17,0.489,1.583
66075,77,94,17,31,50,19,0.478,1.556
66076,74,90,16,28,47,19,0.350,1.139
66078,74,91,17,29,47,18,0.350,1.139
66079,75,91,16,29,47,18,0.350,1.139
66080,76,93,17,30,49,19,0.350,1.139
66083,70,87,17,26,44,18,0.456,1.456
66085,70,87,17,25,43,18,0.456,1.456
66086,73,89,16,29,47,18,0.494,1.583
66087,67,83,16,23,40,17,0.472,1.067
66088,72,88,16,27,44,17,0.489,1.583
66090,68,85,17,25,41,16,0.472,1.067
66091,74,91,17,28,47,19,0.439,1.361
66092,72,88,16,27,45,18,0.350,1.139
66093,73,90,17,27,45,18,0.439,1.361
66094,66,82,16,23,39,16,0.472,1.067
66095,72,89,17,27,45,18,0.350,1.139
66097,71,87,16,26,43,17,0.489,1.583
66101,71,88,17,26,44,18,0.422,1.261
66102,71,87,16,25,43,18,0.422,1.261
66103,70,86,16,25,42,17,0.422,1.261
66104,71,87,16,25,43,18,0.422,1.261
66105,70,87,17,25,43,18,0.422,1.261
66106,70,87,17,25,43,18,0.422,1.261
66109,70,87,17,25,43,18,0.422,1.261
66111,71,88,17,26,44,18,0.422,1.261
66112,71,87,16,26,44,18,0.422,1.261
66115,72,88,16,26,44,18,0.422,1.261
66118,70,87,17,25,43,18,0.422,1.261
66202,70,86,16,25,42,17,0.456,1.456
66203,70,86,16,25,42,17,0.456,1.456
66204,70,86,16,25,42,17,0.456,1.456
66205,70,86,16,24,42,18,0.456,1.456
66206,71,87,16,25,43,18,0.456,1.456
66207,71,87,16,25,43,18,0.456,1.456
66208,70,86,16,25,42,17,0.456,1.456
66209,70,87,17,25,43,18,0.456,1.456
66210,70,87,17,25,43,18,0.456,1.456
66211,70,87,17,25,43,18,0.456,1.456
66212,70,87,17,25,43,18,0.456,1.456
66213,70,87,17,25,43,18,0.456,1.456
66214,70,87,17,25,43,18,0.456,1.456
66215,69,86,17,25,42,17,0.456,1.456
66216,69,86,17,25,42,17,0.456,1.456
66217,70,87,17,25,43,18,0.456,1.456
66218,71,88,17,27,45,18,0.456,1.456
66219,70,86,16,25,43,18,0.456,1.456
66220,71,88,17,26,45,19,0.456,1.456
66221,70,87,17,25,43,18,0.456,1.456
66223,70,87,17,25,43,18,0.456,1.456
66224,70,87,17,25,43,18,0.456,1.456
66226,72,88,16,27,45,18,0.456,1.456
66227,71,88,17,27,44,17,0.456,1.456
66401,71,87,16,25,42,17,0.350,0.933
66402,72,88,16,27,44,17,0.350,0.939
66403,66,81,15,22,38,16,0.172,0.483
66404,67,83,16,23,39,16,0.239,0.661
66406,63,79,16,20,35,15,0.172,0.483
66407,76,91,15,30,47,17,0.317,0.872
66408,66,81,15,22,38,16,0.239,0.661
66409,72,88,16,27,44,17,0.350,0.939
66411,68,83,15,23,39,16,0.172,0.483
66412,65,80,15,21,36,15,0.172,0.483
66413,74,90,16,28,46,18,0.294,0.861
66414,72,88,16,27,44,17,0.294,0.861
66415,67,82,15,23,38,15,0.239,0.661
66416,70,86,16,26,42,16,0.289,0.833
66417,67,83,16,23,39,16,0.239,0.661
66418,72,88,16,27,44,17,0.289,0.833
66419,72,88,16,27,44,17,0.289,0.833
66422,72,88,16,27,44,17,0.317,0.872
66423,68,84,16,23,40,17,0.350,0.933
66424,71,87,16,26,43,17,0.367,0.944
66425,68,84,16,24,41,17,0.367,0.944
66427,67,83,16,23,38,15,0.172,0.483
66428,68,84,16,24,40,16,0.239,0.661
66429,72,89,17,28,45,17,0.489,1.583
66431,72,88,16,26,43,17,0.350,0.933
66432,67,83,16,24,39,15,0.317,0.872
66434,69,85,16,25,42,17,0.367,0.944
66436,71,88,17,27,44,17,0.289,0.833
66438,64,80,16,20,36,16,0.172,0.483
66439,74,89,15,29,46,17,0.367,0.944
66440,71,87,16,26,43,17,0.289,0.833
66441,74,89,15,27,44,17,0.189,0.483
66442,74,89,15,28,44,16,0.228,0.617
66449,71,86,15,24,40,16,0.228,0.617
66451,71,87,16,26,43,17,0.294,0.861
66501,72,88,16,26,43,17,0.350,0.933
66502,76,91,15,29,46,17,0.228,0.617
66503,75,90,15,28,45,17,0.228,0.617
66506,77,91,14,30,46,16,0.228,0.617
66507,73,88,15,27,44,17,0.350,0.933
66508,65,81,16,21,36,15,0.172,0.483
66509,71,87,16,27,43,16,0.289,0.833
66510,70,87,17,25,43,18,0.294,0.861
66512,71,87,16,27,44,17,0.489,1.583
66514,72,87,15,25,42,17,0.189,0.483
66515,68,83,15,24,40,16,0.367,0.944
66516,71,87,16,26,43,17,0.289,0.833
66517,75,90,15,28,45,17,0.228,0.617
66518,64,79,15,20,35,15,0.172,0.483
66520,67,83,16,22,38,16,0.317,0.872
66521,69,84,15,24,40,16,0.317,0.872
66522,65,81,16,22,38,16,0.239,0.661
66523,73,89,16,27,45,18,0.294,0.861
66524,71,88,17,27,44,17,0.294,0.861
66526,73,89,16,28,44,16,0.350,0.933
66527,70,86,16,26,43,17,0.367,0.944
66528,71,88,17,26,44,18,0.294,0.861
66531,70,86,16,24,40,16,0.228,0.617
66532,69,85,16,25,42,17,0.367,0.944
66533,73,89,16,28,45,17,0.350,0.939
66534,66,81,15,23,39,16,0.239,0.661
66535,76,91,15,29,46,17,0.317,0.872
66536,75,90,15,29,46,17,0.317,0.872
66537,72,89,17,27,45,18,0.294,0.861
66538,68,83,15,24,40,16,0.239,0.661
66539,73,88,15,28,44,16,0.350,0.939
66540,69,85,16,25,41,16,0.289,0.833
66541,62,78,16,20,34,14,0.172,0.483
66542,71,88,17,26,44,18,0.350,0.939
66543,71,88,17,27,44,17,0.294,0.861
66544,67,82,15,22,38,16,0.172,0.483
66546,73,89,16,28,45,17,0.350,0.939
66547,78,93,15,31,48,17,0.317,0.872
66548,68,83,15,23,38,15,0.172,0.483
66549,67,83,16,23,39,16,0.317,0.872
66550,70,85,15,25,42,17,0.239,0.661
66552,72,88,16,27,44,17,0.289,0.833
66554,72,87,15,25,41,16,0.228,0.617
66603,73,89,16,28,45,17,0.350,0.939
66604,72,88,16,27,44,17,0.350,0.939
66605,72,88,16,27,44,17,0.350,0.939
66606,72,88,16,27,44,17,0.350,0.939
66607,72,89,17,28,45,17,0.350,0.939
66608,73,89,16,29,46,17,0.350,0.939
66609,72,88,16,27,44,17,0.350,0.939
66610,72,88,16,27,44,17,0.350,0.939
66611,72,88,16,27,44,17,0.350,0.939
66612,72,89,17,28,45,17,0.350,0.939
66614,72,88,16,27,44,17,0.350,0.939
66615,72,88,16,27,44,17,0.350,0.939
66616,73,89,16,28,45,17,0.350,0.939
66617,72,88,16,28,45,17,0.350,0.939
66618,72,88,16,27,44,17,0.350,0.939
66619,73,88,15,27,45,18,0.350,0.939
66621,72,88,16,27,44,17,0.350,0.939
66622,72,88,16,27,44,17,0.350,0.939
66701,82,99,17,37,56,19,0.478,1.650
66710,83,99,16,35,54,19,0.267,1.133
66711,81,98,17,35,54,19,0.356,1.400
66712,81,98,17,35,55,20,0.356,1.400
66713,86,103,17,38,59,21,0.394,1.550
66714,82,98,16,35,53,18,0.267,1.133
66716,78,95,17,32,51,19,0.478,1.650
66717,79,96,17,32,51,19,0.267,1.133
66720,80,96,16,33,52,19,0.317,1.250
66724,81,98,17,34,54,20,0.356,1.400
66725,82,99,17,33,54,21,0.394,1.550
66728,82,99,17,34,55,21,0.394,1.550
66732,78,95,17,32,51,19,0.439,1.361
66733,81,98,17,34,54,20,0.317,1.250
66734,81,98,17,35,55,20,0.356,1.400
66735,81,98,17,35,55,20,0.356,1.400
66736,83,99,16,36,55,19,0.267,1.133
66738,80,96,16,34,53,19,0.478,1.650
66739,81,99,18,33,53,20,0.394,1.550
66740,80,97,17,34,53,19,0.317,1.250
66741,82,99,17,36,55,19,0.478,1.650
66743,83,99,16,37,56,19,0.356,1.400
66746,81,97,16,35,54,19,0.356,1.400
66748,80,97,17,33,52,19,0.439,1.361
66749,78,95,17,31,50,19,0.439,1.361
66751,77,94,17,30,50,20,0.439,1.361
66753,83,99,16,36,55,19,0.356,1.400
66754,77,94,17,31,50,19,0.478,1.650
66755,78,94,16,32,51,19,0.439,1.361
66756,81,98,17,34,54,20,0.356,1.400
66757,83,100,17,36,55,19,0.267,1.133
66758,77,94,17,30,49,19,0.261,1.106
66760,81,98,17,33,53,20,0.356,1.400
66761,78,95,17,30,49,19,0.261,1.106
66762,82,99,17,35,55,20,0.356,1.400
66763,82,99,17,35,55,20,0.356,1.400
66767,78,95,17,32,52,20,0.478,1.556
66769,82,98,16,36,55,19,0.478,1.650
66770,84,101,17,36,56,20,0.394,1.550
66771,83,99,16,37,56,19,0.317,1.250
66772,79,96,17,33,52,19,0.439,1.361
66773,81,98,17,33,53,20,0.394,1.550
66775,80,97,17,34,53,19,0.317,1.250
66776,79,96,17,32,52,20,0.317,1.250
66777,76,93,17,28,47,19,0.261,1.106
66778,88,105,17,39,60,21,0.394,1.550
66779,81,97,16,34,54,20,0.478,1.650
66780,81,98,17,35,54,19,0.356,1.400
66781,81,98,17,34,54,20,0.394,1.550
66782,82,98,16,34,54,20,0.394,1.550
66783,76,93,17,29,47,18,0.261,1.106
66801,71,87,16,24,41,17,0.244,0.733
66830,71,87,16,25,42,17,0.244,0.733
66833,70,86,16,24,41,17,0.244,0.733
66834,66,82,16,21,37,16,0.350,0.933
66835,71,87,16,25,42,17,0.244,0.733
66838,71,87,16,24,41,17,0.133,0.456
66839,72,89,17,26,44,18,0.261,1.028
66840,73,89,16,25,42,17,0.183,0.483
66842,71,87,16,24,40,16,0.183,0.494
66843,74,90,16,27,44,17,0.156,0.550
66845,74,89,15,26,44,18,0.156,0.550
66846,68,84,16,22,39,17,0.133,0.456
66849,66,82,16,20,36,16,0.133,0.456
66850,74,90,16,26,44,18,0.156,0.550
66851,77,92,15,28,46,18,0.183,0.483
66852,73,90,17,26,44,18,0.261,1.028
66853,76,92,16,28,46,18,0.272,0.883
66854,71,88,17,25,42,17,0.244,0.733
66856,70,87,17,24,42,18,0.261,1.028
66857,76,93,17,29,48,19,0.261,1.028
66858,72,87,15,25,42,17,0.183,0.483
66859,72,88,16,25,42,17,0.183,0.483
66860,74,90,16,26,44,18,0.272,0.883
66861,74,89,15,26,43,17,0.183,0.483
66862,71,88,17,24,41,17,0.156,0.550
66863,76,93,17,28,46,18,0.272,0.883
66864,72,88,16,25,42,17,0.244,0.733
66865,70,86,16,23,40,17,0.244,0.733
66866,75,90,15,26,43,17,0.183,0.483
66868,72,88,16,25,43,18,0.244,0.733
66869,73,89,16,26,44,18,0.156,0.550
66870,76,92,16,28,47,19,0.272,0.883
66871,69,86,17,24,42,18,0.261,1.028
66872,68,84,16,22,38,16,0.133,0.456
66873,65,82,17,20,35,15,0.133,0.456
66901,67,82,15,21,36,15,0.061,0.211
66930,68,83,15,22,37,15,0.094,0.200
66932,70,85,15,22,37,15,0.028,0.133
66933,70,84,14,24,39,15,0.189,0.411
66935,67,82,15,21,36,15,0.094,0.200
66936,62,76,14,17,30,13,0.083,0.200
66937,73,88,15,26,42,16,0.189,0.411
66938,72,86,14,25,41,16,0.061,0.211
66939,66,80,14,20,35,15,0.094,0.200
66940,65,80,15,20,35,15,0.094,0.200
66941,64,78,14,18,31,13,0.083,0.200
66942,65,80,15,20,34,14,0.083,0.200
66943,70,85,15,24,40,16,0.189,0.411
66944,67,82,15,21,36,15,0.189,0.411
66945,68,83,15,22,38,16,0.189,0.411
66946,69,84,15,23,39,16,0.189,0.411
66948,68,83,15,22,37,15,0.061,0.211
66949,68,82,14,22,36,14,0.083,0.200
66951,66,81,15,19,33,14,0.028,0.133
66952,67,81,14,20,34,14,0.028,0.133
66953,69,84,15,23,38,15,0.189,0.411
66955,62,77,15,18,32,14,0.189,0.411
66956,62,77,15,17,31,14,0.083,0.200
66958,69,84,15,23,38,15,0.189,0.411
66959,64,79,15,19,33,14,0.094,0.200
66960,64,79,15,19,34,15,0.094,0.200
66962,71,86,15,25,41,16,0.189,0.411
66963,70,85,15,24,39,15,0.083,0.200
66964,63,78,15,18,32,14,0.094,0.200
66966,67,82,15,21,37,16,0.094,0.200
66967,71,85,14,23,38,15,0.028,0.133
66968,72,87,15,25,41,16,0.189,0.411
66970,61,76,15,17,30,13,0.083,0.200
67001,77,92,15,25,43,18,0.122,0.339
67002,77,93,16,27,45,18,0.183,0.494
67003,89,103,14,37,55,18,0.144,0.317
67004,88,103,15,37,56,19,0.117,0.367
67005,88,104,16,38,56,18,0.167,0.772
67008,80,96,16,31,49,18,0.167,0.772
67009,88,102,14,35,54,19,0.144,0.317
67010,78,94,16,28,46,18,0.183,0.494
67012,74,91,17,26,44,18,0.183,0.494
67013,86,101,15,35,53,18,0.117,0.367
67016,78,93,15,27,44,17,0.122,0.339
67017,77,93,16,27,45,18,0.183,0.494
67018,91,105,14,39,57,18,0.144,0.317
67019,83,99,16,34,53,19,0.167,0.772
67020,78,93,15,27,44,17,0.167,0.406
67021,77,92,15,23,39,16,0.061,0.122
67022,91,106,15,41,59,18,0.117,0.367
67023,82,98,16,33,52,19,0.167,0.772
67024,89,104,15,39,59,20,0.389,1.433
67025,83,97,14,31,49,18,0.122,0.339
67026,82,97,15,30,48,18,0.122,0.339
67028,81,95,14,26,43,17,0.061,0.122
67029,83,98,15,27,45,18,0.133,0.200
67030,77,92,15,26,43,17,0.122,0.339
67031,85,99,14,33,52,19,0.117,0.367
67035,82,96,14,28,46,18,0.094,0.189
67036,89,103,14,37,56,19,0.144,0.317
67037,80,95,15,29,47,18,0.122,0.339
67038,86,102,16,37,56,19,0.167,0.772
67039,82,97,15,31,50,19,0.183,0.494
67041,75,90,15,26,43,17,0.183,0.494
67042,77,93,16,27,45,18,0.183,0.494
67045,78,94,16,29,48,19,0.272,0.883
67047,78,95,17,30,48,18,0.272,0.883
67049,89,103,14,37,56,19,0.144,0.317
67050,79,94,15,27,45,18,0.122,0.339
67051,88,103,15,38,56,18,0.117,0.367
67052,77,92,15,25,42,17,0.122,0.339
67053,76,90,14,26,44,18,0.183,0.483
67054,73,87,14,19,34,15,0.044,0.078
67055,76,92,16,26,44,18,0.122,0.339
67056,78,93,15,28,45,17,0.167,0.406
67057,92,106,14,38,57,19,0.161,0.228
67058,87,101,14,34,53,19,0.144,0.317
67059,76,91,15,22,38,16,0.044,0.078
67060,81,96,15,29,48,19,0.122,0.339
67061,92,106,14,39,58,19,0.161,0.228
67062,78,93,15,29,46,17,0.167,0.406
67063,73,89,16,25,42,17,0.183,0.483
67065,82,96,14,28,45,17,0.161,0.228
67066,78,92,14,23,40,17,0.061,0.122
67067,76,92,16,26,43,17,0.122,0.339
67068,84,98,14,31,49,18,0.094,0.189
67070,94,108,14,42,60,18,0.161,0.228
67071,87,101,14,32,50,18,0.161,0.228
67072,77,93,16,29,47,18,0.183,0.494
67073,74,89,15,25,41,16,0.183,0.483
67074,77,94,17,28,46,18,0.183,0.494
67101,77,92,15,25,43,18,0.122,0.339
67103,86,101,15,35,54,19,0.117,0.367
67104,88,102,14,33,52,19,0.161,0.228
67105,88,103,15,37,56,19,0.117,0.367
67106,85,100,15,34,52,18,0.117,0.367
67107,78,92,14,28,45,17,0.106,0.267
67108,78,93,15,26,44,18,0.122,0.339
67109,74,89,15,19,34,15,0.044,0.078
67110,83,98,15,32,50,18,0.122,0.339
67111,84,98,14,32,50,18,0.094,0.189
67112,83,97,14,29,47,18,0.094,0.189
67114,78,92,14,29,46,17,0.167,0.406
67117,78,93,15,29,46,17,0.167,0.406
67118,86,100,14,34,53,19,0.094,0.189
67119,87,102,15,36,55,19,0.117,0.367
67120,84,99,15,32,51,19,0.117,0.367
67122,77,94,17,28,46,18,0.272,0.883
67123,76,92,16,27,44,17,0.183,0.494
67124,78,93,15,24,41,17,0.061,0.122
67127,87,101,14,31,49,18,0.133,0.200
67131,83,98,15,32,51,19,0.167,0.772
67132,74,91,17,26,44,18,0.183,0.494
67133,79,95,16,29,47,18,0.183,0.494
67134,81,95,14,27,44,17,0.061,0.122
67135,78,93,15,27,45,18,0.167,0.406
67137,78,95,17,29,48,19,0.272,0.883
67138,88,102,14,34,53,19,0.161,0.228
67140,90,105,15,40,58,18,0.117,0.367
67142,85,99,14,32,51,19,0.094,0.189
67143,85,99,14,31,49,18,0.161,0.228
67144,78,93,15,28,45,17,0.183,0.494
67146,84,99,15,33,51,18,0.167,0.772
67147,77,92,15,26,44,18,0.122,0.339
67149,83,97,14,31,49,18,0.122,0.339
67150,93,107,14,40,59,19,0.144,0.317
67151,76,91,15,27,44,17,0.167,0.406
67152,86,100,14,35,53,18,0.117,0.367
67154,77,92,15,28,45,17,0.183,0.494
67155,83,98,15,28,45,17,0.133,0.200
67156,85,101,16,34,53,19,0.167,0.772
67159,84,98,14,30,48,18,0.094,0.189
67202,77,92,15,26,43,17,0.122,0.339
67203,77,92,15,26,43,17,0.122,0.339
67204,77,92,15,26,44,18,0.122,0.339
67205,77,92,15,25,43,18,0.122,0.339
67206,77,92,15,26,44,18,0.122,0.339
67207,77,92,15,26,43,17,0.122,0.339
67208,76,92,16,25,43,18,0.122,0.339
67209,77,93,16,26,43,17,0.122,0.339
67210,77,93,16,26,44,18,0.122,0.339
67211,77,92,15,26,43,17,0.122,0.339
67212,77,92,15,25,43,18,0.122,0.339
67213,77,92,15,26,43,17,0.122,0.339
67214,77,92,15,26,43,17,0.122,0.339
67215,78,93,15,26,44,18,0.122,0.339
67216,79,94,15,27,45,18,0.122,0.339
67217,79,94,15,27,45,18,0.122,0.339
67218,77,92,15,25,43,18,0.122,0.339
67219,77,92,15,26,43,17,0.122,0.339
67220,76,92,16,26,43,17,0.122,0.339
67223,77,92,15,25,43,18,0.122,0.339
67226,76,92,16,26,44,18,0.122,0.339
67227,78,93,15,26,44,18,0.122,0.339
67228,77,93,16,27,45,18,0.122,0.339
67230,77,93,16,27,45,18,0.122,0.339
67232,78,93,15,27,45,18,0.122,0.339
67235,77,92,15,25,43,18,0.122,0.339
67260,76,92,16,25,43,18,0.122,0.339
67301,86,102,16,38,57,19,0.400,1.506
67330,83,99,16,36,55,19,0.361,1.517
67332,85,101,16,37,56,19,0.361,1.517
67333,89,105,16,41,61,20,0.400,1.506
67334,87,103,16,39,58,19,0.389,1.433
67335,83,99,16,36,55,19,0.400,1.506
67336,87,103,16,39,59,20,0.361,1.517
67337,89,105,16,41,61,20,0.400,1.506
67340,88,104,16,40,60,20,0.400,1.506
67341,80,97,17,34,53,19,0.361,1.517
67342,83,99,16,35,55,20,0.361,1.517
67344,82,99,17,34,53,19,0.400,1.506
67345,83,99,16,34,53,19,0.250,0.967
67346,83,99,16,34,53,19,0.250,0.967
67347,87,103,16,39,58,19,0.400,1.506
67349,81,97,16,32,51,19,0.250,0.967
67351,86,102,16,39,58,19,0.361,1.517
67352,82,99,17,34,53,19,0.250,0.967
67353,82,98,16,33,52,19,0.250,0.967
67354,83,99,16,36,56,20,0.361,1.517
67355,89,105,16,41,60,19,0.389,1.433
67356,85,101,16,37,57,20,0.361,1.517
67357,82,98,16,36,55,19,0.361,1.517
67360,87,103,16,39,58,19,0.389,1.433
67361,87,103,16,38,58,20,0.389,1.433
67363,85,101,16,37,56,19,0.400,1.506
67364,86,102,16,37,57,20,0.400,1.506
67401,76,90,14,28,45,17,0.117,0.283
67410,80,95,15,32,50,18,0.194,0.483
67416,77,91,14,28,45,17,0.117,0.283
67417,68,83,15,22,37,15,0.061,0.211
67418,78,91,13,30,46,16,0.211,0.406
67420,74,88,14,27,43,16,0.089,0.278
67422,80,93,13,31,48,17,0.183,0.356
67423,78,92,14,30,46,16,0.211,0.406
67425,75,89,14,26,42,16,0.117,0.283
67427,76,90,14,25,42,17,0.111,0.228
67428,75,90,15,26,43,17,0.106,0.267
67430,68,82,14,21,36,15,0.089,0.278
67431,76,90,14,28,45,17,0.194,0.483
67432,77,91,14,30,47,17,0.144,0.417
67436,78,92,14,31,47,16,0.183,0.356
67437,70,84,14,23,38,15,0.044,0.117
67438,73,89,16,25,42,17,0.183,0.483
67439,76,90,14,26,43,17,0.100,0.244
67441,79,93,14,31,48,17,0.194,0.483
67442,75,90,15,26,43,17,0.117,0.283
67443,78,92,14,28,45,17,0.106,0.267
67444,74,88,14,23,40,17,0.111,0.228
67445,74,88,14,27,43,16,0.061,0.211
67446,69,83,14,23,37,14,0.089,0.278
67447,73,87,14,27,43,16,0.144,0.417
67448,76,91,15,27,45,18,0.117,0.283
67449,73,88,15,26,42,16,0.194,0.483
67450,75,90,15,25,41,16,0.100,0.244
67451,74,89,15,26,43,17,0.194,0.483
67452,75,89,14,27,43,16,0.089,0.278
67454,77,91,14,27,43,16,0.100,0.244
67455,79,93,14,31,48,17,0.211,0.406
67456,77,92,15,28,45,17,0.106,0.267
67457,76,90,14,25,42,17,0.111,0.228
67458,76,90,14,28,45,17,0.144,0.417
67459,75,90,15,25,42,17,0.100,0.244
67460,80,94,14,29,47,18,0.106,0.267
67464,75,89,14,25,41,16,0.106,0.267
67466,73,87,14,26,42,16,0.061,0.211
67467,82,95,13,34,51,17,0.183,0.356
67468,77,91,14,30,46,16,0.144,0.417
67470,78,92,14,29,46,17,0.117,0.283
67473,73,87,14,24,40,16,0.044,0.117
67474,72,86,14,24,39,15,0.044,0.117
67475,72,88,16,25,41,16,0.183,0.483
67478,76,90,14,29,45,16,0.089,0.278
67480,79,93,14,31,48,17,0.194,0.483
67481,74,88,14,25,41,16,0.211,0.406
67482,78,92,14,30,47,17,0.194,0.483
67483,73,88,15,25,42,17,0.183,0.483
67484,78,92,14,30,47,17,0.183,0.356
67485,74,88,14,26,41,15,0.089,0.278
67487,73,88,15,26,43,17,0.144,0.417
67490,74,89,15,24,40,16,0.100,0.244
67491,77,91,14,26,43,17,0.106,0.267
67492,74,89,15,27,43,16,0.194,0.483
67501,77,92,15,26,43,17,0.161,0.311
67502,77,91,14,26,43,17,0.161,0.311
67505,78,92,14,26,43,17,0.161,0.311
67510,78,92,14,26,43,17,0.161,0.311
67511,77,91,14,23,40,17,0.061,0.128
67512,77,91,14,25,42,17,0.111,0.228
67513,74,89,15,20,36,16,0.033,0.089
67514,79,93,14,27,45,18,0.161,0.311
67515,71,86,15,16,31,15,0.006,0.039
67516,75,89,14,20,36,16,0.006,0.039
67518,71,86,15,16,30,14,0.006,0.039
67519,77,91,14,23,39,16,0.078,0.178
67520,76,91,15,24,40,16,0.033,0.089
67521,72,87,15,18,33,15,0.006,0.039
67522,77,92,15,26,44,18,0.161,0.311
67523,75,90,15,20,36,16,0.106,0.217
67524,77,91,14,25,42,17,0.111,0.228
67525,76,90,14,24,41,17,0.061,0.128
67526,79,93,14,26,43,17,0.061,0.128
67529,77,91,14,22,38,16,0.106,0.217
67530,79,94,15,26,44,18,0.061,0.128
67543,78,93,15,27,44,17,0.161,0.311
67544,77,91,14,25,42,17,0.061,0.128
67545,83,97,14,29,47,18,0.094,0.189
67546,78,92,14,27,44,17,0.106,0.267
67547,76,90,14,21,37,16,0.078,0.178
67548,76,90,14,23,39,16,0.033,0.089
67550,77,91,14,23,39,16,0.106,0.217
67552,76,91,15,22,38,16,0.078,0.178
67553,75,89,14,22,38,16,0.033,0.089
67554,77,91,14,25,42,17,0.111,0.228
67556,73,87,14,19,34,15,0.033,0.089
67557,78,92,14,23,40,17,0.094,0.189
67559,74,89,15,20,36,16,0.033,0.089
67560,75,90,15,20,36,16,0.006,0.039
67561,78,92,14,26,44,18,0.161,0.311
67563,75,89,14,19,35,16,0.078,0.178
67564,76,90,14,23,40,17,0.061,0.128
67565,75,90,15,23,39,16,0.033,0.089
67566,78,92,14,26,44,18,0.161,0.311
67567,78,92,14,24,41,17,0.061,0.128
67568,78,92,14,25,43,18,0.161,0.311
67570,81,95,14,29,47,18,0.161,0.311
67572,71,86,15,17,31,14,0.006,0.039
67573,77,92,15,25,43,18,0.111,0.228
67574,76,90,14,21,37,16,0.106,0.217
67575,76,90,14,22,38,16,0.033,0.089
67576,80,94,14,26,43,17,0.094,0.189
67578,80,94,14,26,43,17,0.094,0.189
67579,78,92,14,26,43,17,0.111,0.228
67581,79,93,14,26,43,17,0.161,0.311
67583,80,94,14,26,44,18,0.161,0.311
67584,69,84,15,15,29,14,0.006,0.039
67601,69,84,15,17,32,15,0.039,0.128
67621,67,82,15,19,33,14,0.017,0.122
67622,63,78,15,15,28,13,0.017,0.033
67623,73,87,14,24,39,15,0.044,0.117
67625,68,82,14,18,31,13,0.028,0.039
67626,72,86,14,21,37,16,0.056,0.189
67628,70,85,15,22,37,15,0.028,0.133
67629,61,76,15,13,25,12,0.017,0.033
67631,65,79,14,13,26,13,0.033,0.061
67632,68,83,15,18,31,13,0.022,0.078
67634,73,87,14,23,39,16,0.056,0.189
67635,62,77,15,12,25,13,0.000,0.011
67637,69,83,14,16,30,14,0.039,0.128
67638,71,86,15,23,38,15,0.028,0.133
67639,70,85,15,22,36,14,0.017,0.122
67640,72,86,14,20,36,16,0.056,0.189
67642,67,81,14,16,30,14,0.028,0.039
67643,61,76,15,12,25,13,0.000,0.011
67644,68,82,14,20,34,14,0.017,0.122
67645,65,79,14,15,29,14,0.017,0.033
67646,68,83,15,19,33,14,0.017,0.122
67647,63,78,15,16,29,13,0.017,0.122
67648,73,87,14,24,40,16,0.056,0.189
67649,73,87,14,23,39,16,0.056,0.189
67650,64,79,15,14,27,13,0.028,0.039
67651,70,85,15,20,35,15,0.044,0.117
67653,59,74,15,12,23,11,0.000,0.011
67654,61,76,15,14,26,12,0.017,0.033
67656,68,83,15,16,30,14,0.033,0.061
67657,67,82,15,16,30,14,0.022,0.078
67658,72,86,14,22,37,15,0.056,0.189
67659,65,80,15,14,28,14,0.028,0.039
67660,75,89,14,22,38,16,0.039,0.128
67661,69,83,14,22,35,13,0.017,0.122
67663,68,82,14,18,32,14,0.022,0.078
67664,65,79,14,17,30,13,0.017,0.122
67665,71,85,14,20,36,16,0.056,0.189
67667,74,88,14,20,36,16,0.039,0.128
67669,70,84,14,21,35,14,0.022,0.078
67671,72,86,14,20,35,15,0.039,0.128
67672,67,82,15,15,29,14,0.033,0.061
67673,72,86,14,22,38,16,0.056,0.189
67674,72,86,14,20,36,16,0.039,0.128
67675,72,86,14,23,38,15,0.022,0.078
67701,52,68,16,5,15,10,0.011,0.011
67730,56,72,16,8,19,11,0.006,0.017
67731,51,67,16,5,13,8,0.000,0.011
67732,53,69,16,5,15,10,0.011,0.011
67733,51,67,16,4,12,8,0.000,0.006
67734,56,71,15,7,18,11,0.011,0.011
67735,46,62,16,2,9,7,0.000,0.006
67736,65,80,15,12,25,13,0.022,0.022
67737,61,76,15,10,22,12,0.022,0.022
67738,62,77,15,10,22,12,0.022,0.022
67739,58,73,15,10,22,12,0.006,0.017
67740,62,78,16,12,25,13,0.006,0.011
67741,44,60,16,2,7,5,0.000,0.006
67743,52,67,15,5,14,9,0.011,0.011
67744,57,73,16,9,20,11,0.006,0.017
67745,53,69,16,6,16,10,0.006,0.017
67747,59,74,15,8,19,11,0.011,0.022
67748,59,74,15,9,20,11,0.011,0.022
67749,62,77,15,13,25,12,0.000,0.011
67751,61,76,15,10,22,12,0.022,0.022
67752,62,77,15,11,23,12,0.022,0.022
67753,58,74,16,9,21,12,0.011,0.011
67756,52,67,15,4,13,9,0.000,0.011
67757,61,76,15,11,23,12,0.006,0.011
67758,57,73,16,5,15,10,0.006,0.011
67761,59,75,16,6,17,11,0.006,0.011
67762,50,67,17,2,10,8,0.006,0.011
67764,60,76,16,8,19,11,0.011,0.022
67801,71,85,14,16,30,14,0.017,0.050
67831,85,100,15,29,47,18,0.017,0.144
67834,74,89,15,19,34,15,0.017,0.050
67835,69,84,15,13,27,14,0.006,0.028
67836,67,83,16,7,19,12,0.006,0.022
67837,69,85,16,12,25,13,0.006,0.028
67838,68,83,15,11,24,13,0.000,0.022
67839,68,83,15,13,26,13,0.000,0.017
67840,87,102,15,30,48,18,0.017,0.144
67841,69,84,15,13,26,13,0.006,0.028
67842,74,89,15,18,33,15,0.017,0.050
67843,71,86,15,16,31,15,0.006,0.028
67844,78,92,14,20,36,16,0.006,0.078
67846,65,80,15,10,22,12,0.011,0.044
67849,76,90,14,20,36,16,0.033,0.078
67850,67,82,15,12,25,13,0.000,0.017
67851,66,81,15,10,22,12,0.011,0.044
67853,68,83,15,12,25,13,0.006,0.028
67854,74,88,14,18,32,14,0.033,0.078
67855,70,86,16,9,22,13,0.000,0.006
67857,65,81,16,8,20,12,0.006,0.022
67859,76,90,14,15,31,16,0.017,0.061
67860,67,82,15,10,22,12,0.000,0.022
67861,58,74,16,6,16,10,0.000,0.006
67862,66,82,16,6,18,12,0.000,0.006
67863,62,77,15,8,19,11,0.000,0.006
67864,81,96,15,22,39,17,0.006,0.078
67865,74,89,15,17,32,15,0.017,0.144
67867,68,83,15,11,25,14,0.006,0.028
67868,68,83,15,12,25,13,0.011,0.044
67869,75,90,15,16,31,15,0.006,0.078
67870,70,85,15,11,25,14,0.006,0.017
67871,66,81,15,11,24,13,0.000,0.017
67876,74,88,14,18,33,15,0.017,0.050
67877,69,84,15,11,24,13,0.006,0.017
67878,65,81,16,7,19,12,0.006,0.022
67879,55,71,16,4,13,9,0.000,0.006
67880,71,86,15,10,24,14,0.006,0.006
67882,72,86,14,17,31,14,0.017,0.050
67901,80,94,14,18,35,16,0.017,0.061
67950,66,82,16,6,16,10,0.011,0.006
67951,69,85,16,9,22,13,0.017,0.044
67952,72,87,15,11,26,15,0.017,0.044
67953,66,81,15,7,18,11,0.011,0.006
67954,69,84,15,8,21,13,0.011,0.006
68001,53,69,16,14,27,13,0.222,0.333
68002,52,68,16,14,26,12,0.289,0.539
68003,57,72,15,17,31,14,0.261,0.489
68004,49,64,15,12,24,12,0.267,0.406
68005,55,71,16,16,30,14,0.422,0.772
68007,50,66,16,13,25,12,0.339,0.628
68008,49,65,16,13,24,11,0.289,0.539
68010,50,66,16,13,25,12,0.339,0.628
68014,52,68,16,14,26,12,0.222,0.333
68015,52,69,17,14,26,12,0.261,0.489
68016,56,72,16,17,30,13,0.428,0.783
68017,56,72,16,16,29,13,0.261,0.489
68018,53,69,16,15,27,12,0.261,0.489
68019,51,67,16,13,25,12,0.372,0.628
68020,53,69,16,15,27,12,0.372,0.628
68022,51,67,16,13,25,12,0.339,0.628
68023,50,66,16,13,25,12,0.289,0.539
68025,54,70,16,15,27,12,0.194,0.372
68028,53,69,16,15,28,13,0.422,0.772
68029,52,68,16,14,26,12,0.289,0.539
68030,48,64,16,12,23,11,0.256,0.422
68031,52,68,16,14,26,12,0.194,0.372
68033,55,71,16,16,29,13,0.261,0.489
68034,49,65,16,12,24,12,0.289,0.539
68036,52,68,16,14,26,12,0.222,0.333
68037,55,71,16,16,29,13,0.428,0.783
68038,50,65,15,13,24,11,0.372,0.628
68039,52,68,16,15,26,11,0.328,0.511
68040,53,70,17,15,27,12,0.261,0.489
68041,54,70,16,15,28,13,0.261,0.489
68042,57,72,15,17,30,13,0.261,0.489
68044,53,69,16,14,27,13,0.194,0.372
68045,50,66,16,13,25,12,0.372,0.628
68046,53,69,16,15,28,13,0.422,0.772
68047,49,64,15,12,24,12,0.328,0.511
68048,56,72,16,17,30,13,0.428,0.783
68050,53,69,16,14,27,13,0.261,0.489
68055,50,66,16,13,24,11,0.328,0.511
68057,51,67,16,13,25,12,0.194,0.372
68058,56,72,16,17,30,13,0.428,0.783
68059,56,72,16,17,30,13,0.422,0.772
68061,56,72,16,17,30,13,0.372,0.628
68062,49,64,15,12,23,11,0.328,0.511
68063,50,66,16,13,25,12,0.194,0.372
68064,52,68,16,14,26,12,0.339,0.628
68065,55,71,16,15,28,13,0.261,0.489
68066,55,71,16,16,29,13,0.261,0.489
68067,53,68,15,15,27,12,0.328,0.511
68068,49,66,17,13,25,12,0.289,0.539
68069,52,68,16,14,27,13,0.339,0.628
68070,53,70,17,15,27,12,0.261,0.489
68071,50,66,16,13,25,12,0.328,0.511
68072,53,69,16,14,26,12,0.194,0.372
68073,53,69,16,15,27,12,0.261,0.489
68102,53,69,16,15,28,13,0.339,0.628
68104,50,66,16,13,25,12,0.339,0.628
68105,52,68,16,14,27,13,0.339,0.628
68106,50,67,17,14,25,11,0.339,0.628
68107,53,69,16,15,28,13,0.339,0.628
68108,54,70,16,16,28,12,0.339,0.628
68110,54,70,16,16,29,13,0.339,0.628
68111,53,69,16,15,28,13,0.339,0.628
68112,54,70,16,16,29,13,0.339,0.628
68113,57,73,16,17,31,14,0.422,0.772
68114,51,67,16,14,26,12,0.339,0.628
68116,50,66,16,13,25,12,0.339,0.628
68117,51,68,17,14,26,12,0.339,0.628
68118,50,67,17,13,25,12,0.339,0.628
68122,48,65,17,13,24,11,0.339,0.628
68123,55,71,16,16,30,14,0.422,0.772
68124,52,68,16,14,27,13,0.339,0.628
68127,52,69,17,15,27,12,0.339,0.628
68128,53,70,17,15,28,13,0.422,0.772
68130,51,67,16,13,26,13,0.339,0.628
68131,52,68,16,14,26,12,0.339,0.628
68132,50,66,16,13,25,12,0.339,0.628
68133,54,70,16,15,28,13,0.422,0.772
68134,50,66,16,13,25,12,0.339,0.628
68135,51,68,17,14,26,12,0.339,0.628
68136,52,68,16,14,27,13,0.422,0.772
68137,51,67,16,13,25,12,0.339,0.628
68138,52,68,16,14,27,13,0.422,0.772
68142,49,66,17,13,24,11,0.339,0.628
68144,50,67,17,13,25,12,0.339,0.628
68147,54,70,16,16,28,12,0.422,0.772
68152,50,66,16,13,25,12,0.339,0.628
68154,50,66,16,13,25,12,0.339,0.628
68157,55,70,15,16,29,13,0.422,0.772
68164,50,67,17,13,25,12,0.339,0.628
68178,52,68,16,14,27,13,0.339,0.628
68301,59,75,16,17,32,15,0.178,0.361
68303,61,77,16,18,32,14,0.117,0.222
68304,56,72,16,16,30,14,0.428,0.783
68305,65,81,16,22,38,16,0.400,0.750
68307,57,73,16,17,31,14,0.428,0.783
68309,64,80,16,20,35,15,0.178,0.361
68310,62,77,15,18,32,14,0.178,0.361
68313,58,74,16,16,30,14,0.233,0.350
68314,56,72,16,16,29,13,0.233,0.350
68315,60,75,15,17,30,13,0.117,0.222
68316,58,74,16,17,30,13,0.178,0.411
68317,59,75,16,17,32,15,0.233,0.372
68318,63,78,15,19,34,15,0.178,0.361
68319,57,73,16,16,29,13,0.178,0.411
68320,63,79,16,21,36,15,0.400,0.750
68321,66,82,16,23,38,15,0.400,0.750
68322,58,73,15,15,28,13,0.117,0.222
68323,60,76,16,18,33,15,0.278,0.722
68324,61,77,16,19,34,15,0.389,0.700
68325,60,76,15,16,30,13,0.117,0.222
68326,58,74,16,15,28,13,0.117,0.222
68327,61,76,15,17,31,14,0.117,0.222
68328,59,75,16,17,30,13,0.178,0.361
68329,61,77,16,20,35,15,0.239,0.556
68331,59,75,16,17,31,14,0.178,0.361
68332,58,74,16,17,31,14,0.239,0.556
68333,60,76,16,17,31,14,0.178,0.283
68335,58,73,15,15,27,12,0.117,0.222
68336,57,73,16,17,30,13,0.233,0.372
68337,67,83,16,23,40,17,0.450,0.956
68338,60,75,15,17,31,14,0.189,0.378
68339,59,75,16,17,31,14,0.233,0.372
68340,60,75,15,16,29,13,0.117,0.222
68341,62,77,15,18,32,14,0.178,0.283
68342,63,78,15,19,33,14,0.189,0.378
68343,59,74,15,16,30,14,0.178,0.283
68344,60,76,16,18,33,15,0.389,0.700
68345,68,83,15,24,40,16,0.278,0.722
68346,58,74,16,18,32,14,0.389,0.700
68347,58,73,15,17,31,14,0.428,0.783
68348,64,79,15,21,36,15,0.239,0.556
68349,56,72,16,17,30,13,0.428,0.783
68350,65,80,15,21,35,14,0.189,0.378
68351,57,73,16,15,28,13,0.111,0.178
68352,62,77,15,19,33,14,0.189,0.378
68354,56,72,16,15,27,12,0.111,0.178
68355,69,85,16,26,42,16,0.450,0.956
68357,56,72,16,15,28,13,0.178,0.361
68358,59,75,16,17,32,15,0.233,0.372
68359,58,74,16,16,29,13,0.178,0.283
68360,57,73,16,16,29,13,0.233,0.350
68361,56,71,15,14,26,12,0.111,0.178
68362,61,76,15,18,31,13,0.117,0.222
68364,58,74,16,16,30,14,0.233,0.350
68365,55,71,16,14,26,12,0.111,0.178
68366,57,72,15,17,30,13,0.428,0.783
68367,55,72,17,16,28,12,0.178,0.411
68368,59,75,16,17,31,14,0.233,0.372
68370,61,76,15,18,31,13,0.117,0.222
68371,55,71,16,14,26,12,0.178,0.411
68372,59,74,15,17,31,14,0.233,0.372
68375,62,77,15,18,32,14,0.117,0.222
68376,67,82,15,23,39,16,0.450,0.956
68377,61,76,15,18,32,14,0.189,0.378
68378,63,78,15,21,36,15,0.400,0.750
68379,62,78,16,20,35,15,0.400,0.750
68380,57,73,16,16,30,14,0.278,0.722
68381,61,77,16,18,33,15,0.178,0.361
68382,60,76,16,19,34,15,0.389,0.700
68401,57,73,16,16,29,13,0.178,0.411
68402,58,74,16,17,30,13,0.233,0.372
68403,53,69,16,15,28,13,0.428,0.783
68404,59,75,16,17,31,14,0.233,0.372
68405,59,74,15,17,30,13,0.233,0.350
68406,57,72,15,15,28,13,0.111,0.178
68407,54,70,16,15,28,13,0.428,0.783
68409,55,71,16,16,30,14,0.428,0.783
68410,57,73,16,17,31,14,0.389,0.700
68413,57,73,16,17,31,14,0.428,0.783
68414,66,82,16,23,39,16,0.400,0.750
68415,64,79,15,20,34,14,0.178,0.361
68416,58,73,15,15,28,13,0.111,0.178
68417,59,75,16,19,33,14,0.389,0.700
68418,60,75,15,18,32,14,0.389,0.700
68419,59,75,16,17,32,15,0.233,0.372
68420,68,83,15,24,40,16,0.278,0.722
68421,64,80,16,21,37,16,0.400,0.750
68422,59,75,16,17,31,14,0.178,0.361
68423,58,74,16,17,31,14,0.233,0.350
68424,61,76,15,17,31,14,0.189,0.378
68428,57,73,16,17,30,13,0.233,0.372
68430,58,74,16,17,31,14,0.233,0.372
68431,68,84,16,24,41,17,0.450,0.956
68433,69,84,15,25,42,17,0.450,0.956
68434,58,74,16,17,31,14,0.233,0.350
68436,56,72,16,14,26,12,0.111,0.178
68437,66,82,16,23,39,16,0.450,0.956
68438,59,75,16,17,31,14,0.233,0.372
68439,57,73,16,17,30,13,0.233,0.350
68440,66,81,15,21,36,15,0.189,0.378
68441,64,80,16,21,37,16,0.278,0.722
68442,66,82,16,23,39,16,0.450,0.956
68443,60,76,16,19,33,14,0.239,0.556
68444,57,73,16,15,28,13,0.111,0.178
68445,61,76,15,18,32,14,0.178,0.283
68446,62,77,15,20,35,15,0.389,0.700
68447,68,83,15,24,40,16,0.278,0.722
68448,61,77,16,20,35,15,0.389,0.700
68450,62,77,15,20,35,15,0.239,0.556
68452,55,71,16,13,26,13,0.078,0.183
68453,58,74,16,16,29,13,0.178,0.283
68454,61,77,16,19,34,15,0.389,0.700
68455,58,74,16,18,32,14,0.428,0.783
68456,57,73,16,16,29,13,0.233,0.350
68457,68,84,16,25,41,16,0.450,0.956
68458,55,72,17,15,28,13,0.178,0.361
68460,58,73,15,16,30,14,0.178,0.411
68461,57,73,16,16,30,14,0.233,0.372
68462,57,73,16,17,31,14,0.233,0.372
68463,54,70,16,15,29,14,0.428,0.783
68464,60,76,16,17,31,14,0.178,0.283
68465,61,76,15,18,32,14,0.178,0.283
68466,63,78,15,19,34,15,0.178,0.361
68467,59,75,16,18,31,13,0.178,0.411
68502,59,75,16,17,31,14,0.233,0.372
68503,59,75,16,17,31,14,0.233,0.372
68504,59,74,15,17,31,14,0.233,0.372
68505,58,74,16,17,31,14,0.233,0.372
68506,58,74,16,17,31,14,0.233,0.372
68507,58,74,16,17,31,14,0.233,0.372
68508,59,75,16,18,32,14,0.233,0.372
68510,58,74,16,17,31,14,0.233,0.372
68512,58,74,16,17,31,14,0.233,0.372
68514,58,74,16,17,31,14,0.233,0.372
68516,57,73,16,16,30,14,0.233,0.372
68517,57,73,16,17,31,14,0.233,0.372
68520,58,74,16,17,31,14,0.233,0.372
68521,59,75,16,18,32,14,0.233,0.372
68522,59,75,16,18,32,14,0.233,0.372
68523,59,75,16,17,31,14,0.233,0.372
68524,59,75,16,18,32,14,0.233,0.372
68526,57,73,16,16,30,14,0.233,0.372
68527,58,73,15,17,31,14,0.233,0.372
68528,60,75,15,18,32,14,0.233,0.372
68531,59,75,16,18,31,13,0.233,0.372
68532,59,75,16,17,31,14,0.233,0.372
68601,54,70,16,15,27,12,0.156,0.283
68620,47,63,16,11,22,11,0.133,0.233
68621,52,69,17,14,26,12,0.194,0.372
68622,44,59,15,9,18,9,0.078,0.128
68623,50,66,16,12,23,11,0.156,0.311
68624,53,69,16,14,27,13,0.222,0.333
68626,53,69,16,14,27,13,0.222,0.333
68627,48,64,16,11,22,11,0.133,0.233
68628,56,72,16,15,28,13,0.167,0.350
68629,46,63,17,11,21,10,0.183,0.322
68631,47,63,16,11,22,11,0.156,0.283
68632,52,68,16,14,26,12,0.222,0.333
68633,48,64,16,12,23,11,0.194,0.372
68634,54,70,16,15,27,12,0.156,0.283
68635,54,71,17,15,28,13,0.222,0.333
68636,42,57,15,8,17,9,0.194,0.256
68637,43,59,16,9,18,9,0.078,0.128
68638,54,70,16,14,26,12,0.156,0.311
68640,53,70,17,14,26,12,0.156,0.311
68641,46,62,16,11,21,10,0.183,0.322
68642,47,63,16,11,21,10,0.156,0.283
68643,47,63,16,11,22,11,0.183,0.322
68644,47,63,16,11,22,11,0.156,0.283
68647,52,68,16,13,25,12,0.156,0.283
68648,52,68,16,14,26,12,0.261,0.489
68649,52,68,16,14,26,12,0.194,0.372
68651,56,72,16,16,28,12,0.183,0.356
68652,44,60,16,10,19,9,0.133,0.233
68653,51,67,16,13,24,11,0.156,0.283
68654,56,72,16,15,28,13,0.183,0.356
68655,48,63,15,11,22,11,0.133,0.233
68658,53,69,16,14,27,13,0.222,0.333
68659,51,67,16,13,25,12,0.183,0.322
68660,50,66,16,12,23,11,0.133,0.233
68661,52,68,16,14,26,12,0.183,0.322
68662,54,70,16,15,27,12,0.183,0.356
68663,56,72,16,15,28,13,0.167,0.350
68664,50,66,16,13,25,12,0.194,0.372
68665,46,61,15,10,20,10,0.072,0.128
68666,57,73,16,16,29,13,0.183,0.356
68667,55,71,16,15,28,13,0.222,0.333
68669,55,71,16,15,28,13,0.222,0.333
68701,45,62,17,11,21,10,0.172,0.267
68710,41,57,16,9,18,9,0.283,0.472
68711,37,52,15,6,14,8,0.139,0.217
68713,43,57,14,9,17,8,0.139,0.217
68714,39,54,15,7,14,7,0.056,0.083
68715,45,61,16,10,20,10,0.172,0.267
68716,48,63,15,12,23,11,0.267,0.406
68717,42,58,16,10,19,9,0.222,0.417
68718,44,59,15,10,20,10,0.239,0.356
68719,46,62,15,12,22,9,0.139,0.239
68720,46,61,15,11,21,10,0.194,0.256
68722,46,61,15,12,21,9,0.139,0.239
68723,43,59,16,10,19,9,0.211,0.361
68724,50,65,15,13,24,11,0.239,0.356
68725,36,51,15,6,13,7,0.139,0.217
68726,44,59,15,9,19,10,0.194,0.256
68727,44,59,15,10,20,10,0.222,0.417
68728,41,57,16,9,18,9,0.283,0.472
68729,50,66,16,14,24,10,0.239,0.356
68730,41,56,15,9,18,9,0.239,0.356
68731,46,62,16,12,23,11,0.256,0.422
68732,39,55,16,8,17,9,0.283,0.472
68733,47,63,16,12,22,10,0.283,0.472
68734,42,57,15,9,17,8,0.139,0.217
68735,43,59,16,9,18,9,0.139,0.217
68736,43,58,15,10,19,9,0.222,0.417
68739,45,61,16,11,21,10,0.222,0.417
68740,44,60,16,10,20,10,0.211,0.361
68741,47,63,16,12,22,10,0.256,0.422
68742,43,58,15,9,18,9,0.139,0.217
68743,46,62,16,12,22,10,0.256,0.422
68745,41,56,15,9,18,9,0.222,0.417
68746,47,62,15,12,21,9,0.139,0.239
68747,46,62,16,12,22,10,0.183,0.244
68748,46,62,16,10,20,10,0.172,0.267
68749,44,60,16,10,20,10,0.222,0.417
68751,46,61,15,11,21,10,0.283,0.472
68752,45,60,15,10,20,10,0.172,0.267
68753,44,58,14,9,18,9,0.056,0.083
68755,45,59,14,11,19,8,0.139,0.239
68756,42,57,15,9,18,9,0.194,0.256
68757,46,62,16,12,21,9,0.283,0.472
68758,46,62,16,11,21,10,0.172,0.267
68759,43,57,14,9,18,9,0.056,0.083
68760,51,66,15,14,24,10,0.239,0.356
68761,41,56,15,8,17,9,0.194,0.256
68763,43,58,15,10,18,8,0.139,0.217
68764,45,60,15,10,20,10,0.194,0.256
68765,48,64,16,12,23,11,0.183,0.244
68766,44,59,15,10,19,9,0.139,0.217
68767,46,62,16,11,21,10,0.183,0.244
68768,46,63,17,11,22,11,0.250,0.400
68769,47,63,16,12,22,10,0.183,0.244
68770,46,62,16,11,22,11,0.283,0.472
68771,44,60,16,10,20,10,0.222,0.417
68773,45,61,16,11,20,9,0.194,0.256
68774,44,59,15,11,20,9,0.222,0.417
68776,46,62,16,12,22,10,0.256,0.422
68777,46,61,15,12,21,9,0.139,0.239
68778,40,54,14,7,15,8,0.056,0.083
68779,46,63,17,11,22,11,0.250,0.400
68780,43,57,14,9,17,8,0.139,0.217
68781,43,59,16,10,19,9,0.172,0.267
68783,49,65,16,13,23,10,0.239,0.356
68784,48,64,16,12,22,10,0.283,0.472
68785,45,61,16,11,21,10,0.283,0.472
68786,45,61,16,11,21,10,0.239,0.356
68787,44,59,15,10,20,10,0.211,0.361
68788,48,63,15,12,23,11,0.267,0.406
68789,51,67,16,14,25,11,0.239,0.356
68790,44,60,16,10,20,10,0.211,0.361
68791,47,63,16,12,22,10,0.267,0.406
68792,47,63,16,12,22,10,0.222,0.417
68801,52,68,16,12,23,11,0.078,0.211
68803,51,68,17,12,23,11,0.078,0.211
68810,51,67,16,11,22,11,0.078,0.211
68812,46,62,16,7,16,9,0.050,0.144
68813,39,54,15,5,12,7,0.033,0.061
68814,42,57,15,6,14,8,0.033,0.061
68815,43,59,16,8,16,8,0.028,0.094
68816,55,71,16,14,26,12,0.167,0.350
68817,46,61,15,9,18,9,0.050,0.122
68818,51,67,16,11,23,12,0.144,0.350
68820,50,65,15,10,21,11,0.078,0.211
68821,40,54,14,6,13,7,0.017,0.061
68822,39,54,15,5,12,7,0.033,0.061
68823,41,56,15,7,16,9,0.028,0.106
68824,50,66,16,10,21,11,0.078,0.211
68825,41,55,14,5,12,7,0.033,0.061
68826,56,72,16,14,27,13,0.167,0.350
68827,52,69,17,12,24,12,0.167,0.350
68828,43,58,15,8,16,8,0.033,0.061
68831,50,66,16,11,22,11,0.078,0.211
68832,52,68,16,11,22,11,0.078,0.211
68833,40,55,15,5,12,7,0.017,0.061
68834,43,58,15,6,14,8,0.017,0.039
68835,49,64,15,10,21,11,0.078,0.211
68836,48,63,15,8,17,9,0.050,0.144
68837,43,58,15,8,17,9,0.028,0.094
68838,48,64,16,10,20,10,0.078,0.211
68840,50,65,15,9,19,10,0.050,0.144
68841,52,68,16,11,23,12,0.144,0.350
68842,45,61,16,9,19,10,0.072,0.128
68843,53,69,16,13,25,12,0.144,0.350
68844,48,63,15,9,18,9,0.050,0.122
68845,48,64,16,9,18,9,0.050,0.144
68846,55,71,16,14,27,13,0.144,0.350
68847,48,64,16,9,18,9,0.050,0.144
68849,48,64,16,9,18,9,0.050,0.144
68850,42,58,16,5,13,8,0.017,0.039
68852,45,60,15,8,16,8,0.050,0.122
68853,44,59,15,8,17,9,0.050,0.122
68854,53,70,17,13,25,12,0.144,0.350
68855,43,59,16,7,15,8,0.033,0.061
68856,37,52,15,4,11,7,0.033,0.061
68858,45,60,15,7,15,8,0.050,0.144
68859,43,59,16,8,17,9,0.028,0.094
68860,42,57,15,5,13,8,0.033,0.061
68861,48,64,16,8,18,10,0.050,0.144
68862,43,58,15,8,17,9,0.028,0.094
68863,45,61,16,6,15,9,0.017,0.039
68864,52,68,16,12,24,12,0.167,0.350
68865,51,67,16,11,22,11,0.144,0.350
68866,47,62,15,8,17,9,0.050,0.144
68869,49,64,15,9,19,10,0.050,0.144
68870,46,62,16,8,17,9,0.050,0.144
68871,49,64,15,9,19,10,0.050,0.122
68872,51,68,17,12,23,11,0.078,0.211
68873,51,67,16,11,23,12,0.078,0.211
68874,41,56,15,6,14,8,0.033,0.061
68875,44,60,16,8,18,10,0.072,0.128
68876,50,66,16,10,20,10,0.050,0.144
68878,43,59,16,6,14,8,0.017,0.039
68879,40,55,15,6,14,8,0.011,0.061
68881,42,57,15,6,14,8,0.033,0.061
68882,48,64,16,10,21,11,0.072,0.128
68883,51,67,16,10,21,11,0.078,0.211
68901,53,68,15,11,22,11,0.044,0.139
68920,60,75,15,14,26,12,0.017,0.050
68922,62,77,15,15,27,12,0.022,0.061
68923,50,65,15,8,18,10,0.011,0.056
68924,53,68,15,10,21,11,0.039,0.083
68925,54,69,15,11,23,12,0.044,0.139
68926,70,84,14,21,35,14,0.022,0.061
68927,48,63,15,7,16,9,0.011,0.056
68928,57,72,15,13,25,12,0.056,0.156
68929,58,72,14,13,25,12,0.028,0.139
68930,56,71,15,13,25,12,0.056,0.156
68932,56,71,15,12,24,12,0.028,0.139
68933,50,66,16,10,21,11,0.078,0.183
68934,54,70,16,12,24,12,0.078,0.183
68935,54,69,15,12,24,12,0.078,0.183
68936,62,77,15,15,28,13,0.022,0.061
68937,42,58,16,5,12,7,0.006,0.022
68938,51,67,16,10,22,12,0.078,0.183
68939,58,73,15,14,26,12,0.028,0.139
68940,52,67,15,10,20,10,0.011,0.056
68941,52,67,15,10,22,12,0.078,0.183
68942,61,76,15,17,30,13,0.056,0.156
68943,62,77,15,17,31,14,0.128,0.250
68944,50,66,16,11,22,11,0.078,0.183
68945,54,69,15,11,22,11,0.039,0.083
68946,66,81,15,17,30,13,0.022,0.061
68947,54,69,15,11,22,11,0.028,0.139
68948,59,75,16,12,24,12,0.022,0.061
68949,49,64,15,8,18,10,0.011,0.056
68950,54,70,16,11,23,12,0.044,0.139
68952,62,77,15,17,30,13,0.056,0.156
68954,51,67,16,10,22,12,0.078,0.183
68955,52,68,16,10,21,11,0.044,0.139
68956,52,68,16,10,21,11,0.044,0.139
68957,56,72,16,13,25,12,0.128,0.250
68958,49,64,15,8,17,9,0.011,0.056
68959,55,71,16,11,23,12,0.039,0.083
68960,58,73,15,13,25,12,0.028,0.139
68961,59,74,15,15,27,12,0.128,0.250
68964,59,74,15,15,28,13,0.128,0.250
68966,63,78,15,16,29,13,0.017,0.050
68967,62,77,15,15,28,13,0.022,0.061
68969,51,66,15,9,19,10,0.017,0.050
68970,61,76,15,17,29,12,0.056,0.156
68971,58,72,14,13,24,11,0.017,0.050
68972,61,76,15,16,29,13,0.028,0.139
68973,54,69,15,11,23,12,0.044,0.139
68974,60,75,15,16,28,12,0.128,0.250
68975,51,67,16,11,22,11,0.078,0.183
68976,44,59,15,6,13,7,0.006,0.022
68977,64,79,15,17,30,13,0.017,0.050
68978,62,78,15,18,30,13,0.128,0.250
68979,53,69,16,12,24,12,0.078,0.183
68980,53,69,16,11,23,12,0.078,0.183
68981,55,70,15,12,23,11,0.028,0.139
68982,52,67,15,10,20,10,0.039,0.083
69001,54,70,16,9,19,10,0.011,0.017
69020,56,71,15,9,21,12,0.011,0.017
69021,56,71,15,7,18,11,0.006,0.017
69022,55,70,15,10,21,11,0.022,0.061
69023,45,60,15,3,10,7,0.000,0.006
69024,55,70,15,9,19,10,0.006,0.028
69025,52,67,15,8,18,10,0.006,0.017
69026,58,74,16,11,23,12,0.011,0.017
69027,45,60,15,4,11,7,0.000,0.006
69028,47,62,15,7,15,8,0.006,0.017
69029,48,63,15,7,16,9,0.017,0.039
69030,50,65,15,4,12,8,0.006,0.017
69032,46,61,15,5,13,8,0.006,0.011
69033,46,61,15,4,11,7,0.000,0.006
69034,55,70,15,9,20,11,0.011,0.017
69036,59,74,15,12,23,11,0.011,0.017
69037,53,69,16,7,17,10,0.006,0.017
69038,49,64,15,7,16,9,0.006,0.017
69039,50,65,15,8,17,9,0.006,0.017
69040,51,66,15,6,16,10,0.006,0.028
69041,51,66,15,5,13,8,0.006,0.017
69042,51,66,15,8,18,10,0.006,0.017
69043,53,69,16,7,17,10,0.006,0.028
69044,55,70,15,9,19,10,0.006,0.028
69045,47,62,15,4,12,8,0.000,0.006
69046,60,75,15,13,25,12,0.022,0.061
69101,42,57,15,5,12,7,0.017,0.022
69120,42,56,14,5,13,8,0.033,0.061
69121,34,49,15,2,6,4,0.006,0.000
69122,38,53,15,2,7,5,0.006,0.006
69123,44,59,15,6,13,7,0.017,0.022
69125,36,52,16,1,5,4,0.000,0.000
69127,42,57,15,3,9,6,0.006,0.011
69128,15,29,14,0,1,1,0.000,0.000
69129,42,57,15,2,7,5,0.006,0.006
69130,46,61,15,7,15,8,0.017,0.039
69131,25,40,15,0,2,2,0.006,0.000
69132,42,57,15,4,11,7,0.017,0.022
69133,23,38,15,0,1,1,0.000,0.000
69134,41,56,15,3,10,7,0.006,0.011
69135,41,56,15,5,13,8,0.039,0.061
69138,47,62,15,7,16,9,0.017,0.039
69140,45,59,14,3,10,7,0.006,0.011
69141,28,42,14,1,2,1,0.006,0.000
69142,40,55,15,5,12,7,0.011,0.011
69143,43,58,15,5,12,7,0.017,0.022
69144,44,59,15,4,11,7,0.006,0.011
69145,19,34,15,0,1,1,0.000,0.000
69146,43,58,15,3,10,7,0.006,0.011
69147,40,55,15,2,8,6,0.006,0.011
69148,34,50,16,1,4,3,0.006,0.011
69149,41,56,15,2,6,4,0.006,0.000
69150,46,61,15,4,12,8,0.006,0.011
69151,42,57,15,5,12,7,0.017,0.022
69152,35,50,15,3,8,5,0.011,0.006
69153,45,59,14,4,11,7,0.006,0.011
69154,36,51,15,2,5,3,0.006,0.011
69155,43,58,15,4,11,7,0.006,0.011
69156,26,41,15,0,2,2,0.006,0.000
69157,42,57,15,6,14,8,0.017,0.061
69161,37,51,14,3,9,6,0.011,0.011
69162,27,41,14,1,2,1,0.006,0.000
69163,41,56,15,5,12,7,0.006,0.006
69165,42,56,14,4,10,6,0.017,0.022
69166,37,52,15,4,10,6,0.011,0.011
69167,37,51,14,3,9,6,0.000,0.006
69168,43,58,15,3,9,6,0.006,0.011
69169,42,57,15,4,10,6,0.017,0.022
69170,46,60,14,5,14,9,0.017,0.022
69171,48,63,15,7,17,10,0.017,0.039
69201,39,53,14,5,12,6,0.039,0.033
69210,40,55,15,6,14,8,0.039,0.061
69211,35,48,13,3,8,5,0.039,0.033
69212,37,50,14,4,10,6,0.039,0.033
69214,39,53,14,5,12,7,0.039,0.061
69216,36,50,14,4,10,6,0.039,0.033
69217,39,54,15,6,14,8,0.039,0.061
69218,36,50,14,3,8,5,0.039,0.033
69219,35,48,13,3,8,5,0.039,0.033
69220,41,55,14,6,14,8,0.039,0.033
69221,38,52,14,5,11,6,0.039,0.033
69301,29,44,15,1,3,2,0.000,0.006
69331,27,42,15,1,2,1,0.000,0.000
69333,27,41,14,1,3,2,0.000,0.017
69334,37,53,16,2,5,3,0.000,0.000
69335,25,39,14,1,3,2,0.000,0.017
69336,42,57,15,2,7,5,0.000,0.000
69337,35,49,14,2,5,3,0.000,0.017
69339,26,41,15,1,2,1,0.000,0.017
69340,25,39,14,1,2,1,0.000,0.017
69341,34,50,16,1,4,3,0.000,0.000
69343,32,45,13,2,5,3,0.000,0.017
69345,22,37,15,0,1,1,0.000,0.000
69346,21,35,14,0,1,1,0.000,0.000
69347,29,43,14,1,3,2,0.000,0.017
69348,22,37,15,1,2,1,0.000,0.006
69350,30,44,14,1,4,3,0.000,0.017
69351,27,42,15,1,3,2,0.000,0.017
69352,31,47,16,1,3,2,0.000,0.000
69353,40,55,15,2,5,3,0.000,0.000
69354,24,39,15,1,2,1,0.000,0.017
69355,37,53,16,1,5,4,0.000,0.000
69356,35,50,15,1,4,3,0.000,0.000
69357,28,44,16,1,2,1,0.000,0.000
69358,31,47,16,1,3,2,0.000,0.000
69360,29,43,14,1,3,2,0.000,0.017
69361,34,50,16,1,4,3,0.000,0.000
69365,35,48,13,2,6,4,0.000,0.017
69366,30,44,14,2,5,3,0.000,0.017
69367,35,49,14,2,5,3,0.000,0.017
70001,135,151,16,53,84,31,0.072,0.328
70002,134,150,16,52,83,31,0.072,0.328
70003,133,150,17,50,82,32,0.072,0.328
70005,135,151,16,52,83,31,0.072,0.328
70006,134,150,16,50,82,32,0.072,0.328
70030,136,153,17,51,84,33,0.061,0.389
70031,133,150,17,50,82,32,0.061,0.389
70032,134,150,16,50,82,32,0.056,0.272
70036,132,149,17,45,79,34,0.072,0.328
70037,133,149,16,50,82,32,0.067,0.272
70038,125,139,14,41,76,35,,
70039,135,152,17,52,84,32,0.061,0.389
70040,132,148,16,48,80,32,0.067,0.272
70041,128,143,15,43,78,35,0.067,0.272
70043,133,150,17,49,81,32,0.056,0.272
70047,134,150,16,50,82,32,0.061,0.389
70049,136,152,16,53,86,33,0.100,0.428
70050,129,144,15,45,80,35,0.067,0.272
70051,137,153,16,56,88,32,0.100,0.428
70052,137,154,17,54,86,32,0.161,0.628
70053,135,151,16,54,86,32,0.072,0.328
70056,134,150,16,52,83,31,0.072,0.328
70057,134,151,17,51,83,32,0.061,0.389
70058,134,150,16,53,84,31,0.072,0.328
70062,133,149,16,49,80,31,0.072,0.328
70065,133,149,16,49,80,31,0.072,0.328
70067,132,149,17,46,79,33,0.072,0.328
70068,136,152,16,54,86,32,0.100,0.428
70070,135,151,16,52,84,32,0.061,0.389
70071,137,154,17,54,86,32,0.161,0.628
70072,135,151,16,54,86,32,0.072,0.328
70075,133,149,16,47,80,33,0.056,0.272
70076,137,153,16,56,88,32,0.100,0.428
70079,134,150,16,50,82,32,0.061,0.389
70080,136,153,17,52,85,33,0.061,0.389
70082,128,146,18,40,75,35,0.067,0.272
70083,129,145,16,42,77,35,0.067,0.272
70084,136,152,16,53,85,32,0.100,0.428
70085,132,148,16,48,80,32,0.056,0.272
70086,137,153,16,53,84,31,0.161,0.628
70087,133,149,16,49,81,32,0.061,0.389
70090,137,153,16,51,84,33,0.161,0.628
70091,124,138,14,39,73,34,0.067,0.272
70092,132,149,17,47,80,33,0.056,0.272
70094,136,152,16,54,85,31,0.072,0.328
70112,135,151,16,52,84,32,0.072,0.328
70113,135,151,16,54,85,31,0.072,0.328
70114,134,150,16,52,83,31,0.072,0.328
70115,136,152,16,56,87,31,0.072,0.328
70116,135,151,16,52,84,32,0.072,0.328
70117,134,150,16,50,82,32,0.072,0.328
70118,136,152,16,54,86,32,0.072,0.328
70119,135,151,16,52,84,32,0.072,0.328
70121,136,152,16,54,85,31,0.072,0.328
70122,134,150,16,49,81,32,0.072,0.328
70123,134,150,16,51,83,32,0.072,0.328
70124,135,151,16,52,83,31,0.072,0.328
70125,135,151,16,53,85,32,0.072,0.328
70126,134,150,16,48,80,32,0.072,0.328
70127,134,150,16,49,80,31,0.072,0.328
70128,134,150,16,50,81,31,0.072,0.328
70129,134,150,16,50,82,32,0.072,0.328
70130,135,151,16,54,85,31,0.072,0.328
70131,133,149,16,50,82,32,0.072,0.328
70139,135,151,16,52,84,32,0.072,0.328
70163,135,151,16,52,84,32,0.072,0.328
70301,136,153,17,50,82,32,0.139,0.544
70339,135,151,16,49,81,32,0.172,0.672
70340,127,144,17,41,73,32,0.300,1.317
70341,137,153,16,53,84,31,0.172,0.672
70342,125,143,18,38,70,32,0.300,1.317
70343,133,150,17,47,80,33,0.156,0.750
70344,130,145,15,44,78,34,0.156,0.750
70345,126,144,18,36,70,34,0.139,0.544
70346,137,152,15,52,83,31,0.172,0.661
70352,134,150,16,46,78,32,0.156,0.750
70353,128,143,15,44,77,33,0.156,0.750
70354,127,144,17,38,71,33,0.139,0.544
70355,133,151,18,47,80,33,0.139,0.544
70356,132,149,17,45,77,32,0.156,0.750
70357,129,144,15,43,76,33,0.139,0.544
70359,134,151,17,47,79,32,0.156,0.750
70360,132,149,17,45,77,32,0.156,0.750
70363,132,149,17,46,78,32,0.156,0.750
70364,133,150,17,46,78,32,0.156,0.750
70372,135,152,17,49,81,32,0.172,0.672
70373,128,145,17,39,73,34,0.139,0.544
70374,131,149,18,43,76,33,0.139,0.544
70375,132,150,18,44,77,33,0.139,0.544
70377,129,146,17,43,76,33,0.156,0.750
70380,126,144,18,39,72,33,0.300,1.317
70390,137,152,15,52,83,31,0.172,0.672
70391,138,153,15,53,85,32,0.172,0.672
70392,126,143,17,36,68,32,0.300,1.317
70393,138,153,15,54,85,31,0.172,0.672
70394,134,151,17,47,80,33,0.139,0.544
70395,135,151,16,48,80,32,0.156,0.750
70397,129,144,15,43,76,33,0.156,0.750
70401,138,154,16,57,88,31,0.072,0.333
70403,138,154,16,57,87,30,0.072,0.333
70420,136,152,16,53,83,30,0.083,0.350
70422,134,150,16,54,84,30,0.072,0.333
70426,132,147,15,54,82,28,0.117,0.550
70427,133,148,15,55,84,29,0.117,0.550
70431,132,148,16,49,79,30,0.083,0.350
70433,137,153,16,57,87,30,0.083,0.350
70435,138,154,16,55,85,30,0.083,0.350
70436,134,150,16,54,83,29,0.072,0.333
70437,138,154,16,55,85,30,0.083,0.350
70438,130,146,16,52,80,28,0.117,0.550
70442,135,150,15,54,84,30,0.072,0.333
70443,137,152,15,56,86,30,0.072,0.333
70444,130,145,15,51,79,28,0.072,0.333
70445,136,151,15,63,91,28,0.083,0.350
70446,137,152,15,56,86,30,0.072,0.333
70447,136,152,16,56,87,31,0.083,0.350
70448,134,148,14,61,89,28,0.083,0.350
70449,138,154,16,54,86,32,0.089,0.389
70450,129,145,16,52,79,27,0.117,0.550
70451,138,154,16,57,88,31,0.072,0.333
70452,129,145,16,44,75,31,0.083,0.350
70453,134,150,16,53,83,30,0.183,0.478
70454,138,154,16,56,88,32,0.072,0.333
70455,139,154,15,58,88,30,0.072,0.333
70456,135,150,15,54,84,30,0.072,0.333
70458,132,148,16,50,82,32,0.083,0.350
70460,133,149,16,53,84,31,0.083,0.350
70461,131,147,16,49,81,32,0.083,0.350
70462,138,154,16,55,87,32,0.089,0.389
70463,131,148,17,51,80,29,0.083,0.350
70464,128,146,18,44,74,30,0.083,0.350
70465,132,147,15,52,81,29,0.072,0.333
70466,137,153,16,57,87,30,0.072,0.333
70471,135,150,15,58,88,30,0.083,0.350
70501,133,150,17,55,85,30,0.189,0.928
70503,133,150,17,56,85,29,0.189,0.928
70506,133,149,16,56,85,29,0.189,0.928
70507,135,151,16,57,86,29,0.189,0.928
70508,133,149,16,56,85,29,0.189,0.928
70510,131,147,16,55,84,29,0.228,1.133
70512,138,154,16,61,89,28,0.400,1.844
70513,130,146,16,52,82,30,0.172,0.617
70514,125,142,17,34,67,33,0.300,1.317
70515,145,160,15,76,102,26,0.400,1.850
70516,139,155,16,65,94,29,0.367,1.700
70517,134,151,17,55,85,30,0.167,0.833
70518,133,149,16,55,85,30,0.189,0.928
70519,133,149,16,56,85,29,0.167,0.833
70520,136,153,17,60,89,29,0.189,0.928
70523,128,144,16,41,73,32,0.300,1.317
70524,146,161,15,78,104,26,0.400,1.850
70525,140,155,15,66,94,28,0.367,1.700
70526,136,153,17,61,90,29,0.367,1.700
70528,130,146,16,54,83,29,0.228,1.133
70529,133,150,17,57,86,29,0.189,0.928
70531,137,153,16,62,91,29,0.367,1.700
70532,141,157,16,71,98,27,0.267,1.211
70533,129,145,16,52,82,30,0.228,1.133
70534,137,153,16,61,90,29,0.367,1.700
70535,147,162,15,82,106,24,0.400,1.844
70537,137,153,16,63,92,29,0.367,1.700
70538,124,141,17,34,66,32,0.300,1.317
70541,141,157,16,66,94,28,0.400,1.844
70542,135,152,17,62,91,29,0.228,1.133
70543,140,156,16,67,96,29,0.367,1.700
70544,129,145,16,46,77,31,0.172,0.617
70546,136,153,17,61,90,29,0.267,1.211
70548,131,148,17,56,85,29,0.228,1.133
70549,136,152,16,62,92,30,0.267,1.211
70550,141,157,16,69,96,27,0.400,1.844
70552,132,148,16,53,83,30,0.172,0.617
70554,147,162,15,79,104,25,0.400,1.850
70555,132,149,17,56,85,29,0.228,1.133
70556,136,153,17,61,91,30,0.367,1.700
70558,132,148,16,55,84,29,0.189,0.928
70559,136,153,17,62,91,29,0.367,1.700
70560,133,149,16,57,86,29,0.172,0.617
70563,133,149,16,56,85,29,0.172,0.617
70570,141,156,15,66,94,28,0.400,1.844
70575,131,148,17,56,85,29,0.228,1.133
70576,140,156,16,71,97,26,0.400,1.850
70577,138,154,16,61,90,29,0.400,1.844
70578,135,152,17,60,89,29,0.367,1.700
70580,146,161,15,77,103,26,0.400,1.850
70581,137,154,17,62,92,30,0.267,1.211
70582,133,149,16,54,83,29,0.167,0.833
70583,134,150,16,57,86,29,0.189,0.928
70584,140,156,16,65,93,28,0.400,1.844
70585,137,152,15,67,93,26,0.400,1.850
70586,142,157,15,71,97,26,0.400,1.850
70589,138,154,16,63,91,28,0.400,1.844
70591,137,154,17,64,93,29,0.267,1.211
70592,133,149,16,56,85,29,0.189,0.928
70601,136,153,17,63,91,28,0.250,0.961
70605,135,152,17,62,90,28,0.250,0.961
70607,135,152,17,64,91,27,0.250,0.961
70611,137,153,16,65,92,27,0.250,0.961
70615,136,153,17,64,92,28,0.250,0.961
70630,136,152,16,66,94,28,0.250,0.961
70631,133,146,13,65,92,27,0.256,0.989
70632,135,149,14,64,92,28,0.256,0.989
70633,135,151,16,65,92,27,0.250,0.961
70634,135,151,16,64,91,27,0.333,1.300
70637,138,154,16,67,94,27,0.333,1.567
70638,138,154,16,68,94,26,0.333,1.567
70639,133,149,16,65,91,26,0.356,1.578
70640,139,155,16,67,95,28,0.267,1.211
70643,135,149,14,63,92,29,0.256,0.989
70644,138,154,16,68,94,26,0.333,1.567
70645,135,151,16,68,95,27,0.256,0.989
70646,135,151,16,65,93,28,0.250,0.961
70647,137,153,16,65,93,28,0.250,0.961
70648,138,155,17,66,94,28,0.333,1.567
70650,137,154,17,65,93,28,0.267,1.211
70651,138,154,16,66,94,28,0.333,1.567
70652,136,153,17,65,93,28,0.333,1.300
70653,136,152,16,68,94,26,0.333,1.300
70654,138,154,16,65,93,28,0.333,1.567
70655,138,155,17,66,94,28,0.333,1.567
70656,136,151,15,66,92,26,0.356,1.578
70657,137,154,17,66,94,28,0.333,1.300
70658,138,154,16,66,94,28,0.333,1.567
70659,133,150,17,64,90,26,0.356,1.578
70660,135,152,17,65,92,27,0.333,1.300
70661,133,150,17,62,91,29,0.250,0.961
70662,137,153,16,67,93,26,0.333,1.300
70663,135,152,17,63,91,28,0.250,0.961
70665,135,152,17,62,91,29,0.250,0.961
70668,132,149,17,60,89,29,0.250,0.961
70669,136,153,17,64,91,27,0.250,0.961
70706,134,150,16,51,81,30,0.089,0.389
70710,135,151,16,52,82,30,0.122,0.539
70711,137,153,16,55,86,31,0.089,0.389
70712,130,147,17,51,79,28,0.267,0.911
70714,133,150,17,50,80,30,0.144,0.456
70715,132,149,17,52,81,29,0.272,1.000
70719,134,151,17,52,82,30,0.122,0.539
70721,134,150,16,50,81,31,0.167,0.639
70722,127,143,16,47,75,28,0.239,0.744
70723,137,153,16,53,84,31,0.161,0.628
70725,136,152,16,52,83,31,0.172,0.661
70726,135,151,16,51,81,30,0.089,0.389
70729,135,152,17,53,83,30,0.122,0.539
70730,128,144,16,47,75,28,0.239,0.744
70732,133,150,17,51,81,30,0.272,1.000
70733,136,152,16,52,83,31,0.089,0.389
70734,135,151,16,51,82,31,0.172,0.661
70736,136,152,16,54,84,30,0.272,1.000
70737,136,152,16,51,83,32,0.172,0.661
70739,134,150,16,50,80,30,0.144,0.456
70740,135,151,16,53,83,30,0.167,0.639
70743,137,153,16,51,83,32,0.161,0.628
70744,136,152,16,54,85,31,0.089,0.389
70747,131,148,17,53,81,28,0.272,1.000
70748,130,146,16,49,78,29,0.239,0.744
70749,135,151,16,53,83,30,0.272,1.000
70750,135,152,17,56,85,29,0.400,1.844
70752,135,152,17,53,83,30,0.272,1.000
70753,131,148,17,54,82,28,0.272,1.000
70754,136,152,16,52,83,31,0.089,0.389
70755,134,150,16,52,82,30,0.272,1.000
70756,134,150,16,52,82,30,0.272,1.000
70757,135,151,16,53,83,30,0.272,1.000
70759,132,149,17,52,81,29,0.272,1.000
70760,133,150,17,53,82,29,0.272,1.000
70761,128,144,16,48,75,27,0.239,0.744
70762,135,151,16,53,83,30,0.272,1.000
70763,137,153,16,52,85,33,0.161,0.628
70764,135,151,16,51,82,31,0.167,0.639
70767,134,151,17,51,81,30,0.122,0.539
70769,135,151,16,50,82,32,0.172,0.661
70770,133,149,16,50,79,29,0.144,0.456
70772,135,151,16,53,83,30,0.167,0.639
70773,135,151,16,53,83,30,0.272,1.000
70774,137,153,16,52,84,32,0.172,0.661
70775,132,148,16,52,81,29,0.267,0.911
70776,134,150,16,49,80,31,0.167,0.639
70777,130,147,17,49,78,29,0.239,0.744
70778,137,153,16,53,85,32,0.172,0.661
70780,134,150,16,50,80,30,0.167,0.639
70782,131,147,16,51,79,28,0.267,0.911
70783,134,151,17,53,83,30,0.272,1.000
70785,135,151,16,52,82,30,0.089,0.389
70787,130,146,16,49,78,29,0.267,0.911
70788,135,151,16,50,82,32,0.167,0.639
70789,127,143,16,47,75,28,0.239,0.744
70791,133,149,16,50,80,30,0.144,0.456
70801,134,150,16,50,80,30,0.144,0.456
70802,134,150,16,51,81,30,0.144,0.456
70805,134,150,16,50,80,30,0.144,0.456
70806,134,150,16,50,80,30,0.144,0.456
70807,134,150,16,50,80,30,0.144,0.456
70808,134,150,16,51,81,30,0.144,0.456
70809,134,150,16,50,81,31,0.144,0.456
70810,134,150,16,50,81,31,0.144,0.456
70811,134,150,16,50,80,30,0.144,0.456
70812,134,150,16,50,80,30,0.144,0.456
70814,134,150,16,50,80,30,0.144,0.456
70815,134,150,16,50,80,30,0.144,0.456
70816,134,150,16,50,81,31,0.144,0.456
70817,135,151,16,50,81,31,0.144,0.456
70818,134,150,16,50,80,30,0.144,0.456
70819,134,150,16,50,80,30,0.144,0.456
70820,134,150,16,52,82,30,0.144,0.456
70836,134,150,16,49,80,31,0.144,0.456
71001,122,137,15,59,82,23,0.394,1.572
71003,121,137,16,59,83,24,0.528,2.000
71004,124,140,16,62,87,25,0.394,1.694
71006,124,139,15,61,86,25,0.311,1.617
71007,125,141,16,63,87,24,0.394,1.694
71008,126,140,14,63,86,23,0.394,1.572
71016,123,139,16,60,84,24,0.394,1.572
71018,124,139,15,63,87,24,0.383,1.728
71019,126,141,15,64,87,23,0.417,1.628
71021,123,138,15,63,87,24,0.383,1.728
71023,126,141,15,62,87,25,0.383,1.728
71024,125,140,15,62,86,24,0.383,1.728
71027,124,140,16,61,86,25,0.533,1.772
71028,124,139,15,61,85,24,0.394,1.572
71029,125,140,15,64,88,24,0.394,1.694
71030,125,141,16,63,87,24,0.533,1.772
71031,130,145,15,67,90,23,0.467,1.711
71032,126,142,16,63,88,25,0.533,1.772
71033,124,140,16,62,87,25,0.394,1.694
71034,124,139,15,60,84,24,0.417,1.628
71037,124,139,15,61,85,24,0.311,1.617
71038,123,138,15,63,86,23,0.528,2.000
71039,124,139,15,60,85,25,0.383,1.728
71040,124,139,15,65,88,23,0.528,2.000
71043,125,140,15,65,89,24,0.394,1.694
71044,124,140,16,64,88,24,0.394,1.694
71045,125,140,15,62,86,24,0.394,1.572
71046,126,142,16,63,88,25,0.533,1.772
71047,125,141,16,63,87,24,0.394,1.694
71048,124,139,15,63,86,23,0.528,2.000
71049,128,144,16,67,91,24,0.533,1.772
71051,125,140,15,61,86,25,0.311,1.617
71052,125,141,16,63,87,24,0.533,1.772
71055,124,139,15,62,86,24,0.383,1.728
71060,124,140,16,62,87,25,0.394,1.694
71061,125,140,15,64,88,24,0.394,1.694
71063,126,141,15,63,86,23,0.533,1.772
71064,123,139,16,62,87,25,0.311,1.617
71065,125,140,15,61,85,24,0.361,1.428
71067,124,139,15,60,85,25,0.311,1.617
71068,124,139,15,60,85,25,0.394,1.572
71069,124,140,16,64,88,24,0.394,1.694
71070,126,141,15,63,86,23,0.394,1.572
71071,123,139,16,64,87,23,0.383,1.728
71072,123,138,15,63,87,24,0.383,1.728
71073,125,140,15,62,86,24,0.383,1.728
71075,123,138,15,63,87,24,0.383,1.728
71078,124,140,16,62,87,25,0.533,1.772
71079,124,138,14,63,85,22,0.528,2.000
71082,124,140,16,64,88,24,0.394,1.694
71101,123,139,16,59,84,25,0.394,1.694
71103,124,139,15,60,85,25,0.394,1.694
71104,123,139,16,60,85,25,0.394,1.694
71105,124,140,16,61,86,25,0.394,1.694
71106,125,140,15,62,86,24,0.394,1.694
71107,124,140,16,60,86,26,0.394,1.694
71108,124,140,16,62,86,24,0.394,1.694
71109,124,140,16,61,86,25,0.394,1.694
71110,124,140,16,60,85,25,0.311,1.617
71111,123,139,16,59,84,25,0.311,1.617
71112,124,140,16,61,86,25,0.311,1.617
71115,125,140,15,62,86,24,0.394,1.694
71118,125,140,15,62,86,24,0.394,1.694
71119,124,140,16,61,86,25,0.394,1.694
71129,124,140,16,62,87,25,0.394,1.694
71201,127,142,15,63,86,23,0.417,1.489
71202,126,141,15,63,85,22,0.417,1.489
71203,126,141,15,62,85,23,0.417,1.489
71209,126,141,15,63,85,22,0.417,1.489
71219,124,140,16,57,80,23,0.506,1.578
71220,125,140,15,61,84,23,0.411,1.717
71222,125,140,15,63,86,23,0.400,1.628
71223,123,138,15,57,80,23,0.411,1.717
71225,126,141,15,64,86,22,0.417,1.489
71226,127,142,15,65,87,22,0.389,1.528
71227,125,140,15,63,85,22,0.378,1.506
71229,125,140,15,61,83,22,0.411,1.717
71232,123,138,15,55,78,23,0.450,1.472
71234,125,140,15,63,85,22,0.400,1.628
71235,126,141,15,64,87,23,0.378,1.506
71237,124,139,15,58,81,23,0.406,1.411
71238,126,141,15,64,86,22,0.417,1.489
71241,125,140,15,63,85,22,0.400,1.628
71243,126,142,16,59,82,23,0.506,1.578
71245,123,139,16,60,84,24,0.378,1.506
71247,126,141,15,64,87,23,0.389,1.528
71250,123,138,15,57,80,23,0.411,1.717
71251,126,141,15,63,86,23,0.389,1.528
71253,122,136,14,56,79,23,0.406,1.411
71254,122,136,14,56,79,23,0.439,1.494
71256,124,138,14,63,85,22,0.400,1.628
71259,124,140,16,58,81,23,0.450,1.472
71260,122,137,15,59,82,23,0.400,1.628
71261,124,139,15,58,81,23,0.411,1.717
71263,123,137,14,57,80,23,0.406,1.411
71264,122,137,15,55,78,23,0.450,1.472
71266,124,139,15,58,81,23,0.406,1.411
71268,126,141,15,63,86,23,0.389,1.528
71269,120,136,16,52,76,24,0.450,1.472
71270,124,139,15,61,84,23,0.378,1.506
71272,123,139,16,60,83,23,0.378,1.506
71275,124,139,15,61,84,23,0.378,1.506
71276,122,137,15,53,77,24,0.439,1.494
71277,123,138,15,62,84,22,0.400,1.628
71279,120,136,16,53,77,24,0.450,1.472
71280,126,140,14,63,85,22,0.417,1.489
71282,123,139,16,52,76,24,0.433,1.556
71286,122,137,15,55,78,23,0.439,1.494
71291,126,141,15,64,86,22,0.417,1.489
71292,127,141,14,64,86,22,0.417,1.489
71295,127,142,15,61,84,23,0.506,1.578
71301,135,150,15,68,93,25,0.406,1.628
71302,135,150,15,68,93,25,0.406,1.628
71303,134,150,16,67,91,24,0.406,1.628
71316,131,147,16,57,84,27,0.317,1.200
71322,135,151,16,64,90,26,0.411,1.522
71323,133,149,16,66,90,24,0.411,1.522
71325,135,151,16,66,91,25,0.406,1.628
71326,126,142,16,51,77,26,0.317,1.200
71327,135,151,16,63,89,26,0.411,1.522
71328,134,150,16,67,91,24,0.406,1.628
71331,133,149,16,64,89,25,0.411,1.522
71333,135,151,16,63,89,26,0.411,1.522
71334,126,143,17,50,76,26,0.317,1.200
71336,126,142,16,59,82,23,0.506,1.578
71339,134,150,16,60,87,27,0.411,1.522
71340,127,143,16,57,82,25,0.456,1.411
71341,134,150,16,64,90,26,0.411,1.522
71342,129,145,16,61,85,24,0.394,1.433
71343,130,146,16,59,84,25,0.456,1.411
71345,136,153,17,60,88,28,0.400,1.844
71346,136,151,15,68,93,25,0.406,1.628
71350,134,150,16,63,88,25,0.411,1.522
71351,133,149,16,63,88,25,0.411,1.522
71353,133,150,17,52,82,30,0.400,1.844
71354,130,146,16,57,83,26,0.317,1.200
71355,133,149,16,59,86,27,0.411,1.522
71356,137,152,15,63,90,27,0.400,1.844
71357,126,141,15,55,79,24,0.506,1.522
71358,135,152,17,56,85,29,0.400,1.844
71360,134,150,16,67,92,25,0.406,1.628
71362,135,151,16,61,88,27,0.411,1.522
71366,128,143,15,57,81,24,0.506,1.522
71367,137,153,16,66,92,26,0.400,1.850
71368,125,142,17,55,79,24,0.456,1.411
71369,133,149,16,58,85,27,0.411,1.522
71371,129,145,16,61,85,24,0.394,1.433
71373,126,143,17,47,74,27,0.317,1.200
71375,125,141,16,51,76,25,0.506,1.522
71377,129,145,16,57,82,25,,
71378,126,141,15,58,81,23,0.506,1.578
71401,127,143,16,57,82,25,0.456,1.411
71403,128,145,17,60,86,26,0.356,1.578
71404,132,148,16,65,89,24,0.450,1.611
71405,133,149,16,66,91,25,0.406,1.628
71406,124,140,16,60,84,24,0.361,1.428
71407,130,146,16,63,87,24,0.333,1.433
71409,131,147,16,63,88,25,0.406,1.628
71411,131,147,16,69,92,23,0.467,1.711
71414,133,149,16,70,93,23,0.467,1.711
71416,132,148,16,65,90,25,0.467,1.711
71417,132,148,16,64,89,25,0.333,1.433
71418,126,142,16,61,84,23,0.522,1.511
71419,126,141,15,63,87,24,0.361,1.428
71423,130,146,16,63,88,25,0.333,1.433
71424,133,149,16,67,91,24,0.406,1.628
71425,126,142,16,59,82,23,0.456,1.411
71426,125,141,16,59,84,25,0.361,1.428
71427,129,145,16,61,86,25,0.406,1.628
71429,127,144,17,61,86,25,0.361,1.428
71430,135,151,16,67,92,25,0.406,1.628
71433,135,151,16,67,93,26,0.406,1.628
71435,126,142,16,60,83,23,0.522,1.511
71438,132,148,16,64,89,25,0.406,1.628
71439,127,143,16,58,84,26,0.356,1.578
71441,127,143,16,60,83,23,0.522,1.511
71446,130,147,17,60,86,26,0.356,1.578
71447,131,147,16,63,88,25,0.406,1.628
71449,127,143,16,62,86,24,0.361,1.428
71450,127,142,15,63,87,24,0.467,1.711
71452,132,148,16,66,90,24,0.467,1.711
71454,132,147,15,65,90,25,0.333,1.433
71455,129,145,16,61,86,25,0.406,1.628
71456,133,149,16,68,92,24,0.467,1.711
71457,133,148,15,69,92,23,0.467,1.711
71459,128,145,17,57,83,26,0.356,1.578
71461,130,147,17,60,86,26,0.356,1.578
71462,126,142,16,63,87,24,0.361,1.428
71463,139,155,16,70,96,26,0.333,1.567
71465,127,144,17,60,84,24,0.394,1.433
71466,131,147,16,64,89,25,0.406,1.628
71467,132,148,16,65,90,25,0.333,1.433
71468,130,146,16,64,89,25,0.467,1.711
71469,129,145,16,65,89,24,0.467,1.711
71472,131,147,16,64,89,25,0.406,1.628
71474,129,146,17,61,86,25,0.356,1.578
71479,129,145,16,62,86,24,0.394,1.433
71480,128,145,17,62,85,23,0.394,1.433
71485,135,151,16,68,93,25,0.406,1.628
71486,126,142,16,63,87,24,0.361,1.428
71601,108,123,15,47,69,22,0.356,1.433
71602,108,123,15,48,69,21,0.356,1.433
71603,108,123,15,47,68,21,0.356,1.433
71630,114,129,15,52,74,22,0.294,1.622
71631,114,129,15,52,74,22,0.306,1.561
71635,116,132,16,51,74,23,0.389,1.617
71638,118,133,15,55,77,22,0.456,1.639
71639,114,130,16,51,74,23,0.294,1.622
71640,122,136,14,57,80,23,0.456,1.639
71642,117,132,15,51,74,23,0.389,1.617
71643,113,128,15,50,72,22,0.378,1.528
71644,109,125,16,47,69,22,0.378,1.528
71646,118,133,15,52,75,23,0.389,1.617
71647,117,133,16,54,77,23,0.306,1.561
71651,119,134,15,57,79,22,0.306,1.561
71652,110,126,16,49,71,22,0.378,1.478
71653,119,134,15,55,77,22,0.456,1.639
71654,118,132,14,55,77,22,0.294,1.622
71655,112,128,16,46,69,23,0.317,1.533
71658,121,136,15,55,78,23,0.389,1.617
71659,109,124,15,46,68,22,0.356,1.433
71660,112,127,15,49,72,23,0.378,1.478
71661,122,137,15,57,80,23,0.389,1.617
71662,115,130,15,52,75,23,0.294,1.622
71663,122,137,15,56,80,24,0.456,1.639
71665,110,126,16,48,70,22,0.378,1.478
71666,111,126,15,48,70,22,,
71667,110,126,16,46,69,23,0.378,1.528
71670,114,129,15,50,73,23,0.294,1.622
71671,112,128,16,48,71,23,0.306,1.561
71674,110,126,16,47,70,23,0.294,1.622
71675,114,130,16,49,72,23,0.317,1.533
71676,122,137,15,57,80,23,0.389,1.617
71677,114,129,15,51,74,23,0.317,1.533
71701,115,130,15,55,77,22,0.322,1.494
71711,115,130,15,54,76,22,,
71720,111,126,15,50,72,22,0.322,1.494
71722,113,128,15,54,76,22,0.311,1.806
71724,117,132,15,56,78,22,0.517,1.744
71725,108,124,16,47,69,22,0.444,1.722
71726,113,128,15,54,75,21,0.322,1.494
71730,119,134,15,58,80,22,0.517,1.744
71740,121,136,15,61,83,22,0.517,1.767
71742,109,125,16,48,70,22,0.444,1.722
71743,112,127,15,54,75,21,0.444,1.794
71744,115,131,16,54,76,22,0.261,1.394
71745,115,130,15,52,75,23,0.261,1.394
71747,122,137,15,59,82,23,0.517,1.744
71749,122,136,15,61,83,22,0.517,1.744
71751,117,133,16,57,79,22,0.322,1.494
71752,116,132,16,56,79,23,0.517,1.767
71753,118,134,16,58,80,22,0.517,1.767
71758,118,133,15,58,80,22,0.517,1.744
71759,118,133,15,57,79,22,0.517,1.744
71762,118,133,15,57,79,22,0.517,1.744
71763,110,125,15,52,73,21,0.444,1.722
71764,116,132,16,57,78,21,0.322,1.494
71765,121,136,15,59,81,22,0.517,1.744
71766,109,125,16,48,70,22,0.261,1.394
71770,117,132,15,58,80,22,0.517,1.767
71772,113,128,15,55,76,21,0.444,1.794
71801,112,128,16,54,77,23,0.322,1.750
71820,116,132,16,58,81,23,0.261,1.439
71822,116,132,16,58,80,22,0.261,1.439
71823,116,132,16,58,81,23,0.372,1.889
71825,110,126,16,53,75,22,0.322,1.750
71826,123,138,15,63,87,24,0.311,1.644
71827,117,133,16,59,81,22,0.311,1.644
71832,116,131,15,62,83,21,0.372,1.889
71833,107,123,16,51,73,22,0.328,1.611
71834,122,138,16,63,87,24,0.378,2.161
71835,115,130,15,57,79,22,0.311,1.806
71836,117,133,16,60,83,23,0.261,1.439
71837,120,135,15,61,84,23,0.378,2.161
71838,116,132,16,58,80,22,0.322,1.750
71839,119,134,15,59,82,23,0.378,2.161
71841,109,125,16,55,77,22,0.372,1.889
71842,116,132,16,60,82,22,0.372,1.889
71845,118,133,15,58,81,23,0.311,1.644
71846,114,130,16,57,79,22,0.372,1.889
71847,109,125,16,52,74,22,0.322,1.750
71851,115,131,16,57,79,22,0.328,1.611
71852,108,124,16,50,73,23,0.328,1.611
71853,116,132,16,57,80,23,0.261,1.439
71854,117,132,15,58,81,23,0.378,2.161
71855,111,127,16,53,75,22,0.322,1.750
71857,115,130,15,57,79,22,0.311,1.806
71858,114,130,16,55,77,22,0.311,1.806
71859,115,131,16,56,79,23,0.322,1.750
71860,117,133,16,58,81,23,0.311,1.644
71861,122,138,15,62,86,23,0.311,1.644
71862,112,128,16,54,77,23,0.322,1.750
71865,116,132,16,57,80,23,0.261,1.439
71866,116,132,16,60,82,22,0.261,1.439
71901,107,122,15,51,71,20,0.300,1.506
71909,103,119,16,48,68,20,0.300,1.506
71913,104,120,16,48,69,21,0.300,1.506
71921,103,118,15,47,68,21,0.444,1.794
71922,111,126,15,54,75,21,0.322,1.806
71923,111,126,15,52,73,21,0.444,1.794
71929,106,121,15,48,69,21,0.372,1.550
71933,99,115,16,44,65,21,0.300,1.506
71935,97,113,16,44,65,21,0.233,1.283
71937,95,112,17,42,64,22,0.256,1.461
71940,109,125,16,52,74,22,0.322,1.806
71941,108,123,15,49,70,21,0.372,1.550
71943,100,116,16,46,67,21,0.322,1.806
71944,103,120,17,50,71,21,0.256,1.461
71945,95,111,16,42,63,21,0.256,1.461
71949,98,114,16,44,64,20,0.300,1.506
71950,99,115,16,45,66,21,0.322,1.806
71952,98,115,17,45,66,21,0.322,1.806
71953,93,109,16,40,61,21,0.256,1.461
71956,100,115,15,45,65,20,0.300,1.506
71957,97,112,15,44,65,21,0.233,1.283
71958,100,117,17,44,66,22,0.322,1.806
71959,99,115,16,44,65,21,0.322,1.806
71960,96,112,16,44,64,20,0.233,1.283
71961,99,114,15,47,68,21,0.233,1.283
71962,111,126,15,53,74,21,0.444,1.794
71964,101,117,16,45,65,20,0.300,1.506
71965,99,114,15,48,68,20,0.233,1.283
71968,99,115,16,43,64,21,0.300,1.506
71969,98,114,16,47,67,20,0.233,1.283
71970,99,114,15,47,67,20,0.233,1.283
71971,98,114,16,44,65,21,0.328,1.611
71972,95,112,17,42,63,21,0.256,1.461
71973,100,116,16,46,68,22,0.256,1.461
71998,112,127,15,53,74,21,0.444,1.794
71999,112,127,15,53,74,21,0.444,1.794
72001,104,119,15,50,70,20,0.439,1.533
72002,104,120,16,46,67,21,0.328,1.367
72003,104,120,16,43,64,21,0.256,1.444
72004,107,123,16,46,68,22,0.356,1.433
72005,97,114,17,42,62,20,0.256,1.578
72006,100,116,16,42,64,22,0.233,1.472
72007,98,114,16,40,61,21,0.294,1.222
72010,98,115,17,41,63,22,0.300,1.433
72011,106,122,16,48,69,21,0.328,1.367
72012,101,117,16,42,64,22,0.300,1.433
72013,89,105,16,36,55,19,0.211,1.189
72014,98,114,16,42,63,21,0.256,1.578
72015,106,121,15,48,69,21,0.328,1.367
72016,104,119,15,50,70,20,0.439,1.533
72017,100,116,16,41,62,21,0.250,1.472
72019,105,120,15,47,68,21,0.328,1.367
72020,94,111,17,37,59,22,0.300,1.433
72021,97,114,17,38,60,22,0.222,1.478
72022,104,120,16,46,67,21,0.328,1.367
72023,98,114,16,40,61,21,0.294,1.222
72024,101,117,16,42,63,21,0.294,1.222
72025,102,117,15,48,68,20,0.439,1.533
72026,103,119,16,42,64,22,0.256,1.444
72027,95,112,17,42,62,20,0.439,1.667
72029,100,116,16,39,61,22,0.222,1.478
72030,96,112,16,43,64,21,0.439,1.667
72031,84,101,17,32,51,19,0.211,1.189
72032,104,119,15,49,70,21,0.300,1.367
72034,105,120,15,50,71,21,0.300,1.367
72035,105,120,15,50,71,21,0.300,1.367
72036,101,116,15,42,63,21,0.233,1.472
72037,102,119,17,42,63,21,0.294,1.222
72038,105,121,16,44,66,22,0.256,1.444
72039,94,110,16,40,60,20,0.300,1.367
72040,102,117,15,43,64,21,0.250,1.472
72041,100,116,16,40,61,21,0.250,1.472
72042,106,122,16,45,67,22,0.256,1.444
72044,86,103,17,34,53,19,0.233,1.144
72045,99,115,16,42,63,21,0.300,1.433
72046,101,118,17,41,62,21,0.294,1.222
72047,99,115,16,44,65,21,0.300,1.367
72048,107,123,16,46,68,22,0.256,1.444
72051,74,91,17,25,42,17,0.267,1.000
72055,107,123,16,44,66,22,0.256,1.444
72057,108,124,16,47,69,22,0.294,1.389
72058,99,115,16,44,65,21,0.300,1.367
72059,101,117,16,43,64,21,0.233,1.472
72060,102,118,16,44,65,21,0.300,1.433
72061,91,107,16,37,57,20,0.300,1.367
72063,102,117,15,48,69,21,0.439,1.667
72064,101,117,16,41,63,22,0.250,1.472
72065,107,122,15,48,69,21,0.328,1.367
72067,88,106,18,36,56,20,0.233,1.144
72068,104,120,16,46,68,22,0.300,1.433
72069,103,119,16,43,64,21,0.222,1.478
72070,104,119,15,50,70,20,0.439,1.533
72072,105,121,16,44,65,21,0.294,1.222
72073,106,122,16,45,66,21,0.256,1.444
72074,101,116,15,42,63,21,0.233,1.472
72076,101,117,16,44,65,21,0.289,1.294
72079,105,121,16,46,67,21,0.356,1.433
72080,82,99,17,31,50,19,0.439,1.667
72081,100,117,17,43,64,21,0.300,1.433
72082,104,120,16,46,68,22,0.300,1.433
72083,99,116,17,38,60,22,0.294,1.222
72084,106,122,16,46,68,22,0.294,1.389
72085,103,119,16,46,68,22,0.300,1.433
72086,101,117,16,41,63,22,0.294,1.222
72087,104,119,15,47,68,21,0.328,1.367
72088,90,107,17,37,57,20,0.211,1.189
72101,100,116,16,42,63,21,0.233,1.472
72102,102,118,16,44,65,21,0.300,1.433
72103,105,121,16,47,68,21,0.328,1.367
72104,107,122,15,48,69,21,0.372,1.550
72106,104,119,15,48,69,21,0.300,1.367
72107,105,120,15,51,71,20,0.439,1.667
72108,101,117,16,41,62,21,0.222,1.478
72110,106,120,14,52,72,20,0.439,1.667
72111,96,112,16,41,62,21,0.300,1.367
72112,98,114,16,42,63,21,0.256,1.578
72113,103,119,16,47,68,21,0.289,1.294
72114,105,120,15,47,69,22,0.289,1.294
72116,104,120,16,48,69,21,0.289,1.294
72117,104,119,15,46,68,22,0.289,1.294
72118,104,119,15,48,69,21,0.289,1.294
72120,104,119,15,47,68,21,0.289,1.294
72121,98,114,16,42,63,21,0.300,1.433
72122,101,117,16,45,66,21,0.328,1.367
72123,100,116,16,42,63,21,0.233,1.472
72125,105,120,15,52,72,20,0.439,1.533
72126,103,118,15,49,69,20,0.439,1.533
72127,105,120,15,51,72,21,0.439,1.667
72128,108,123,15,49,70,21,0.294,1.389
72129,107,123,16,48,69,21,0.294,1.389
72130,79,97,18,28,46,18,0.233,1.144
72131,87,104,17,34,54,20,0.233,1.144
72132,105,121,16,45,67,22,0.356,1.433
72134,101,117,16,40,61,21,0.222,1.478
72135,104,119,15,48,69,21,0.289,1.294
72136,95,111,16,39,60,21,0.300,1.433
72137,87,104,17,34,53,19,0.300,1.433
72139,98,115,17,41,63,22,0.300,1.433
72140,107,123,16,46,68,22,0.256,1.444
72141,89,106,17,37,56,19,0.211,1.189
72142,101,117,16,41,63,22,0.289,1.294
72143,104,120,16,46,68,22,0.300,1.433
72149,106,122,16,47,69,22,0.300,1.433
72150,107,123,16,48,69,21,0.294,1.389
72152,108,123,15,48,69,21,0.356,1.433
72153,85,102,17,33,52,19,0.211,1.189
72156,103,118,15,49,69,20,0.439,1.667
72157,101,117,16,47,68,21,0.439,1.667
72160,105,120,15,43,65,22,0.256,1.444
72165,96,113,17,40,62,22,0.261,1.411
72166,108,124,16,46,68,22,0.256,1.444
72167,107,123,16,49,70,21,0.328,1.367
72168,106,122,16,46,67,21,0.356,1.433
72169,99,115,16,42,63,21,0.256,1.578
72170,102,118,16,41,63,22,0.250,1.472
72173,100,116,16,45,66,21,0.300,1.367
72175,106,122,16,45,67,22,0.356,1.433
72176,99,115,16,40,62,22,0.294,1.222
72179,94,110,16,39,60,21,0.233,1.144
72181,103,119,16,49,70,21,0.300,1.367
72201,104,119,15,47,68,21,0.289,1.294
72202,104,119,15,47,68,21,0.289,1.294
72204,103,119,16,46,67,21,0.289,1.294
72205,103,118,15,46,67,21,0.289,1.294
72206,104,120,16,46,67,21,0.289,1.294
72207,103,118,15,46,67,21,0.289,1.294
72209,103,119,16,45,67,22,0.289,1.294
72210,103,119,16,46,67,21,0.289,1.294
72211,103,118,15,46,67,21,0.289,1.294
72212,103,118,15,47,68,21,0.289,1.294
72223,103,118,15,47,68,21,0.289,1.294
72227,103,118,15,47,68,21,0.289,1.294
72301,102,118,16,44,66,22,0.344,1.956
72311,103,118,15,43,64,21,0.261,1.656
72315,95,112,17,41,62,21,0.428,2.117
72320,103,119,16,43,65,22,0.261,1.656
72321,96,113,17,41,62,21,0.428,2.117
72322,100,116,16,41,62,21,0.294,1.806
72324,99,115,16,42,63,21,0.217,1.661
72325,100,117,17,43,65,22,0.344,1.956
72326,100,116,16,42,63,21,0.294,1.806
72327,101,117,16,43,64,21,0.344,1.956
72328,109,124,15,47,69,22,0.267,1.661
72329,97,114,17,42,63,21,0.428,2.117
72330,99,115,16,43,64,21,0.428,2.117
72331,100,117,17,42,64,22,0.344,1.956
72333,108,124,16,47,68,21,0.267,1.661
72335,100,116,16,41,62,21,0.294,1.806
72338,100,118,17,44,66,22,0.428,2.117
72339,100,117,17,43,65,22,0.344,1.956
72340,101,116,15,42,63,21,0.294,1.806
72341,102,118,16,43,64,21,0.261,1.656
72342,107,123,16,47,69,22,0.267,1.661
72346,102,118,16,43,65,22,0.294,1.806
72347,99,115,16,42,63,21,0.217,1.661
72348,103,119,16,44,66,22,0.344,1.956
72350,100,116,16,44,65,21,0.428,2.117
72351,97,114,17,42,63,21,0.428,2.117
72353,107,123,16,46,68,22,0.267,1.661
72354,100,116,16,44,65,21,0.278,1.850
72355,105,121,16,44,66,22,0.267,1.661
72358,96,113,17,41,62,21,0.428,2.117
72359,102,117,15,42,64,22,0.294,1.806
72360,103,119,16,43,64,22,0.261,1.656
72364,101,118,17,44,65,21,0.344,1.956
72365,101,117,16,45,66,21,0.278,1.850
72366,105,121,16,45,66,21,0.267,1.661
72367,108,124,16,47,69,22,0.267,1.661
72368,101,117,16,42,63,21,0.261,1.656
72370,96,113,17,40,62,22,0.428,2.117
72372,101,117,16,42,63,21,0.294,1.806
72373,101,117,16,43,64,21,0.217,1.661
72374,105,121,16,45,66,21,0.267,1.661
72376,102,118,16,45,66,21,0.344,1.956
72377,99,116,17,43,64,21,0.278,1.850
72379,109,124,15,47,69,22,0.294,1.622
72383,105,121,16,45,66,21,0.267,1.661
72384,100,117,17,43,64,21,0.344,1.956
72386,100,117,17,43,65,22,0.278,1.850
72389,107,123,16,47,68,21,0.267,1.661
72390,106,122,16,45,67,22,0.267,1.661
72392,100,116,16,41,62,21,0.294,1.806
72394,102,118,16,43,64,21,0.294,1.806
72395,99,116,17,43,65,22,0.428,2.117
72396,100,116,16,42,63,21,0.217,1.661
72401,95,112,17,39,60,21,0.256,1.800
72404,96,113,17,40,61,21,0.256,1.800
72410,96,113,17,42,63,21,0.283,1.728
72411,98,115,17,42,63,21,0.256,1.800
72412,92,110,18,38,59,21,0.311,1.744
72413,91,109,18,37,58,21,0.222,1.417
72414,98,114,16,42,64,22,0.256,1.800
72415,91,109,18,39,59,20,0.283,1.728
72416,94,112,18,39,60,21,0.256,1.800
72417,96,113,17,40,62,22,0.256,1.800
72419,98,115,17,42,64,22,0.256,1.800
72421,96,113,17,41,62,21,0.256,1.800
72422,91,109,18,38,59,21,0.406,2.117
72424,91,109,18,38,59,21,0.406,2.117
72425,92,110,18,39,60,21,0.311,1.744
72426,96,113,17,41,62,21,0.428,2.117
72427,96,112,16,40,61,21,0.256,1.800
72428,97,113,16,41,62,21,0.428,2.117
72429,98,114,16,42,63,21,0.278,1.850
72430,93,110,17,40,61,21,0.406,2.117
72431,97,114,17,42,63,21,0.256,1.578
72432,98,115,17,42,63,21,0.278,1.850
72433,94,111,17,41,61,20,0.283,1.728
72434,91,108,17,38,58,20,0.222,1.417
72435,92,109,17,38,59,21,0.406,2.117
72436,91,108,17,37,58,21,0.311,1.744
72437,98,114,16,42,63,21,0.256,1.800
72438,96,113,17,41,62,21,0.428,2.117
72440,96,112,16,43,63,20,0.283,1.728
72441,89,106,17,36,57,21,0.406,2.117
72442,96,113,17,41,62,21,0.428,2.117
72443,94,111,17,39,61,22,0.311,1.744
72444,90,107,17,37,58,21,0.222,1.417
72445,94,112,18,41,61,20,0.283,1.728
72447,97,114,17,41,63,22,0.256,1.800
72449,92,109,17,38,59,21,0.222,1.417
72450,93,111,18,38,60,22,0.311,1.744
72453,92,109,17,38,59,21,0.406,2.117
72454,91,108,17,38,59,21,0.406,2.117
72455,90,108,18,37,57,20,0.222,1.417
72456,88,106,18,36,57,21,0.406,2.117
72457,93,110,17,40,60,20,0.283,1.728
72458,94,111,17,41,61,20,0.283,1.728
72459,88,106,18,37,57,20,0.283,1.728
72460,89,106,17,38,57,19,0.222,1.417
72461,93,110,17,39,60,21,0.406,2.117
72462,91,109,18,38,59,21,0.222,1.417
72464,89,107,18,37,58,21,0.406,2.117
72466,93,111,18,41,61,20,0.283,1.728
72469,95,112,17,42,62,20,0.283,1.728
72470,92,109,17,38,59,21,0.406,2.117
72471,97,114,17,42,63,21,0.256,1.578
72472,101,117,16,44,66,22,0.278,1.850
72473,98,114,16,43,64,21,0.256,1.578
72476,93,110,17,39,59,20,0.283,1.728
72478,89,106,17,38,58,20,0.222,1.417
72479,97,114,17,42,63,21,0.278,1.850
72482,89,107,18,38,58,20,0.256,1.250
72501,89,107,18,35,55,20,0.261,1.411
72512,85,103,18,34,53,19,0.300,1.006
72513,86,103,17,35,53,18,0.256,1.250
72515,79,97,18,29,48,19,0.217,1.017
72517,84,101,17,33,51,18,0.300,1.006
72519,83,101,18,32,51,19,0.300,1.006
72520,83,101,18,33,52,19,0.217,1.017
72521,88,106,18,35,54,19,0.256,1.250
72522,90,108,18,36,56,20,0.261,1.411
72523,79,97,18,26,44,18,0.233,1.144
72524,96,113,17,42,63,21,0.261,1.411
72526,89,107,18,35,55,20,0.261,1.411
72527,89,107,18,35,55,20,0.261,1.411
72528,80,98,18,30,48,18,0.300,1.006
72529,84,102,18,33,52,19,0.256,1.250
72530,83,100,17,31,50,19,0.233,1.144
72531,82,100,18,32,50,18,0.189,0.883
72532,92,109,17,40,59,19,0.256,1.250
72533,84,101,17,33,51,18,0.267,1.000
72534,83,101,18,29,49,20,0.261,1.411
72536,87,105,18,36,54,18,0.300,1.006
72537,83,101,18,33,51,18,0.189,0.883
72538,80,98,18,30,48,18,0.217,1.017
72539,82,100,18,32,50,18,0.217,1.017
72540,89,107,18,37,56,19,0.300,1.006
72542,86,103,17,35,54,19,0.256,1.250
72543,90,107,17,36,56,20,0.233,1.144
72544,81,99,18,31,50,19,0.189,0.883
72546,79,96,17,27,45,18,0.233,1.144
72550,83,101,18,30,49,19,0.261,1.411
72553,95,112,17,40,61,21,0.261,1.411
72554,82,100,18,32,50,18,0.217,1.017
72555,91,108,17,37,57,20,0.267,1.000
72556,87,104,17,35,54,19,0.300,1.006
72560,81,99,18,31,49,18,0.267,1.000
72561,89,107,18,36,56,20,0.300,1.006
72562,96,112,16,41,62,21,0.261,1.411
72564,96,112,16,40,61,21,0.261,1.411
72565,81,99,18,31,49,18,0.300,1.006
72566,81,99,18,31,49,18,0.300,1.006
72567,90,108,18,37,57,20,0.267,1.000
72568,85,103,18,30,50,20,0.261,1.411
72569,92,109,17,40,59,19,0.256,1.250
72571,93,110,17,38,59,21,0.261,1.411
72572,96,113,17,43,63,20,0.283,1.728
72573,86,104,18,35,53,18,0.300,1.006
72576,80,98,18,30,49,19,0.217,1.017
72577,87,105,18,35,54,19,0.256,1.250
72578,80,98,18,30,49,19,0.217,1.017
72579,91,109,18,37,57,20,0.261,1.411
72581,88,106,18,36,56,20,0.233,1.144
72583,77,95,18,28,46,18,0.217,1.017
72584,84,101,17,33,51,18,0.300,1.006
72585,82,100,18,32,50,18,0.300,1.006
72587,84,102,18,33,52,19,0.300,1.006
72601,71,90,19,21,40,19,0.083,0.578
72611,64,84,20,17,35,18,0.089,0.567
72616,74,93,19,23,43,20,0.089,0.567
72617,77,95,18,27,45,18,0.189,0.883
72619,83,100,17,31,50,19,0.122,0.700
72623,81,99,18,31,49,18,0.189,0.883
72624,59,78,19,13,29,16,0.117,0.617
72626,84,102,18,32,50,18,0.189,0.883
72628,56,76,20,13,28,15,0.117,0.617
72629,71,89,18,22,40,18,0.211,1.189
72630,80,99,19,30,49,19,,
72631,75,95,20,25,45,20,0.089,0.567
72632,75,95,20,25,45,20,0.089,0.567
72633,77,95,18,26,45,19,0.083,0.578
72634,82,100,18,31,49,18,0.122,0.700
72635,81,99,18,29,48,19,0.189,0.883
72638,70,89,19,20,40,20,0.089,0.567
72639,78,96,18,28,47,19,0.139,0.744
72640,78,95,17,27,46,19,0.117,0.617
72641,65,84,19,17,35,18,0.117,0.617
72642,80,98,18,29,48,19,0.189,0.883
72644,80,98,18,30,49,19,0.083,0.578
72645,70,88,18,21,39,18,0.139,0.744
72648,76,94,18,25,44,19,0.117,0.617
72650,72,90,18,23,41,18,0.139,0.744
72651,76,95,19,27,45,18,0.189,0.883
72653,80,98,18,29,48,19,0.189,0.883
72655,70,88,18,21,39,18,0.117,0.617
72658,82,100,18,31,49,18,0.189,0.883
72660,71,90,19,21,41,20,0.089,0.567
72661,79,97,18,29,48,19,0.122,0.700
72662,72,91,19,22,42,20,0.083,0.578
72663,81,99,18,31,49,18,0.267,1.000
72666,62,81,19,16,33,17,0.117,0.617
72668,78,97,19,28,47,19,0.122,0.700
72669,76,94,18,26,44,18,0.139,0.744
72670,58,78,20,13,29,16,0.117,0.617
72672,76,95,19,26,45,19,0.122,0.700
72675,83,100,17,32,50,18,0.139,0.744
72677,85,103,18,33,52,19,0.122,0.700
72679,60,79,19,14,31,17,0.211,1.189
72680,78,96,18,29,47,18,0.267,1.000
72682,77,95,18,26,45,19,0.122,0.700
72683,73,91,18,24,42,18,0.117,0.617
72685,77,94,17,26,45,19,0.117,0.617
72686,62,80,18,15,32,17,0.139,0.744
72687,79,97,18,28,47,19,0.122,0.700
72701,74,93,19,25,44,19,0.106,0.567
72703,74,93,19,24,44,20,0.106,0.567
72704,76,95,19,26,46,20,0.106,0.567
72712,73,92,19,23,43,20,0.100,0.761
72714,74,94,20,24,44,20,0.100,0.761
72715,77,96,19,27,47,20,0.100,0.761
72717,73,93,20,24,43,19,0.106,0.567
72718,74,93,19,24,44,20,0.100,0.761
72719,74,93,19,24,44,20,0.100,0.761
72721,63,83,20,15,33,18,0.083,0.483
72722,77,96,19,27,47,20,0.100,0.761
72727,71,90,19,22,41,19,0.106,0.567
72729,72,91,19,22,42,20,0.106,0.567
72730,74,94,20,25,44,19,0.106,0.567
72732,72,92,20,22,42,20,0.100,0.761
72734,76,95,19,26,46,20,0.100,0.761
72736,83,101,18,33,53,20,0.100,0.761
72738,73,93,20,23,43,20,0.083,0.483
72739,75,94,19,25,45,20,0.100,0.761
72740,71,90,19,21,40,19,0.083,0.483
72742,62,82,20,15,33,18,0.083,0.483
72744,73,93,20,23,42,19,0.106,0.567
72745,73,92,19,22,42,20,0.100,0.761
72747,86,104,18,36,57,21,0.100,0.761
72749,76,95,19,26,46,20,0.106,0.567
72751,72,91,19,20,41,21,0.100,0.761
72752,63,83,20,16,34,18,0.083,0.483
72753,75,94,19,25,44,19,0.106,0.567
72756,72,91,19,21,41,20,0.100,0.761
72758,73,92,19,22,42,20,0.100,0.761
72760,61,81,20,14,31,17,0.083,0.483
72761,77,96,19,28,47,19,0.100,0.761
72762,75,94,19,25,44,19,0.106,0.567
72764,74,93,19,24,43,19,0.106,0.567
72768,86,104,18,36,56,20,0.100,0.761
72769,76,96,20,26,46,20,0.106,0.567
72773,71,90,19,21,41,20,0.083,0.483
72774,69,89,20,20,39,19,0.106,0.567
72776,64,84,20,16,34,18,0.083,0.483
72801,107,122,15,54,74,20,0.461,1.883
72802,105,120,15,52,72,20,0.461,1.883
72821,101,117,16,50,71,21,0.389,2.072
72823,106,121,15,53,73,20,0.461,1.883
72824,103,119,16,51,71,20,0.461,2.133
72826,104,119,15,55,74,19,0.650,2.833
72827,102,117,15,51,71,20,0.461,2.133
72828,103,118,15,52,72,20,0.461,2.133
72830,99,114,15,47,68,21,0.311,1.700
72832,104,120,16,53,73,20,0.311,1.700
72833,102,117,15,50,70,20,0.461,2.133
72834,105,120,15,52,72,20,0.461,2.133
72835,102,117,15,49,70,21,0.650,2.833
72837,100,115,15,47,67,20,0.461,1.883
72838,103,118,15,53,72,19,0.461,2.133
72839,83,100,17,33,52,19,0.311,1.700
72840,101,117,16,50,70,20,0.311,1.700
72841,102,117,15,51,71,20,0.367,1.844
72842,102,117,15,51,71,20,0.461,2.133
72843,91,108,17,39,59,20,0.461,1.883
72845,103,118,15,50,71,21,0.311,1.700
72846,99,115,16,47,68,21,0.311,1.700
72847,104,119,15,51,71,20,0.461,1.883
72851,102,117,15,49,70,21,0.650,2.833
72852,68,87,19,20,38,18,0.311,1.700
72853,101,116,15,48,67,19,0.461,2.133
72854,68,87,19,20,38,18,0.311,1.700
72855,101,117,16,50,70,20,0.650,2.833
72856,60,79,19,15,31,16,0.461,1.883
72857,100,115,15,47,67,20,0.461,2.133
72858,106,121,15,53,73,20,0.461,1.883
72860,101,117,16,50,70,20,0.461,2.133
72863,104,119,15,52,72,20,0.650,2.833
72865,100,116,16,49,69,20,0.650,2.833
72901,102,118,16,50,71,21,0.450,2.106
72903,102,118,16,51,72,21,0.450,2.106
72904,103,119,16,52,73,21,0.450,2.106
72908,101,117,16,49,70,21,0.450,2.106
72916,102,118,16,50,71,20,0.450,2.106
72921,102,118,16,51,71,20,0.233,1.478
72923,102,118,16,51,72,21,0.450,2.106
72926,96,112,16,44,64,20,0.367,1.844
72927,109,124,15,59,78,19,0.650,2.833
72928,107,122,15,57,77,20,0.389,2.072
72930,98,114,16,47,68,21,0.389,2.072
72932,91,108,17,40,61,21,0.233,1.478
72933,105,120,15,54,74,20,0.389,2.072
72934,82,100,18,31,52,21,0.233,1.478
72935,104,120,16,53,73,20,0.233,1.478
72936,102,118,16,51,71,20,0.450,2.106
72937,101,117,16,50,70,20,0.450,2.106
72938,100,116,16,48,68,20,0.450,2.106
72940,103,119,16,52,72,20,0.450,2.106
72941,103,119,16,52,72,20,0.450,2.106
72943,105,120,15,55,75,20,0.650,2.833
72944,101,117,16,49,69,20,0.450,2.106
72945,103,118,15,52,72,20,0.450,2.106
72946,88,105,17,36,57,21,0.233,1.478
72947,100,116,16,50,70,20,0.233,1.478
72948,87,104,17,37,57,20,0.233,1.478
72949,96,112,16,46,66,20,0.389,2.072
72950,102,117,15,51,70,19,0.367,1.844
72951,106,121,15,55,75,20,0.650,2.833
72952,96,113,17,45,66,21,0.233,1.478
72955,93,110,17,42,63,21,0.233,1.478
72956,102,118,16,51,72,21,0.233,1.478
72958,102,118,16,51,71,20,0.367,1.844
72959,70,89,19,20,39,19,0.106,0.567
73002,100,116,16,45,65,20,0.256,0.633
73003,94,110,16,40,60,20,0.122,0.528
73004,100,116,16,45,65,20,0.256,0.633
73005,97,113,16,39,60,21,0.150,0.356
73006,100,115,15,43,64,21,0.150,0.356
73007,96,112,16,43,63,20,0.122,0.528
73008,89,106,17,34,54,20,0.122,0.528
73009,97,113,16,40,61,21,0.150,0.356
73010,96,113,17,40,61,21,0.233,0.717
73011,100,117,17,44,65,21,0.256,0.633
73012,94,110,16,40,60,20,0.122,0.528
73013,93,110,17,39,59,20,0.122,0.528
73014,94,109,15,38,58,20,0.111,0.294
73015,99,115,16,42,62,20,0.150,0.356
73016,96,112,16,43,63,20,0.167,0.456
73017,98,114,16,41,62,21,0.256,0.633
73018,104,120,16,48,69,21,0.256,0.633
73019,96,112,16,40,61,21,0.189,0.600
73020,93,110,17,39,60,21,0.122,0.528
73021,98,113,15,40,60,20,0.094,0.289
73024,97,112,15,40,60,20,0.094,0.289
73025,95,111,16,42,62,20,0.122,0.528
73026,97,114,17,43,64,21,0.189,0.600
73027,96,112,16,44,64,20,0.106,0.600
73028,97,112,15,45,64,19,0.106,0.600
73029,98,114,16,41,62,21,0.150,0.356
73030,102,118,16,44,66,22,0.150,0.778
73032,104,120,16,47,69,22,0.150,0.778
73033,99,114,15,41,61,20,0.150,0.356
73034,95,111,16,42,62,20,0.122,0.528
73036,94,109,15,37,57,20,0.111,0.294
73038,99,115,16,42,62,20,0.150,0.356
73040,92,108,16,35,55,20,0.094,0.367
73041,100,115,15,43,63,20,0.122,0.317
73042,97,113,16,39,60,21,0.150,0.356
73043,94,109,15,37,57,20,0.094,0.367
73044,97,113,16,45,65,20,0.106,0.600
73045,95,111,16,41,62,21,0.122,0.528
73047,93,109,16,37,57,20,0.150,0.356
73048,95,111,16,38,58,20,0.150,0.356
73049,94,110,16,40,61,21,0.122,0.528
73050,96,112,16,44,64,20,0.106,0.600
73051,99,115,16,43,65,22,0.189,0.600
73052,100,117,17,44,65,21,0.161,0.583
73053,96,112,16,39,59,20,0.150,0.356
73054,97,112,15,44,64,20,0.122,0.528
73055,98,114,16,40,60,20,0.150,0.500
73056,97,112,15,46,65,19,0.106,0.600
73057,102,118,16,45,67,22,0.161,0.583
73058,97,113,16,45,65,20,0.106,0.600
73059,95,111,16,39,59,20,0.256,0.633
73061,94,110,16,44,63,19,0.089,0.589
73062,99,114,15,42,62,20,0.122,0.317
73063,96,112,16,45,64,19,0.106,0.600
73064,89,106,17,33,53,20,0.111,0.294
73065,94,110,16,38,58,20,0.233,0.717
73066,93,109,16,39,59,20,0.122,0.528
73067,100,117,17,44,65,21,0.256,0.633
73068,97,113,16,42,63,21,0.189,0.600
73069,96,112,16,40,61,21,0.189,0.600
73071,96,112,16,40,61,21,0.189,0.600
73072,96,112,16,40,61,21,0.189,0.600
73073,96,111,15,45,64,19,0.106,0.600
73074,103,118,15,46,68,22,0.161,0.583
73075,104,120,16,47,68,21,0.161,0.583
73077,98,113,15,48,67,19,0.089,0.589
73078,94,110,16,39,59,20,0.111,0.294
73079,100,116,16,44,65,21,0.256,0.633
73080,99,115,16,43,64,21,0.233,0.717
73082,96,113,17,38,59,21,0.256,0.633
73084,92,109,17,38,58,20,0.122,0.528
73086,99,115,16,42,64,22,0.150,0.778
73089,93,109,16,37,57,20,0.256,0.633
73090,94,111,17,38,58,20,0.111,0.294
73092,101,117,16,45,65,20,0.256,0.633
73093,97,113,16,42,62,20,0.233,0.717
73095,99,116,17,43,64,21,0.233,0.717
73096,94,109,15,37,57,20,0.056,0.200
73097,90,106,16,34,54,20,0.122,0.528
73098,102,118,16,45,67,22,0.161,0.583
73099,90,106,16,34,54,20,0.111,0.294
73102,91,108,17,36,57,21,0.122,0.528
73103,92,108,16,37,57,20,0.122,0.528
73104,91,108,17,37,57,20,0.122,0.528
73105,92,109,17,38,58,20,0.122,0.528
73106,92,108,16,36,57,21,0.122,0.528
73107,91,108,17,36,56,20,0.122,0.528
73108,91,108,17,36,56,20,0.122,0.528
73109,91,107,16,35,56,21,0.122,0.528
73110,90,107,17,35,56,21,0.122,0.528
73111,92,109,17,38,58,20,0.122,0.528
73112,91,108,17,36,56,20,0.122,0.528
73114,93,109,16,38,58,20,0.122,0.528
73115,90,107,17,35,56,21,0.122,0.528
73116,92,109,17,37,58,21,0.122,0.528
73117,92,108,16,37,57,20,0.122,0.528
73118,92,108,16,37,57,20,0.122,0.528
73119,90,107,17,35,55,20,0.122,0.528
73120,92,109,17,37,58,21,0.122,0.528
73121,93,109,16,38,59,21,0.122,0.528
73122,90,106,16,34,54,20,0.122,0.528
73127,90,106,16,34,54,20,0.122,0.528
73128,89,106,17,34,54,20,0.122,0.528
73129,90,107,17,35,55,20,0.122,0.528
73130,91,107,16,36,56,20,0.122,0.528
73131,93,110,17,39,60,21,0.122,0.528
73132,89,106,17,33,53,20,0.122,0.528
73134,93,109,16,38,59,21,0.122,0.528
73135,90,107,17,35,56,21,0.122,0.528
73139,90,107,17,34,55,21,0.122,0.528
73141,92,109,17,37,58,21,0.122,0.528
73142,92,108,16,37,57,20,0.122,0.528
73145,90,106,16,34,55,21,0.122,0.528
73149,90,106,16,34,54,20,0.122,0.528
73150,92,109,17,38,58,20,0.122,0.528
73151,93,110,17,39,60,21,0.122,0.528
73159,90,107,17,34,55,21,0.122,0.528
73160,93,109,16,38,58,20,0.189,0.600
73162,91,108,17,36,56,20,0.122,0.528
73165,95,111,16,40,61,21,0.189,0.600
73169,90,106,16,34,54,20,0.122,0.528
73170,92,109,17,37,57,20,0.189,0.600
73173,91,108,17,36,56,20,0.189,0.600
73179,89,106,17,33,53,20,0.122,0.528
73401,111,127,16,57,79,22,0.178,0.944
73425,103,119,16,45,67,22,0.150,0.500
73430,108,124,16,51,73,22,0.144,0.811
73432,110,125,15,55,78,23,0.217,1.094
73433,102,119,17,45,67,22,0.161,0.583
73434,101,117,16,43,65,22,0.161,0.583
73437,106,122,16,50,72,22,0.178,0.944
73438,106,122,16,49,71,22,0.178,0.944
73439,108,124,16,50,73,23,0.172,0.828
73440,110,126,16,52,75,23,0.172,0.828
73441,108,124,16,50,72,22,0.144,0.811
73442,105,122,17,48,70,22,0.150,0.500
73443,110,126,16,55,77,22,0.178,0.944
73444,101,117,16,42,64,22,0.178,0.944
73446,110,126,16,53,76,23,0.172,0.828
73447,109,125,16,54,76,22,0.217,1.094
73448,108,124,16,50,73,23,0.144,0.811
73449,110,126,16,54,77,23,0.256,1.417
73450,110,125,15,55,77,22,0.217,1.094
73453,110,126,16,54,76,22,0.144,0.811
73455,110,126,16,55,77,22,0.217,1.094
73456,107,124,17,51,72,21,0.211,0.550
73458,107,123,16,52,74,22,0.178,0.944
73459,108,124,16,48,71,23,0.144,0.811
73460,110,126,16,55,77,22,0.217,1.094
73461,109,124,15,54,77,23,0.217,1.094
73463,107,123,16,51,73,22,0.178,0.944
73481,103,120,17,46,68,22,0.178,0.944
73487,103,119,16,45,67,22,0.178,0.944
73491,103,119,16,45,67,22,0.150,0.500
73501,106,122,16,52,72,20,0.139,0.344
73503,100,116,16,44,64,20,0.139,0.344
73505,105,120,15,50,70,20,0.139,0.344
73507,103,118,15,47,67,20,0.139,0.344
73520,111,126,15,55,75,20,0.211,0.550
73521,108,124,16,51,71,20,0.067,0.267
73526,102,118,16,44,65,21,0.067,0.267
73527,105,121,16,51,70,19,0.139,0.344
73528,111,126,15,58,77,19,0.139,0.344
73529,107,123,16,51,72,21,0.150,0.500
73530,110,126,16,55,75,20,0.111,0.322
73531,110,125,15,55,75,20,0.139,0.394
73532,108,124,16,52,72,20,0.067,0.267
73533,103,119,16,46,67,21,0.150,0.500
73537,108,125,17,52,73,21,0.067,0.267
73538,100,116,16,44,64,20,0.139,0.344
73539,108,124,16,51,72,21,0.067,0.267
73540,111,126,15,58,78,20,0.139,0.344
73541,99,114,15,42,62,20,0.139,0.344
73542,108,123,15,53,72,19,0.111,0.322
73543,109,124,15,55,75,20,0.139,0.344
73544,108,124,16,51,71,20,0.056,0.267
73546,110,125,15,55,75,20,0.111,0.322
73547,100,116,16,42,63,21,0.050,0.267
73548,111,127,16,56,76,20,0.211,0.550
73549,105,121,16,48,68,20,0.067,0.267
73550,108,124,16,50,71,21,0.056,0.267
73551,110,126,16,56,76,20,0.111,0.322
73552,103,119,16,47,67,20,0.139,0.344
73553,110,126,16,56,76,20,0.111,0.322
73554,105,121,16,46,67,21,0.050,0.267
73555,107,122,15,52,71,19,0.111,0.322
73556,106,122,16,49,69,20,0.067,0.267
73557,99,115,16,42,62,20,0.139,0.344
73559,101,117,16,44,64,20,0.122,0.317
73560,109,125,16,53,73,20,0.067,0.267
73562,110,126,16,56,76,20,0.139,0.394
73564,99,115,16,42,62,20,0.122,0.317
73565,111,127,16,55,76,21,0.211,0.550
73566,103,118,15,46,66,20,0.122,0.317
73567,100,116,16,43,63,20,0.139,0.344
73568,110,126,16,56,76,20,0.139,0.394
73569,111,127,16,54,75,21,0.211,0.550
73570,105,121,16,48,69,21,0.111,0.322
73571,101,117,16,40,61,21,0.056,0.267
73572,110,126,16,56,76,20,0.139,0.394
73573,113,128,15,56,77,21,0.211,0.550
73601,98,113,15,42,62,20,0.056,0.200
73620,96,111,15,39,59,20,0.056,0.200
73622,98,112,14,41,60,19,0.094,0.289
73624,91,106,15,30,49,19,0.094,0.289
73625,92,107,15,34,53,19,0.056,0.200
73626,90,106,16,29,49,20,0.094,0.289
73627,96,111,15,35,56,21,0.061,0.261
73628,86,102,16,25,43,18,0.022,0.100
73632,97,112,15,40,60,20,0.094,0.289
73638,82,98,16,21,38,17,0.022,0.100
73639,91,106,15,33,53,20,0.056,0.200
73641,92,108,16,32,52,20,0.094,0.289
73642,81,97,16,20,36,16,0.022,0.100
73644,89,105,16,27,46,19,0.061,0.261
73645,92,108,16,30,49,19,0.061,0.261
73646,91,106,15,34,53,19,0.078,0.278
73647,92,108,16,33,52,19,0.094,0.289
73650,88,104,16,28,47,19,0.022,0.100
73651,99,114,15,42,62,20,0.122,0.317
73654,86,101,15,27,45,18,0.078,0.278
73655,99,114,15,41,62,21,0.122,0.317
73658,87,103,16,31,49,18,0.078,0.278
73659,88,104,16,31,50,19,0.078,0.278
73660,81,98,17,19,36,17,0.022,0.100
73661,96,111,15,38,58,20,0.094,0.289
73662,94,110,16,34,54,20,0.061,0.261
73663,89,104,15,34,53,19,0.078,0.278
73664,96,112,16,37,58,21,0.094,0.289
73666,86,103,17,23,41,18,0.022,0.100
73667,90,105,15,34,53,19,0.078,0.278
73669,91,107,16,34,53,19,0.056,0.200
73673,100,116,16,40,61,21,0.050,0.267
73701,94,109,15,42,61,19,0.083,0.328
73703,93,107,14,40,59,19,0.083,0.328
73705,92,107,15,39,58,19,0.083,0.328
73716,94,109,15,42,61,19,0.128,0.250
73717,95,110,15,42,61,19,0.122,0.272
73718,98,112,14,46,65,19,0.078,0.344
73719,96,110,14,44,62,18,0.128,0.250
73720,96,110,14,44,63,19,0.083,0.328
73722,96,110,14,44,63,19,0.128,0.250
73724,90,105,15,35,53,18,0.094,0.367
73726,94,108,14,41,60,19,0.128,0.250
73727,93,108,15,41,60,19,0.083,0.328
73728,98,112,14,47,65,18,0.128,0.250
73729,98,112,14,46,65,19,0.078,0.344
73730,95,110,15,44,63,19,0.083,0.328
73731,96,110,14,44,63,19,0.122,0.272
73733,96,111,15,45,64,19,0.083,0.328
73734,98,112,14,46,65,19,0.167,0.456
73735,94,109,15,42,61,19,0.083,0.328
73736,94,109,15,43,62,19,0.083,0.328
73737,97,112,15,45,64,19,0.078,0.344
73738,93,107,14,42,60,18,0.083,0.328
73739,92,106,14,40,58,18,0.128,0.250
73741,91,105,14,38,57,19,0.128,0.250
73742,96,111,15,45,64,19,0.167,0.456
73743,94,108,14,43,61,18,0.083,0.328
73744,98,113,15,44,64,20,0.094,0.367
73746,96,110,14,43,62,19,0.122,0.272
73747,101,115,14,49,68,19,0.078,0.344
73749,94,108,14,43,62,19,0.128,0.250
73750,98,113,15,45,64,19,0.167,0.456
73753,95,110,15,44,63,19,0.083,0.328
73754,95,109,14,42,62,20,0.083,0.328
73755,91,105,14,36,55,19,0.094,0.367
73756,99,114,15,46,66,20,0.167,0.456
73757,96,111,15,45,64,19,0.089,0.589
73758,93,107,14,41,60,19,0.139,0.333
73759,96,110,14,46,64,18,0.139,0.333
73760,95,109,14,42,61,19,0.078,0.344
73761,95,109,14,45,63,18,0.139,0.333
73762,96,111,15,41,61,20,0.111,0.294
73763,101,115,14,49,68,19,0.094,0.367
73764,98,113,15,44,63,19,0.167,0.456
73766,97,112,15,47,66,19,0.139,0.333
73768,96,111,15,44,63,19,0.078,0.344
73771,95,109,14,44,63,19,0.139,0.333
73772,93,109,16,37,57,20,0.094,0.367
73773,93,108,15,41,60,19,0.083,0.328
73801,82,97,15,26,43,17,0.056,0.200
73832,77,93,16,18,35,17,0.022,0.100
73834,95,110,15,41,59,18,0.017,0.128
73835,86,101,15,29,47,18,0.078,0.278
73838,89,104,15,35,53,18,0.078,0.344
73840,80,95,15,22,39,17,0.022,0.100
73841,81,96,15,24,41,17,0.056,0.200
73842,90,104,14,35,53,18,0.122,0.272
73843,80,96,16,22,39,17,0.022,0.100
73844,84,98,14,26,44,18,0.017,0.111
73848,83,98,15,25,42,17,0.017,0.128
73851,83,98,15,26,44,18,0.017,0.128
73852,88,102,14,32,51,19,0.056,0.200
73853,87,101,14,32,50,18,0.056,0.200
73855,88,103,15,31,49,18,0.017,0.128
73857,82,97,15,26,44,18,0.056,0.200
73858,79,95,16,20,37,17,0.022,0.100
73859,82,97,15,26,43,17,0.078,0.278
73860,95,109,14,41,60,19,0.122,0.272
73901,78,93,15,15,31,16,0.017,0.050
73931,73,88,16,12,26,14,0.017,0.111
73932,79,94,15,19,36,17,0.017,0.111
73933,58,76,18,2,9,7,0.011,0.006
73937,46,65,19,1,4,3,0.011,0.006
73938,80,95,15,20,37,17,0.017,0.111
73939,71,86,15,8,21,13,0.017,0.050
73942,75,90,15,11,25,14,0.017,0.050
73944,78,94,16,14,31,17,0.017,0.050
73945,78,93,15,14,30,16,0.017,0.050
73946,53,72,19,1,7,6,0.011,0.006
73947,62,79,17,3,12,9,0.011,0.006
73949,67,84,16,6,16,11,0.017,0.050
73950,78,93,15,16,33,17,0.017,0.111
73951,78,93,15,16,32,16,0.017,0.050
74001,96,112,16,48,68,20,0.550,2.211
74002,96,112,16,48,68,20,0.550,2.211
74003,99,114,15,52,72,20,0.561,2.328
74006,97,112,15,49,69,20,0.561,2.328
74008,98,113,15,48,69,21,0.456,1.572
74010,101,117,16,51,71,20,0.456,1.544
74011,97,113,16,48,69,21,0.456,1.572
74012,96,112,16,47,68,21,0.456,1.572
74014,97,113,16,47,68,21,0.433,1.911
74015,96,112,16,47,68,21,0.383,1.578
74016,94,110,16,45,66,21,0.383,1.578
74017,94,110,16,45,66,21,0.383,1.578
74019,95,111,16,46,67,21,0.383,1.578
74020,95,112,17,45,65,20,0.222,1.078
74021,95,111,16,45,66,21,0.456,1.572
74022,93,108,15,45,65,20,0.561,2.328
74023,95,111,16,45,64,19,0.172,0.950
74026,100,116,16,50,70,20,0.228,1.133
74027,94,110,16,46,66,20,0.300,1.683
74028,100,116,16,50,70,20,0.456,1.544
74029,97,113,16,51,71,20,0.561,2.328
74030,96,112,16,46,66,20,0.456,1.544
74032,94,110,16,43,62,19,0.172,0.950
74033,97,113,16,47,67,20,0.456,1.572
74034,96,113,17,45,66,21,0.222,1.078
74035,96,112,16,46,66,20,0.550,2.211
74036,97,113,16,48,69,21,0.383,1.578
74037,97,113,16,48,68,20,0.456,1.572
74038,96,112,16,46,66,20,0.222,1.078
74039,98,114,16,48,69,21,0.456,1.544
74041,97,113,16,47,68,21,0.456,1.544
74042,92,108,16,44,65,21,0.300,1.683
74044,94,111,17,44,65,21,0.456,1.544
74045,95,111,16,44,64,20,0.222,1.078
74046,99,115,16,49,70,21,0.456,1.544
74047,98,114,16,48,69,21,0.394,1.544
74048,95,111,16,47,67,20,0.300,1.683
74050,96,112,16,46,67,21,0.456,1.572
74051,96,112,16,48,69,21,0.561,2.328
74052,96,112,16,46,66,20,0.456,1.544
74053,94,110,16,44,65,21,0.383,1.578
74054,95,111,16,45,66,21,0.550,2.211
74055,96,111,15,46,67,21,0.456,1.572
74056,93,109,16,44,64,20,0.550,2.211
74058,95,111,16,44,64,20,0.222,1.078
74059,94,111,17,43,63,20,0.172,0.950
74060,93,110,17,43,64,21,0.550,2.211
74061,96,111,15,47,68,21,0.561,2.328
74062,93,110,17,43,62,19,0.172,0.950
74063,94,110,16,44,65,21,0.456,1.572
74066,97,112,15,47,68,21,0.456,1.544
74068,97,113,16,47,67,20,0.456,1.544
74070,96,111,15,46,67,21,0.550,2.211
74071,100,116,16,51,71,20,0.456,1.544
74072,90,106,16,42,62,20,0.300,1.683
74073,96,112,16,46,67,21,0.456,1.572
74074,93,109,16,42,61,19,0.172,0.950
74075,93,109,16,42,61,19,0.172,0.950
74079,99,115,16,49,69,20,0.228,1.133
74080,94,110,16,45,65,20,0.383,1.578
74081,96,113,17,46,67,21,0.222,1.078
74082,95,111,16,46,67,21,0.561,2.328
74083,89,105,16,41,61,20,0.561,2.328
74084,94,110,16,45,64,19,0.550,2.211
74085,95,111,16,44,64,20,0.172,0.950
74103,95,111,16,45,66,21,0.456,1.572
74104,95,111,16,45,66,21,0.456,1.572
74105,96,112,16,47,68,21,0.456,1.572
74106,95,111,16,45,66,21,0.456,1.572
74107,96,112,16,47,68,21,0.456,1.572
74108,96,112,16,46,67,21,0.456,1.572
74110,95,111,16,45,66,21,0.456,1.572
74112,96,112,16,46,67,21,0.456,1.572
74114,96,112,16,46,67,21,0.456,1.572
74115,95,111,16,45,66,21,0.456,1.572
74116,96,112,16,46,67,21,0.456,1.572
74117,96,112,16,46,67,21,0.456,1.572
74119,96,112,16,47,68,21,0.456,1.572
74120,96,111,15,46,67,21,0.456,1.572
74126,96,111,15,46,67,21,0.456,1.572
74127,95,111,16,46,67,21,0.456,1.572
74128,96,112,16,46,67,21,0.456,1.572
74129,96,112,16,46,67,21,0.456,1.572
74130,96,112,16,46,67,21,0.456,1.572
74131,97,113,16,48,68,20,0.456,1.544
74132,97,113,16,48,69,21,0.456,1.572
74133,97,113,16,48,68,20,0.456,1.572
74134,95,112,17,46,67,21,0.456,1.572
74135,96,112,16,46,67,21,0.456,1.572
74136,97,112,15,47,68,21,0.456,1.572
74137,97,113,16,48,69,21,0.456,1.572
74145,96,112,16,46,67,21,0.456,1.572
74146,96,112,16,46,67,21,0.456,1.572
74301,94,110,16,45,66,21,0.344,1.583
74330,95,111,16,46,67,21,0.400,1.622
74331,94,110,16,45,66,21,0.311,1.550
74332,95,112,17,46,68,22,0.344,1.583
74333,91,108,17,43,64,21,0.344,1.583
74337,98,114,16,49,70,21,0.400,1.622
74338,84,102,18,33,54,21,0.311,1.550
74339,91,107,16,42,63,21,0.361,1.578
74340,95,111,16,45,66,21,0.400,1.622
74342,93,110,17,43,64,21,0.311,1.550
74343,92,108,16,43,64,21,0.361,1.578
74344,94,111,17,45,67,22,0.311,1.550
74346,91,108,17,41,63,22,0.311,1.550
74347,88,106,18,37,58,21,0.311,1.550
74349,95,112,17,46,67,21,0.344,1.583
74350,95,112,17,45,67,22,0.400,1.622
74352,94,111,17,44,65,21,0.400,1.622
74354,91,108,17,43,64,21,0.361,1.578
74358,91,107,16,42,63,21,0.361,1.578
74359,88,105,17,37,57,20,0.311,1.550
74360,89,105,16,40,61,21,0.361,1.578
74361,96,112,16,48,69,21,0.400,1.622
74363,86,103,17,37,58,21,0.361,1.578
74364,86,104,18,36,56,20,0.400,1.622
74365,94,110,16,44,65,21,0.400,1.622
74366,92,110,18,42,63,21,0.400,1.622
74367,95,112,17,45,67,22,0.400,1.622
74368,85,104,19,34,55,21,0.311,1.550
74369,88,105,17,40,61,21,0.344,1.583
74370,88,106,18,39,60,21,0.361,1.578
74401,101,117,16,52,73,21,0.433,1.911
74403,102,118,16,53,74,21,0.433,1.911
74421,100,116,16,49,71,22,0.394,1.544
74422,100,116,16,51,72,21,0.394,1.544
74423,101,117,16,52,73,21,0.433,1.911
74425,104,120,16,53,74,21,0.439,1.550
74426,101,117,16,51,72,21,0.367,1.622
74427,89,107,18,39,59,20,0.428,1.867
74428,101,117,16,51,72,21,0.433,1.911
74429,98,114,16,48,69,21,0.433,1.911
74430,103,119,16,52,73,21,0.439,1.550
74431,101,117,16,50,72,22,0.394,1.544
74432,101,118,17,51,72,21,0.367,1.622
74434,98,114,16,48,70,22,0.433,1.911
74435,99,115,16,48,70,22,0.344,1.606
74436,99,115,16,50,71,21,0.433,1.911
74437,101,117,16,50,72,22,0.394,1.544
74438,101,117,16,51,72,21,0.367,1.622
74441,96,113,17,46,67,21,0.428,1.867
74442,103,119,16,52,73,21,0.439,1.550
74445,101,117,16,51,72,21,0.394,1.544
74446,102,117,15,53,74,21,0.433,1.911
74447,101,117,16,50,72,22,0.394,1.544
74450,101,117,16,52,73,21,0.433,1.911
74451,96,113,17,46,67,21,0.428,1.867
74452,91,108,17,40,61,21,0.428,1.867
74454,100,116,16,51,72,21,0.433,1.911
74455,100,116,16,50,71,21,0.433,1.911
74456,100,116,16,50,72,22,0.394,1.544
74457,88,106,18,37,58,21,0.428,1.867
74458,99,115,16,49,70,21,0.433,1.911
74459,101,117,16,51,72,21,0.367,1.622
74460,101,117,16,51,72,21,0.394,1.544
74462,100,116,16,49,70,21,0.456,1.894
74463,100,116,16,51,72,21,0.433,1.911
74464,95,112,17,45,67,22,0.428,1.867
74467,100,115,15,50,71,21,0.433,1.911
74468,101,117,16,51,72,21,0.433,1.911
74469,102,118,16,53,74,21,0.433,1.911
74470,102,118,16,52,73,21,0.433,1.911
74471,93,110,17,42,63,21,0.428,1.867
74472,103,119,16,52,73,21,0.456,1.894
74501,102,118,16,51,72,21,0.439,1.550
74521,105,121,16,55,75,20,0.344,1.717
74522,102,118,16,51,72,21,0.439,1.550
74523,112,128,16,58,81,23,0.344,1.717
74525,110,126,16,59,81,22,0.456,1.928
74528,101,117,16,49,71,22,0.439,1.550
74530,108,123,15,53,76,23,0.217,1.094
74531,104,119,15,51,73,22,0.411,1.433
74533,111,126,15,57,80,23,0.456,1.928
74534,105,121,16,51,74,23,0.456,1.928
74535,107,123,16,53,76,23,0.456,1.928
74536,104,120,16,52,73,21,0.344,1.717
74538,107,123,16,55,77,22,0.456,1.928
74540,101,117,16,49,70,21,0.456,1.928
74543,108,124,16,55,77,22,0.344,1.717
74546,102,118,16,51,72,21,0.439,1.550
74547,101,117,16,50,71,21,0.439,1.550
74549,95,112,17,42,64,22,0.539,2.689
74552,103,119,16,52,73,21,0.456,1.894
74553,103,119,16,51,72,21,0.439,1.550
74554,102,118,16,51,72,21,0.439,1.550
74555,112,127,15,59,81,22,0.456,1.928
74556,110,125,15,59,81,22,0.456,1.928
74557,106,122,16,53,75,22,0.344,1.717
74558,99,116,17,47,68,21,0.344,1.717
74560,100,117,17,49,70,21,0.439,1.550
74561,100,116,16,48,69,21,0.456,1.894
74562,107,123,16,54,76,22,0.344,1.717
74563,105,120,15,55,75,20,0.456,2.050
74565,102,118,16,51,72,21,0.439,1.550
74567,103,119,16,51,72,21,0.344,1.717
74569,107,122,15,55,77,22,0.456,1.928
74570,103,119,16,51,72,21,0.411,1.433
74571,103,119,16,53,73,20,0.539,2.689
74572,106,121,15,52,74,22,0.456,1.928
74574,103,119,16,51,72,21,0.456,2.050
74576,105,121,16,53,75,22,0.439,1.550
74577,102,118,16,52,72,20,0.539,2.689
74578,101,118,17,51,71,20,0.456,2.050
74601,93,109,16,43,62,19,0.156,0.644
74604,93,108,15,43,62,19,0.156,0.644
74630,92,107,15,42,61,19,0.089,0.589
74631,95,109,14,45,64,19,0.156,0.644
74632,93,108,15,43,62,19,0.156,0.644
74633,93,109,16,43,62,19,0.550,2.211
74636,95,109,14,44,63,19,0.139,0.333
74637,95,112,17,44,64,20,0.550,2.211
74640,93,108,15,43,62,19,0.083,0.328
74641,92,108,16,42,61,19,0.156,0.644
74643,94,109,15,44,63,19,0.139,0.333
74644,94,110,16,44,63,19,0.089,0.589
74646,95,109,14,44,63,19,0.156,0.644
74647,90,105,15,40,59,19,0.156,0.644
74650,96,112,16,45,64,19,0.222,1.078
74651,95,111,16,45,64,19,0.089,0.589
74652,91,107,16,41,61,20,0.550,2.211
74653,95,110,15,45,64,19,0.156,0.644
74701,112,127,15,58,80,22,0.256,1.417
74720,110,126,16,53,77,24,0.256,1.417
74722,99,116,17,47,68,21,0.278,1.717
74723,111,127,16,55,79,24,0.256,1.417
74724,98,115,17,46,67,21,0.278,1.717
74726,112,128,16,57,80,23,0.256,1.417
74727,111,127,16,55,79,24,0.261,1.589
74728,113,129,16,59,81,22,0.278,1.717
74729,111,126,15,56,79,23,0.256,1.417
74730,111,127,16,56,79,23,0.256,1.417
74731,108,124,16,49,73,24,0.256,1.417
74733,109,125,16,51,75,24,0.256,1.417
74734,113,128,15,60,81,21,0.278,1.717
74735,114,130,16,59,82,23,0.261,1.589
74736,115,131,16,59,82,23,0.278,1.717
74738,116,132,16,59,83,24,0.261,1.589
74740,117,133,16,61,84,23,0.278,1.717
74741,111,127,16,54,78,24,0.256,1.417
74743,115,131,16,59,83,24,0.261,1.589
74745,116,131,15,59,82,23,0.278,1.717
74747,111,127,16,53,77,24,,
74748,110,126,16,55,78,23,0.217,1.094
74750,115,130,15,59,82,23,0.278,1.717
74753,108,124,16,52,75,23,0.256,1.417
74754,113,129,16,59,81,22,0.278,1.717
74755,116,131,15,61,83,22,0.278,1.717
74756,115,131,16,59,82,23,0.261,1.589
74759,113,129,16,57,81,24,0.261,1.589
74760,113,129,16,58,81,23,0.261,1.589
74761,115,131,16,59,82,23,0.261,1.589
74764,115,131,16,60,82,22,0.278,1.717
74766,115,131,16,60,82,22,0.278,1.717
74801,99,115,16,46,67,21,0.267,0.889
74804,98,115,17,46,66,20,0.267,0.889
74820,101,117,16,45,67,22,0.233,0.978
74824,96,112,16,46,66,20,0.228,1.133
74825,103,119,16,50,72,22,0.233,0.978
74826,100,116,16,46,68,22,0.267,0.889
74827,103,119,16,51,73,22,0.411,1.433
74829,100,116,16,49,69,20,0.333,1.372
74830,103,119,16,50,72,22,0.250,1.061
74831,99,115,16,44,65,21,0.233,0.717
74832,97,113,16,46,66,20,0.228,1.133
74833,100,116,16,49,70,21,0.333,1.372
74834,99,115,16,49,69,20,0.228,1.133
74836,105,121,16,50,72,22,0.217,1.094
74837,101,117,16,49,70,21,0.250,1.061
74839,102,118,16,50,72,22,0.411,1.433
74840,102,118,16,49,70,21,0.267,0.889
74842,104,120,16,50,72,22,0.233,0.978
74843,98,115,17,42,64,22,0.233,0.978
74844,102,118,16,47,69,22,0.233,0.978
74845,103,119,16,51,73,22,0.367,1.622
74848,103,119,16,51,73,22,0.411,1.433
74849,101,117,16,47,68,21,0.250,1.061
74850,103,119,16,51,72,21,0.411,1.433
74851,96,112,16,43,63,20,0.267,0.889
74852,100,116,16,47,68,21,0.267,0.889
74854,103,119,16,49,71,22,0.267,0.889
74855,97,113,16,44,65,21,0.228,1.133
74856,104,119,15,48,70,22,0.217,1.094
74857,96,112,16,42,63,21,0.189,0.600
74859,101,117,16,50,71,21,0.333,1.372
74860,99,116,17,48,69,21,0.333,1.372
74864,99,116,17,48,69,21,0.228,1.133
74865,98,115,17,42,64,22,0.233,0.978
74867,102,118,16,49,70,21,0.250,1.061
74868,104,120,16,52,73,21,0.250,1.061
74869,99,115,16,48,69,21,0.228,1.133
74871,104,120,16,50,72,22,0.233,0.978
74872,99,115,16,42,64,22,0.161,0.583
74873,100,116,16,47,68,21,0.267,0.889
74875,96,112,16,46,66,20,0.228,1.133
74878,100,116,16,45,67,22,0.267,0.889
74880,101,118,17,51,72,21,0.333,1.372
74881,97,113,16,45,65,20,0.228,1.133
74883,102,118,16,51,72,21,0.411,1.433
74884,103,119,16,50,72,22,0.250,1.061
74901,102,118,16,51,72,21,0.539,2.689
74902,103,119,16,52,72,20,0.539,2.689
74930,107,123,16,56,77,21,0.539,2.689
74931,85,103,18,34,55,21,0.428,1.867
74932,107,122,15,56,76,20,0.539,2.689
74935,109,124,15,59,79,20,0.539,2.689
74936,100,117,17,48,69,21,0.344,1.606
74937,106,121,15,55,75,20,0.539,2.689
74939,96,112,16,44,65,21,0.539,2.689
74940,108,123,15,58,78,20,0.539,2.689
74941,103,120,17,52,73,21,0.456,1.894
74942,105,121,16,55,75,20,0.539,2.689
74943,96,112,16,45,65,20,0.456,1.894
74944,103,119,16,53,73,20,0.456,1.894
74945,90,107,17,38,59,21,0.344,1.606
74946,103,119,16,52,73,21,0.344,1.606
74948,100,116,16,49,70,21,0.344,1.606
74949,100,116,16,49,70,21,0.539,2.689
74951,110,125,15,59,79,20,0.539,2.689
74953,110,125,15,61,81,20,0.539,2.689
74954,103,119,16,52,73,21,0.344,1.606
74955,95,112,17,42,63,21,0.344,1.606
74956,104,120,16,54,74,20,0.539,2.689
74957,97,114,17,46,66,20,0.539,2.689
74959,106,122,16,55,75,20,0.539,2.689
74960,81,100,19,31,51,20,0.206,1.044
74962,94,111,17,42,63,21,0.344,1.606
74963,98,114,16,45,66,21,0.278,1.717
74964,82,100,18,32,52,20,0.206,1.044
74965,81,99,18,30,50,20,0.206,1.044
74966,107,122,15,57,77,20,0.539,2.689
75001,119,135,16,58,82,24,0.117,0.967
75002,119,135,16,59,84,25,0.122,0.861
75006,119,135,16,59,82,23,0.117,0.967
75007,119,135,16,58,82,24,0.106,0.561
75009,115,131,16,56,80,24,0.122,0.861
75010,119,134,15,58,82,24,0.106,0.561
75013,119,135,16,60,84,24,0.122,0.861
75019,119,135,16,59,82,23,0.117,0.967
75020,106,123,17,45,70,25,0.111,0.678
75021,108,125,17,48,73,25,0.111,0.678
75022,118,134,16,58,81,23,0.106,0.561
75023,118,134,16,58,82,24,0.122,0.861
75024,118,134,16,58,82,24,0.122,0.861
75025,118,134,16,58,83,25,0.122,0.861
75028,118,134,16,58,81,23,0.106,0.561
75032,120,136,16,59,84,25,0.117,0.922
75034,118,134,16,58,82,24,0.122,0.861
75035,118,134,16,58,82,24,0.122,0.861
75038,120,136,16,59,82,23,0.117,0.967
75039,120,135,15,59,82,23,0.117,0.967
75040,120,136,16,59,84,25,0.117,0.967
75041,120,137,17,60,84,24,0.117,0.967
75042,119,135,16,58,83,25,0.117,0.967
75043,122,138,16,62,86,24,0.117,0.967
75044,119,135,16,58,83,25,0.117,0.967
75048,119,135,16,57,82,25,0.117,0.967
75050,120,136,16,58,82,24,0.117,0.967
75051,121,137,16,60,84,24,0.117,0.967
75052,122,138,16,62,86,24,0.117,0.967
75054,124,140,16,64,88,24,0.117,0.589
75056,119,134,15,58,82,24,0.106,0.561
75057,118,134,16,58,81,23,0.106,0.561
75058,111,128,17,52,76,24,0.111,0.678
75060,120,136,16,59,83,24,0.117,0.967
75061,120,135,15,59,82,23,0.117,0.967
75062,120,135,15,59,82,23,0.117,0.967
75063,120,135,15,59,83,24,0.117,0.967
75065,118,134,16,57,81,24,0.106,0.561
75067,119,134,15,58,81,23,0.106,0.561
75068,118,134,16,58,81,23,0.106,0.561
75069,120,136,16,62,85,23,0.122,0.861
75070,118,135,17,60,84,24,0.122,0.861
75071,118,134,16,60,84,24,0.122,0.861
75074,118,135,17,58,82,24,0.122,0.861
75075,118,134,16,58,82,24,0.122,0.861
75076,105,122,17,44,69,25,0.111,0.678
75077,118,134,16,57,81,24,0.106,0.561
75078,116,132,16,57,80,23,0.122,0.861
75080,118,135,17,58,82,24,0.117,0.967
75081,119,135,16,58,82,24,0.117,0.967
75082,118,134,16,57,82,25,0.122,0.861
75087,118,135,17,57,83,26,0.117,0.922
75088,121,137,16,61,86,25,0.117,0.967
75089,120,136,16,60,85,25,0.117,0.967
75090,108,125,17,47,72,25,0.111,0.678
75092,106,123,17,45,70,25,0.111,0.678
75093,118,134,16,57,82,25,0.122,0.861
75094,118,134,16,57,82,25,0.122,0.861
75098,119,135,16,57,83,26,0.122,0.861
75101,123,139,16,58,84,26,0.150,0.967
75102,124,141,17,59,86,27,0.183,1.778
75103,121,138,17,59,86,27,0.139,1.439
75104,123,138,15,62,86,24,0.117,0.967
75105,125,142,17,61,88,27,0.183,1.778
75109,126,143,17,60,88,28,0.183,1.778
75110,124,141,17,57,85,28,0.183,1.778
75114,123,139,16,61,86,25,0.128,1.294
75115,123,139,16,62,86,24,0.117,0.967
75116,121,137,16,60,84,24,0.117,0.967
75117,120,137,17,60,85,25,0.139,1.439
75119,123,139,16,59,85,26,0.150,0.967
75124,125,142,17,62,89,27,0.194,1.839
75125,125,141,16,63,88,25,0.150,0.967
75126,122,138,16,61,86,25,0.128,1.294
75127,120,136,16,59,85,26,0.139,1.439
75132,119,135,16,59,84,25,0.117,0.922
75134,123,139,16,63,87,24,0.117,0.967
75135,120,136,16,63,87,24,0.200,1.372
75137,123,138,15,62,86,24,0.117,0.967
75140,121,137,16,60,86,26,0.139,1.439
75141,124,141,17,65,88,23,0.117,0.967
75142,122,138,16,60,86,26,0.128,1.294
75143,124,141,17,61,88,27,0.194,1.839
75144,126,143,17,62,89,27,0.183,1.778
75146,124,140,16,64,88,24,0.117,0.967
75147,123,140,17,61,87,26,0.128,1.294
75148,127,143,16,64,91,27,0.194,1.839
75149,123,139,16,64,88,24,0.117,0.967
75150,122,138,16,61,86,25,0.117,0.967
75152,124,140,16,61,86,25,0.150,0.967
75153,125,142,17,60,87,27,0.183,1.778
75154,124,140,16,62,86,24,0.150,0.967
75155,124,141,17,60,86,26,0.183,1.778
75156,125,142,17,62,89,27,0.194,1.839
75157,124,140,16,61,87,26,0.128,1.294
75158,123,139,16,60,86,26,0.128,1.294
75159,124,140,16,63,88,25,0.117,0.967
75160,120,137,17,59,85,26,0.128,1.294
75161,120,136,16,58,84,26,0.128,1.294
75163,126,143,17,63,90,27,0.194,1.839
75164,119,135,16,61,86,25,0.122,0.861
75165,124,141,17,61,86,25,0.150,0.967
75166,119,135,16,58,83,25,0.122,0.861
75167,124,140,16,60,85,25,0.150,0.967
75169,120,136,16,59,85,26,0.139,1.439
75172,125,142,17,65,89,24,0.117,0.967
75173,118,134,16,58,83,25,0.122,0.861
75180,123,139,16,63,87,24,0.117,0.967
75181,124,140,16,64,89,25,0.117,0.967
75182,124,139,15,65,88,23,0.117,0.967
75189,119,136,17,59,84,25,0.117,0.922
75201,121,137,16,60,84,24,0.117,0.967
75202,121,137,16,60,84,24,0.117,0.967
75203,121,137,16,60,84,24,0.117,0.967
75204,121,137,16,60,84,24,0.117,0.967
75205,120,136,16,59,83,24,0.117,0.967
75206,120,136,16,59,84,25,0.117,0.967
75207,121,137,16,60,84,24,0.117,0.967
75208,120,136,16,58,82,24,0.117,0.967
75209,120,136,16,59,83,24,0.117,0.967
75210,122,138,16,61,85,24,0.117,0.967
75211,119,135,16,57,81,24,0.117,0.967
75212,120,136,16,59,83,24,0.117,0.967
75214,121,137,16,60,84,24,0.117,0.967
75215,122,138,16,61,85,24,0.117,0.967
75216,121,137,16,60,84,24,0.117,0.967
75217,123,139,16,62,86,24,0.117,0.967
75218,120,136,16,59,83,24,0.117,0.967
75219,121,136,15,60,84,24,0.117,0.967
75220,120,135,15,58,82,24,0.117,0.967
75223,121,137,16,61,85,24,0.117,0.967
75224,120,136,16,59,83,24,0.117,0.967
75225,120,136,16,58,83,25,0.117,0.967
75226,121,137,16,60,84,24,0.117,0.967
75227,122,138,16,61,85,24,0.117,0.967
75228,121,137,16,60,84,24,0.117,0.967
75229,120,135,15,58,82,24,0.117,0.967
75230,120,136,16,59,83,24,0.117,0.967
75231,120,136,16,59,83,24,0.117,0.967
75232,121,137,16,60,84,24,0.117,0.967
75233,119,135,16,57,82,25,0.117,0.967
75234,119,135,16,59,82,23,0.117,0.967
75235,120,136,16,59,83,24,0.117,0.967
75236,120,136,16,59,83,24,0.117,0.967
75237,121,137,16,59,83,24,0.117,0.967
75238,120,136,16,58,83,25,0.117,0.967
75240,120,136,16,59,83,24,0.117,0.967
75241,122,138,16,62,86,24,0.117,0.967
75243,119,135,16,58,83,25,0.117,0.967
75244,119,135,16,59,83,24,0.117,0.967
75246,121,137,16,60,84,24,0.117,0.967
75247,120,136,16,59,83,24,0.117,0.967
75248,119,135,16,58,82,24,0.117,0.967
75249,122,138,16,61,85,24,0.117,0.967
75251,120,136,16,59,83,24,0.117,0.967
75252,118,134,16,57,82,25,0.122,0.861
75253,124,140,16,63,88,25,0.117,0.967
75254,119,135,16,59,83,24,0.117,0.967
75270,121,137,16,60,84,24,0.117,0.967
75287,118,134,16,58,82,24,0.106,0.561
75401,119,135,16,61,86,25,0.200,1.372
75402,120,136,16,61,86,25,0.200,1.372
75407,119,135,16,60,84,24,0.122,0.861
75409,116,132,16,57,81,24,0.122,0.861
75410,122,138,16,63,88,25,0.194,1.611
75411,115,131,16,58,82,24,0.217,1.400
75412,113,129,16,54,78,24,0.206,1.517
75413,113,130,17,55,79,24,0.228,1.206
75414,110,126,16,51,75,24,0.111,0.678
75415,116,132,16,56,81,25,0.133,1.050
75416,112,128,16,52,77,25,0.217,1.400
75417,118,135,17,57,83,26,0.206,1.517
75418,112,128,16,53,77,24,0.228,1.206
75420,118,134,16,56,82,26,0.167,1.339
75421,115,130,15,58,82,24,0.217,1.400
75422,118,134,16,58,84,26,0.200,1.372
75423,116,132,16,57,82,25,0.200,1.372
75424,117,133,16,58,82,24,0.122,0.861
75426,114,131,17,54,79,25,0.206,1.517
75428,118,134,16,58,83,25,0.200,1.372
75431,118,134,16,58,84,26,0.167,1.339
75432,116,132,16,56,81,25,0.133,1.050
75433,117,134,17,56,82,26,0.167,1.339
75435,116,132,16,55,80,25,0.217,1.400
75436,113,130,17,53,78,25,0.206,1.517
75437,118,134,16,55,82,27,0.167,1.339
75438,112,128,16,53,78,25,0.228,1.206
75439,111,127,16,52,77,25,0.228,1.206
75440,118,135,17,57,83,26,0.161,1.317
75441,116,132,16,56,81,25,0.133,1.050
75442,117,133,16,58,82,24,0.122,0.861
75446,114,130,16,55,80,25,0.228,1.206
75447,112,128,16,54,78,24,0.228,1.206
75448,117,133,16,57,82,25,0.133,1.050
75449,115,131,16,56,81,25,0.228,1.206
75450,116,133,17,56,81,25,0.133,1.050
75451,121,137,16,61,86,25,0.311,1.800
75452,114,130,16,55,80,25,0.228,1.206
75453,119,135,16,59,85,26,0.200,1.372
75454,117,134,17,59,83,24,0.122,0.861
75455,123,139,16,65,89,24,0.317,1.822
75457,117,134,17,58,83,25,0.222,1.350
75459,109,125,16,49,73,24,0.111,0.678
75460,114,129,15,56,80,24,0.217,1.400
75462,112,128,16,53,78,25,0.217,1.400
75468,114,131,17,54,79,25,0.217,1.400
75469,116,132,16,56,82,26,0.133,1.050
75470,114,130,16,57,81,24,0.217,1.400
75471,117,133,16,56,82,26,0.167,1.339
75472,119,135,16,59,84,25,0.161,1.317
75473,115,131,16,58,81,23,0.217,1.400
75474,120,136,16,59,85,26,0.200,1.372
75475,113,129,16,54,79,25,0.228,1.206
75476,111,127,16,53,77,24,0.228,1.206
75477,116,131,15,58,82,24,0.217,1.400
75478,116,133,17,55,81,26,0.167,1.339
75479,111,127,16,52,76,24,0.228,1.206
75480,119,135,16,60,85,25,0.222,1.350
75481,117,134,17,56,81,25,0.167,1.339
75482,117,134,17,55,81,26,0.167,1.339
75486,114,130,16,58,82,24,0.217,1.400
75487,119,136,17,59,85,26,0.317,1.822
75488,113,129,16,56,80,24,0.228,1.206
75489,111,127,16,52,76,24,0.111,0.678
75490,113,129,16,54,79,25,0.228,1.206
75491,112,128,16,53,77,24,0.111,0.678
75492,113,129,16,54,79,25,0.228,1.206
75493,120,136,16,61,85,24,0.317,1.822
75494,118,135,17,58,84,26,0.194,1.611
75495,113,129,16,54,78,24,0.111,0.678
75496,116,132,16,56,82,26,0.200,1.372
75497,121,137,16,62,87,25,0.194,1.611
75501,119,135,16,63,86,23,0.339,2.161
75503,116,132,16,59,81,22,0.339,2.161
75550,119,135,16,60,84,24,0.206,1.517
75551,123,139,16,64,88,24,0.333,1.928
75554,119,135,16,61,85,24,0.206,1.517
75555,124,140,16,64,88,24,0.333,1.928
75556,122,138,16,64,88,24,0.333,1.928
75558,122,138,16,64,88,24,0.317,1.822
75559,120,136,16,63,86,23,0.339,2.161
75560,122,138,16,63,87,24,0.333,1.928
75561,117,133,16,61,83,22,0.339,2.161
75562,123,140,17,63,88,25,0.333,1.928
75563,123,139,16,63,88,25,0.333,1.928
75565,124,140,16,64,88,24,0.333,1.928
75566,122,139,17,64,88,24,0.333,1.928
75567,120,136,16,63,86,23,0.339,2.161
75568,123,139,16,64,88,24,0.333,1.928
75569,118,134,16,61,84,23,0.339,2.161
75570,119,135,16,63,86,23,0.339,2.161
75571,123,139,16,65,89,24,0.317,1.889
75572,122,138,16,64,87,23,0.333,1.928
75573,120,136,16,63,86,23,0.339,2.161
75574,121,137,16,64,87,23,0.339,2.161
75601,126,142,16,63,89,26,0.194,1.217
75602,126,142,16,63,89,26,0.194,1.217
75603,123,140,17,59,86,27,0.194,1.217
75604,126,143,17,64,90,26,0.194,1.217
75605,126,143,17,64,90,26,0.194,1.217
75630,126,142,16,66,90,24,0.283,1.756
75631,125,142,17,63,88,25,0.500,1.678
75633,127,143,16,65,90,25,0.500,1.678
75638,126,142,16,67,91,24,0.317,1.889
75639,125,141,16,63,88,25,0.500,1.678
75640,126,142,16,65,90,25,0.278,1.728
75641,124,141,17,61,87,26,0.194,1.217
75642,124,140,16,62,87,25,0.283,1.467
75643,127,144,17,65,90,25,0.500,1.678
75644,124,140,16,65,90,25,0.278,1.728
75645,125,141,16,64,90,26,0.278,1.728
75647,124,141,17,62,88,26,0.194,1.217
75650,124,140,16,61,87,26,0.283,1.467
75651,124,141,17,63,89,26,0.283,1.467
75652,122,139,17,59,85,26,0.300,1.433
75654,122,140,18,59,85,26,0.300,1.433
75656,125,141,16,66,90,24,0.333,1.928
75657,124,140,16,63,88,25,0.283,1.756
75661,125,141,16,64,88,24,0.283,1.467
75662,123,140,17,59,86,27,0.194,1.217
75667,124,142,18,60,87,27,0.300,1.433
75668,127,143,16,68,92,24,0.317,1.889
75669,125,142,17,63,88,25,0.500,1.678
75670,121,137,16,59,84,25,0.283,1.467
75672,122,139,17,60,85,25,0.283,1.467
75681,125,143,18,62,88,26,0.300,1.433
75682,121,139,18,57,84,27,0.300,1.433
75683,127,143,16,67,92,25,0.278,1.728
75684,122,140,18,57,84,27,0.300,1.433
75686,123,139,16,65,89,24,0.311,1.800
75691,123,140,17,60,86,26,0.300,1.433
75692,124,140,16,62,87,25,0.283,1.467
75693,125,142,17,63,89,26,0.194,1.217
75701,123,141,18,56,84,28,0.256,1.350
75702,123,140,17,55,84,29,0.256,1.350
75703,124,142,18,56,85,29,0.256,1.350
75704,121,139,18,53,82,29,0.256,1.350
75705,123,140,17,57,85,28,0.256,1.350
75706,122,139,17,56,84,28,0.256,1.350
75707,124,141,17,57,85,28,0.256,1.350
75708,123,140,17,57,85,28,0.256,1.350
75709,122,140,18,54,82,28,0.256,1.350
75750,123,141,18,58,85,27,0.256,1.350
75751,126,144,18,63,90,27,0.194,1.839
75752,126,144,18,64,91,27,0.194,1.839
75754,122,139,17,58,85,27,0.139,1.439
75755,123,140,17,62,88,26,0.278,1.728
75756,124,141,17,59,87,28,0.194,1.839
75757,125,143,18,59,87,28,0.256,1.350
75758,124,142,18,58,86,28,0.194,1.839
75759,126,144,18,61,88,27,0.300,1.411
75760,126,144,18,62,89,27,0.283,1.444
75762,124,142,18,57,85,28,0.256,1.350
75763,126,144,18,61,89,28,0.194,1.839
75764,122,140,18,55,83,28,0.300,1.411
75765,122,138,16,60,86,26,0.194,1.611
75766,125,143,18,58,86,28,0.300,1.411
75770,126,144,18,62,90,28,0.194,1.839
75771,121,139,18,57,84,27,0.256,1.350
75773,122,139,17,62,88,26,0.194,1.611
75778,125,142,17,62,89,27,0.194,1.839
75779,127,145,18,61,89,28,0.194,1.839
75780,123,141,18,58,85,27,0.300,1.411
75783,122,138,16,63,88,25,0.194,1.611
75784,126,143,17,61,88,27,0.300,1.433
75785,122,140,18,55,84,29,0.300,1.411
75788,126,144,18,61,88,27,0.283,1.444
75789,124,142,18,59,86,27,0.256,1.350
75790,122,139,17,59,85,26,0.139,1.439
75791,124,142,18,58,86,28,0.256,1.350
75792,123,140,17,59,86,27,0.256,1.350
75801,127,146,19,63,91,28,0.194,1.839
75803,126,145,19,61,89,28,0.194,1.839
75831,131,148,17,66,93,27,0.256,1.317
75832,129,146,17,67,93,26,0.194,1.839
75835,130,148,18,66,93,27,0.222,1.267
75838,130,148,18,63,91,28,0.183,1.794
75839,129,147,18,65,92,27,0.194,1.839
75840,130,148,18,64,92,28,0.183,1.794
75844,129,147,18,65,92,27,0.222,1.267
75845,137,154,17,73,98,25,0.339,1.517
75846,131,149,18,64,91,27,0.256,1.317
75847,131,149,18,67,93,26,0.222,1.267
75848,129,146,17,61,89,28,0.183,1.794
75849,130,147,17,66,93,27,0.222,1.267
75851,132,149,17,69,94,25,0.222,1.267
75852,137,154,17,73,98,25,0.278,1.183
75853,128,145,17,63,90,27,0.194,1.839
75855,132,149,17,68,94,26,0.256,1.317
75856,135,152,17,71,97,26,0.339,1.517
75858,130,147,17,65,91,26,0.222,1.267
75859,129,146,17,64,91,27,0.183,1.794
75860,129,147,18,63,90,27,0.183,1.794
75861,130,147,17,66,93,27,0.194,1.839
75862,135,152,17,71,96,25,0.339,1.517
75901,133,150,17,68,94,26,0.378,1.422
75904,131,149,18,66,92,26,0.378,1.422
75925,125,143,18,60,87,27,0.300,1.411
75926,133,150,17,68,94,26,0.339,1.517
75928,139,155,16,72,98,26,0.367,1.483
75929,132,149,17,69,94,25,0.394,1.461
75930,130,146,16,67,91,24,0.400,1.400
75931,130,147,17,67,91,24,0.400,1.528
75932,130,146,16,64,89,25,0.367,1.483
75933,143,159,16,80,105,25,0.367,1.483
75934,134,151,17,71,96,25,0.317,1.233
75935,128,145,17,68,92,24,0.494,1.678
75936,133,150,17,70,95,25,0.372,1.378
75937,129,146,17,67,92,25,0.283,1.444
75938,133,150,17,70,95,25,0.372,1.378
75939,134,151,17,71,96,25,0.317,1.233
75941,134,151,17,69,95,26,0.378,1.422
75942,132,149,17,70,95,25,0.372,1.378
75943,127,144,17,63,89,26,0.283,1.444
75944,131,148,17,68,93,25,0.283,1.444
75946,127,144,17,65,90,25,0.283,1.444
75948,128,145,17,63,88,25,0.400,1.400
75949,132,149,17,69,94,25,0.378,1.422
75951,134,151,17,69,95,26,0.400,1.528
75954,128,145,17,67,91,24,0.494,1.678
75956,141,158,17,76,102,26,0.400,1.528
75959,128,144,16,64,88,24,0.400,1.400
75960,134,151,17,70,96,26,0.317,1.233
75961,128,145,17,66,91,25,0.283,1.444
75962,129,146,17,67,93,26,,
75964,128,145,17,65,91,26,0.283,1.444
75965,129,146,17,67,92,25,0.283,1.444
75966,135,152,17,69,95,26,0.367,1.483
75968,131,147,16,67,91,24,0.400,1.400
75969,125,143,18,58,86,28,0.378,1.422
75972,128,145,17,66,90,24,0.394,1.461
75973,128,144,16,66,90,24,0.494,1.678
75974,128,144,16,67,91,24,0.494,1.678
75975,127,143,16,65,90,25,0.494,1.678
75976,123,141,18,56,84,28,0.300,1.411
75977,129,146,17,64,89,25,0.367,1.483
75978,129,146,17,67,91,24,0.283,1.444
75979,135,152,17,72,97,25,0.372,1.378
75980,132,149,17,69,94,25,0.378,1.422
76001,121,137,16,60,83,23,0.117,0.589
76002,123,139,16,62,86,24,0.117,0.589
76006,119,135,16,57,81,24,0.117,0.589
76008,115,132,17,53,77,24,0.122,0.361
76009,123,139,16,61,85,24,0.106,0.456
76010,119,135,16,58,81,23,0.117,0.589
76011,118,134,16,57,80,23,0.117,0.589
76012,118,134,16,57,80,23,0.117,0.589
76013,119,135,16,57,81,24,0.117,0.589
76014,120,136,16,58,82,24,0.117,0.589
76015,119,135,16,58,82,24,0.117,0.589
76016,119,135,16,58,82,24,0.117,0.589
76017,120,136,16,59,82,23,0.117,0.589
76018,122,137,15,61,84,23,0.117,0.589
76020,119,135,16,59,82,23,0.117,0.589
76021,119,135,16,57,81,24,0.117,0.589
76022,119,135,16,58,81,23,0.117,0.589
76023,116,133,17,58,80,22,0.194,0.700
76028,120,136,16,58,82,24,0.106,0.456
76031,125,141,16,63,87,24,0.106,0.456
76033,127,143,16,65,88,23,0.106,0.456
76034,118,134,16,57,81,24,0.117,0.589
76035,115,132,17,52,76,24,0.122,0.361
76036,119,135,16,57,81,24,0.117,0.589
76039,119,135,16,57,81,24,0.117,0.589
76040,119,135,16,57,81,24,0.117,0.589
76041,124,140,16,60,85,25,0.150,0.967
76043,124,141,17,59,83,24,0.067,0.289
76044,121,137,16,60,83,23,0.106,0.456
76048,122,138,16,57,81,24,0.067,0.244
76049,122,138,16,59,82,23,0.067,0.244
76050,124,140,16,61,85,24,0.106,0.456
76051,119,134,15,58,81,23,0.117,0.589
76052,119,134,15,59,82,23,0.117,0.589
76053,119,135,16,58,81,23,0.117,0.589
76054,118,134,16,57,81,24,0.117,0.589
76055,123,139,16,58,83,25,0.167,0.667
76058,121,137,16,59,83,24,0.106,0.456
76059,124,141,17,62,86,24,0.106,0.456
76060,120,136,16,58,82,24,0.117,0.589
76061,122,138,16,60,84,24,0.106,0.456
76063,122,138,16,61,85,24,0.117,0.589
76064,124,140,16,61,86,25,0.150,0.967
76065,123,139,16,60,85,25,0.150,0.967
76066,120,137,17,60,82,22,0.122,0.361
76067,122,139,17,63,84,21,0.122,0.356
76070,125,141,16,62,85,23,0.067,0.289
76071,118,134,16,59,82,23,0.194,0.700
76073,117,133,16,59,81,22,0.194,0.700
76077,126,142,16,63,85,22,0.067,0.289
76078,116,132,16,57,79,22,0.194,0.700
76082,114,130,16,54,77,23,0.122,0.361
76084,123,139,16,61,85,24,0.106,0.456
76085,114,130,16,53,76,23,0.122,0.361
76086,111,128,17,49,72,23,0.122,0.361
76087,115,132,17,53,77,24,0.122,0.361
76088,113,129,16,51,74,23,0.122,0.361
76092,118,134,16,57,81,24,0.117,0.589
76093,126,142,16,64,87,23,0.106,0.456
76102,119,135,16,58,82,24,0.117,0.589
76103,119,135,16,58,81,23,0.117,0.589
76104,119,135,16,58,82,24,0.117,0.589
76105,119,135,16,58,82,24,0.117,0.589
76106,120,135,15,59,82,23,0.117,0.589
76107,119,135,16,57,81,24,0.117,0.589
76108,117,134,17,55,79,24,0.117,0.589
76109,118,134,16,57,80,23,0.117,0.589
76110,119,135,16,58,81,23,0.117,0.589
76111,119,135,16,58,82,24,0.117,0.589
76112,119,135,16,58,82,24,0.117,0.589
76114,119,135,16,58,81,23,0.117,0.589
76115,119,135,16,57,81,24,0.117,0.589
76116,119,135,16,56,80,24,0.117,0.589
76117,119,135,16,58,82,24,0.117,0.589
76118,119,135,16,58,81,23,0.117,0.589
76119,120,136,16,58,82,24,0.117,0.589
76120,119,135,16,57,81,24,0.117,0.589
76123,118,134,16,56,80,24,0.117,0.589
76126,118,134,16,56,80,24,0.117,0.589
76127,119,135,16,57,81,24,0.117,0.589
76129,118,134,16,57,80,23,0.117,0.589
76131,119,135,16,59,82,23,0.117,0.589
76132,118,134,16,56,80,24,0.117,0.589
76133,118,134,16,56,80,24,0.117,0.589
76134,119,135,16,57,81,24,0.117,0.589
76135,119,135,16,58,82,24,0.117,0.589
76137,119,135,16,58,81,23,0.117,0.589
76140,120,136,16,58,82,24,0.117,0.589
76148,118,134,16,57,80,23,0.117,0.589
76155,119,135,16,58,81,23,0.117,0.589
76164,120,135,15,59,82,23,0.117,0.589
76177,119,134,15,59,82,23,0.117,0.589
76179,119,135,16,59,82,23,0.117,0.589
76180,118,134,16,57,81,24,0.117,0.589
76182,118,134,16,57,80,23,0.117,0.589
76201,116,132,16,56,80,24,0.106,0.561
76205,116,132,16,56,80,24,0.106,0.561
76207,116,132,16,57,80,23,0.106,0.561
76208,117,133,16,57,80,23,0.106,0.561
76209,116,132,16,56,80,24,0.106,0.561
76210,117,133,16,57,80,23,0.106,0.561
76225,113,129,16,53,76,23,0.194,0.700
76226,117,133,16,57,80,23,0.106,0.561
76227,117,133,16,57,81,24,0.106,0.561
76228,111,127,16,52,74,22,0.172,0.528
76230,109,126,17,50,72,22,0.117,0.472
76233,112,128,16,53,76,23,0.111,0.678
76234,113,129,16,52,75,23,0.194,0.700
76238,110,126,16,51,74,23,0.111,0.583
76239,110,127,17,50,73,23,0.117,0.472
76240,109,125,16,50,73,23,0.111,0.583
76244,118,134,16,58,81,23,0.117,0.589
76245,108,124,16,48,72,24,0.111,0.678
76247,118,134,16,59,82,23,0.106,0.561
76248,118,134,16,57,80,23,0.117,0.589
76249,116,132,16,57,80,23,0.106,0.561
76250,107,124,17,47,70,23,0.111,0.583
76251,109,125,16,49,72,23,0.117,0.472
76252,107,123,16,47,70,23,0.111,0.583
76253,107,124,17,47,70,23,0.111,0.583
76255,109,125,16,51,73,22,0.117,0.472
76258,116,132,16,59,82,23,0.106,0.561
76259,116,132,16,58,80,22,0.106,0.561
76261,111,127,16,54,75,21,0.117,0.472
76262,118,134,16,58,81,23,0.106,0.561
76263,111,128,17,52,75,23,0.111,0.583
76264,108,124,16,47,71,24,0.111,0.678
76265,107,124,17,47,70,23,0.117,0.472
76266,115,131,16,58,80,22,0.106,0.561
76268,108,124,16,47,71,24,0.111,0.678
76270,112,128,16,53,75,22,0.117,0.472
76271,114,130,16,56,80,24,0.111,0.678
76272,114,129,15,56,79,23,0.111,0.583
76273,108,125,17,49,72,23,0.111,0.678
76301,112,127,15,57,77,20,0.122,0.306
76302,112,128,16,57,77,20,0.122,0.306
76305,111,127,16,57,77,20,0.122,0.306
76306,111,127,16,57,77,20,0.122,0.306
76308,112,128,16,57,77,20,0.122,0.306
76309,112,128,16,57,77,20,0.122,0.306
76310,112,128,16,57,77,20,0.122,0.306
76311,111,127,16,57,77,20,0.122,0.306
76351,115,132,17,59,79,20,0.061,0.256
76354,111,126,15,57,76,19,0.122,0.306
76357,111,127,16,56,76,20,0.172,0.528
76360,111,127,16,57,76,19,0.122,0.306
76363,118,134,16,58,78,20,0.017,0.183
76364,111,126,15,56,76,20,0.150,0.289
76365,112,128,16,56,76,20,0.172,0.528
76366,113,129,16,57,77,20,0.061,0.256
76367,112,127,15,57,77,20,0.122,0.306
76370,115,131,16,58,78,20,0.061,0.256
76371,118,135,17,57,78,21,0.017,0.183
76372,116,133,17,57,78,21,0.089,0.244
76373,110,125,15,54,74,20,0.150,0.289
76374,118,134,16,60,81,21,0.089,0.244
76377,112,127,15,56,76,20,0.172,0.528
76379,114,130,16,58,78,20,0.061,0.256
76380,112,128,16,56,76,20,0.056,0.239
76384,111,127,16,54,74,20,0.150,0.289
76388,116,132,16,54,75,21,0.056,0.189
76389,114,130,16,57,78,21,0.061,0.256
76401,107,125,18,36,60,24,0.089,0.183
76402,106,124,18,35,59,24,0.089,0.183
76424,116,133,17,53,75,22,0.078,0.200
76426,120,136,16,64,85,21,0.194,0.700
76427,114,131,17,54,76,22,0.133,0.461
76429,111,129,18,45,68,23,0.078,0.200
76430,114,132,18,48,71,23,0.056,0.172
76431,117,133,16,60,82,22,0.194,0.700
76432,113,131,18,41,66,25,0.089,0.172
76433,117,134,17,50,74,24,0.089,0.183
76435,109,126,17,39,64,25,0.089,0.156
76436,114,131,17,43,68,25,0.078,0.139
76437,109,127,18,40,64,24,0.089,0.156
76442,113,130,17,43,68,25,0.078,0.139
76443,107,125,18,34,59,25,0.072,0.117
76444,112,129,17,43,68,25,0.078,0.139
76445,110,127,17,41,65,24,0.089,0.156
76446,109,126,17,39,63,24,0.089,0.183
76448,109,127,18,41,65,24,0.089,0.156
76449,116,133,17,54,76,22,0.122,0.356
76450,116,132,16,56,77,21,0.089,0.244
76452,111,128,17,38,63,25,0.078,0.139
76453,117,135,18,53,77,24,0.122,0.356
76454,111,128,17,42,66,24,0.089,0.156
76455,114,131,17,43,68,25,0.078,0.139
76457,117,134,17,47,72,25,0.089,0.172
76458,114,130,16,54,76,22,0.133,0.461
76459,114,130,16,54,76,22,0.133,0.461
76460,115,131,16,56,77,21,0.089,0.244
76462,117,134,17,53,76,23,0.067,0.244
76463,115,132,17,50,73,23,0.089,0.183
76464,114,131,17,48,71,23,0.056,0.172
76466,108,126,18,39,63,24,0.089,0.156
76469,113,131,18,44,68,24,0.072,0.117
76470,109,127,18,40,64,24,0.089,0.156
76471,107,124,17,35,59,24,0.089,0.156
76472,119,136,17,57,80,23,0.122,0.356
76474,110,128,18,40,64,24,0.078,0.139
76475,116,133,17,51,75,24,0.122,0.356
76476,118,135,17,51,75,24,0.067,0.244
76481,116,133,17,55,77,22,0.089,0.244
76483,113,130,17,53,74,21,0.094,0.228
76484,119,136,17,57,80,23,0.122,0.356
76486,116,132,16,56,79,23,0.133,0.461
76487,114,130,16,53,76,23,0.122,0.361
76490,116,132,16,56,78,22,0.122,0.361
76491,116,132,16,55,76,21,0.094,0.228
76501,128,144,16,59,85,26,0.106,0.389
76502,127,144,17,58,83,25,0.106,0.389
76504,126,143,17,58,83,25,0.106,0.389
76508,127,143,16,58,83,25,0.106,0.389
76511,127,144,17,55,81,26,0.106,0.389
76513,127,143,16,56,82,26,0.106,0.389
76518,133,149,16,62,89,27,0.156,0.561
76519,133,150,17,64,91,27,0.106,0.389
76520,136,153,17,66,93,27,0.156,0.561
76522,119,136,17,44,70,26,0.061,0.133
76523,128,146,18,56,83,27,0.156,0.561
76524,126,143,17,57,83,26,0.106,0.406
76525,114,131,17,37,64,27,0.061,0.133
76527,123,140,17,49,74,25,0.078,0.222
76528,124,141,17,54,79,25,0.061,0.133
76530,129,146,17,56,82,26,0.078,0.222
76531,113,130,17,40,65,25,0.089,0.172
76534,128,145,17,58,84,26,0.106,0.389
76537,126,143,17,52,77,25,0.078,0.222
76538,119,136,17,47,73,26,0.061,0.133
76539,121,137,16,47,72,25,0.072,0.139
76541,123,139,16,50,76,26,0.106,0.389
76542,123,140,17,50,76,26,0.106,0.389
76543,123,140,17,50,76,26,0.106,0.389
76544,122,139,17,50,75,25,0.106,0.389
76548,124,141,17,52,78,26,0.106,0.389
76549,121,138,17,48,74,26,0.106,0.389
76550,118,135,17,42,67,25,0.072,0.139
76554,130,146,16,61,87,26,0.106,0.389
76556,134,151,17,64,91,27,0.156,0.561
76557,124,141,17,54,80,26,0.106,0.406
76559,125,142,17,53,79,26,0.106,0.389
76561,122,139,17,54,79,25,0.061,0.133
76565,108,126,18,34,59,25,0.089,0.172
76566,118,136,18,45,71,26,0.061,0.133
76567,133,150,17,62,89,27,0.156,0.561
76569,130,147,17,61,87,26,0.106,0.389
76570,134,150,16,65,92,27,0.144,0.567
76571,126,142,16,53,79,26,0.106,0.389
76573,127,144,17,55,81,26,0.078,0.222
76574,133,149,16,61,87,26,0.078,0.222
76577,132,149,17,61,87,26,0.156,0.561
76578,133,150,17,62,88,26,0.078,0.222
76579,126,143,17,57,83,26,0.106,0.389
76596,125,142,17,55,81,26,0.061,0.133
76597,122,139,17,52,78,26,0.061,0.133
76621,125,141,16,59,84,25,0.167,0.667
76622,127,143,16,62,86,24,0.167,0.667
76623,123,139,16,59,85,26,0.150,0.967
76624,127,143,16,60,86,26,0.106,0.406
76626,123,140,17,58,85,27,0.183,1.778
76627,125,141,16,61,85,24,0.167,0.667
76628,125,141,16,60,85,25,0.167,0.667
76629,132,149,17,64,91,27,0.161,0.828
76630,126,143,17,57,83,26,0.106,0.406
76631,125,141,16,59,85,26,0.167,0.667
76632,131,148,17,61,88,27,0.144,0.567
76633,127,143,16,61,86,25,0.106,0.406
76634,125,141,16,59,83,24,0.089,0.356
76635,128,144,16,62,88,26,0.117,0.844
76636,124,140,16,59,84,25,0.167,0.667
76637,119,136,17,49,74,25,0.089,0.356
76638,124,140,16,56,82,26,0.106,0.406
76639,125,142,17,60,86,26,0.183,1.778
76640,128,144,16,62,88,26,0.106,0.406
76641,124,141,17,59,85,26,0.183,1.778
76642,131,147,16,62,90,28,0.117,0.844
76643,126,142,16,58,84,26,0.106,0.406
76645,124,141,17,57,83,26,0.167,0.667
76648,124,141,17,58,85,27,0.167,0.667
76649,119,135,16,50,75,25,0.089,0.356
76650,124,141,17,59,85,26,0.167,0.667
76651,124,140,16,60,85,25,0.150,0.967
76652,125,141,16,61,84,23,0.089,0.356
76653,130,147,17,61,89,28,0.117,0.844
76654,127,143,16,60,86,26,0.106,0.406
76655,127,144,17,58,84,26,0.106,0.406
76656,130,147,17,60,87,27,0.144,0.567
76657,124,140,16,57,82,25,0.106,0.406
76660,125,141,16,59,85,26,0.167,0.667
76661,131,148,17,60,88,28,0.144,0.567
76664,128,145,17,59,87,28,0.106,0.406
76665,121,138,17,53,78,25,0.089,0.356
76666,124,141,17,59,85,26,0.167,0.667
76667,130,147,17,65,91,26,0.117,0.844
76670,124,140,16,59,84,25,0.150,0.967
76671,124,140,16,59,83,24,0.089,0.356
76673,125,142,17,58,85,27,0.167,0.667
76676,124,141,17,58,85,27,0.167,0.667
76678,126,143,17,58,86,28,0.117,0.844
76679,126,143,17,61,87,26,0.183,1.778
76680,135,151,16,65,93,28,0.144,0.567
76681,128,145,17,62,89,27,0.183,1.778
76682,129,145,16,59,87,28,0.106,0.406
76685,132,149,17,62,89,27,0.144,0.567
76686,129,146,17,64,91,27,0.117,0.844
76687,131,148,17,63,90,27,0.117,0.844
76689,124,140,16,56,81,25,0.089,0.356
76690,120,137,17,53,78,25,0.089,0.356
76691,126,142,16,60,86,26,0.106,0.406
76692,125,141,16,60,85,25,0.167,0.667
76693,130,146,16,63,91,28,0.183,1.794
76701,128,144,16,61,87,26,0.106,0.406
76704,128,145,17,62,88,26,0.106,0.406
76705,129,145,16,62,88,26,0.106,0.406
76706,129,145,16,61,87,26,0.106,0.406
76707,127,143,16,61,86,25,0.106,0.406
76708,128,144,16,61,87,26,0.106,0.406
76710,126,142,16,59,85,26,0.106,0.406
76711,127,143,16,60,86,26,0.106,0.406
76712,125,142,17,58,84,26,0.106,0.406
76798,129,145,16,62,88,26,0.106,0.406
76801,122,139,17,53,77,24,0.089,0.172
76802,122,139,17,54,77,23,0.089,0.172
76820,118,136,18,42,67,25,0.039,0.050
76821,119,138,19,42,67,25,0.039,0.106
76823,119,137,18,47,72,25,0.089,0.172
76824,119,136,17,43,68,25,0.072,0.139
76825,114,133,19,37,62,25,0.039,0.056
76827,119,137,18,47,71,24,0.089,0.172
76831,120,138,18,43,69,26,0.039,0.128
76832,116,134,18,38,64,26,0.044,0.078
76836,117,136,19,41,66,25,0.039,0.056
76837,114,134,20,32,58,26,0.028,0.078
76841,108,128,20,23,47,24,0.033,0.050
76842,114,132,18,35,60,25,0.039,0.050
76844,110,129,19,31,57,26,0.033,0.078
76848,111,130,19,30,54,24,0.033,0.050
76849,113,132,19,26,51,25,0.017,0.028
76852,116,134,18,40,65,25,0.039,0.056
76853,114,132,18,37,62,25,0.072,0.139
76854,112,132,20,29,54,25,0.017,0.028
76856,112,130,18,31,56,25,0.039,0.050
76857,115,132,17,45,69,24,0.089,0.172
76858,115,134,19,36,61,25,0.039,0.056
76859,111,131,20,28,53,25,0.033,0.050
76861,117,136,19,39,64,25,0.022,0.044
76862,120,139,19,44,69,25,0.028,0.078
76864,113,132,19,37,63,26,0.033,0.078
76865,115,134,19,38,63,25,0.039,0.106
76866,122,140,18,46,70,24,0.028,0.078
76869,116,134,18,39,64,25,0.039,0.050
76870,110,128,18,34,59,25,0.033,0.078
76871,116,134,18,40,65,25,0.044,0.078
76872,116,134,18,40,65,25,0.039,0.056
76874,110,129,19,22,47,25,0.011,0.039
76875,121,140,19,45,69,24,0.039,0.106
76877,118,136,18,44,69,25,0.044,0.078
76882,105,125,20,27,52,25,0.056,0.100
76885,120,138,18,45,70,25,0.039,0.128
76887,116,134,18,38,63,25,0.039,0.056
76888,113,132,19,35,60,25,0.056,0.100
76890,115,132,17,42,67,25,0.089,0.172
76901,109,128,19,29,54,25,0.022,0.044
76903,110,129,19,30,55,25,0.022,0.044
76904,109,128,19,28,53,25,0.022,0.044
76905,110,129,19,31,56,25,0.022,0.044
76908,109,129,20,29,54,25,0.022,0.044
76930,103,122,19,21,44,23,0.022,0.044
76932,101,120,19,18,40,22,0.006,0.017
76933,114,133,19,39,64,25,0.022,0.056
76934,107,126,19,26,51,25,0.022,0.044
76935,105,124,19,22,46,24,0.022,0.044
76936,100,120,20,16,38,22,0.028,0.039
76937,116,135,19,37,62,25,0.022,0.044
76939,107,125,18,24,48,24,0.022,0.044
76940,118,137,19,40,65,25,0.022,0.044
76941,108,127,19,26,50,24,0.022,0.044
76943,108,127,19,24,48,24,0.022,0.044
76945,111,130,19,36,60,24,0.022,0.056
76949,108,127,19,31,56,25,0.022,0.056
76950,111,130,19,25,50,25,0.011,0.039
76951,103,122,19,22,45,23,0.028,0.056
76953,110,130,20,32,56,24,0.022,0.056
76955,113,132,19,32,57,25,0.022,0.044
76957,112,131,19,32,57,25,0.022,0.044
76958,104,124,20,23,47,24,0.022,0.044
77002,138,156,18,64,93,29,0.356,1.078
77003,141,158,17,67,96,29,0.356,1.078
77004,139,156,17,64,94,30,0.356,1.078
77005,139,156,17,64,93,29,0.356,1.078
77006,138,155,17,63,92,29,0.356,1.078
77007,137,155,18,62,92,30,0.356,1.078
77008,137,155,18,62,92,30,0.356,1.078
77009,137,155,18,62,92,30,0.356,1.078
77010,138,156,18,64,93,29,0.356,1.078
77011,143,160,17,70,99,29,0.356,1.078
77012,143,160,17,69,98,29,0.356,1.078
77013,144,161,17,72,101,29,0.356,1.078
77014,144,160,16,73,100,27,0.356,1.078
77015,142,159,17,68,98,30,0.356,1.078
77016,140,158,18,68,97,29,0.356,1.078
77017,142,159,17,66,97,31,0.356,1.078
77018,138,155,17,63,92,29,0.356,1.078
77019,137,155,18,62,92,30,0.356,1.078
77020,142,159,17,69,98,29,0.356,1.078
77021,140,157,17,65,94,29,0.356,1.078
77022,137,155,18,62,91,29,0.356,1.078
77023,142,159,17,67,97,30,0.356,1.078
77024,142,159,17,67,97,30,0.356,1.078
77025,140,158,18,66,95,29,0.356,1.078
77026,140,158,18,67,96,29,0.356,1.078
77027,138,155,17,62,92,30,0.356,1.078
77028,142,159,17,71,99,28,0.356,1.078
77029,144,161,17,71,100,29,0.356,1.078
77030,138,156,18,62,92,30,0.356,1.078
77031,145,162,17,73,101,28,0.356,1.078
77032,143,160,17,73,101,28,0.356,1.078
77033,140,158,18,64,94,30,0.356,1.078
77034,140,158,18,65,95,30,0.356,1.078
77035,143,160,17,70,99,29,0.356,1.078
77036,144,161,17,71,100,29,0.356,1.078
77037,139,157,18,65,94,29,0.356,1.078
77038,143,160,17,71,99,28,0.356,1.078
77039,142,159,17,69,98,29,0.356,1.078
77040,141,158,17,68,97,29,0.356,1.078
77041,142,160,18,69,98,29,0.356,1.078
77042,144,160,16,70,99,29,0.356,1.078
77043,143,160,17,69,98,29,0.356,1.078
77044,145,161,16,76,103,27,0.356,1.078
77045,142,159,17,68,97,29,0.356,1.078
77046,138,156,18,63,92,29,0.356,1.078
77047,140,158,18,65,95,30,0.356,1.078
77048,139,157,18,62,92,30,0.356,1.078
77049,142,159,17,69,99,30,0.356,1.078
77050,142,159,17,71,100,29,0.356,1.078
77051,140,157,17,64,94,30,0.356,1.078
77053,145,162,17,71,100,29,0.267,0.717
77054,140,157,17,65,94,29,0.356,1.078
77055,140,157,17,65,95,30,0.356,1.078
77056,138,156,18,63,93,30,0.356,1.078
77057,140,157,17,66,95,29,0.356,1.078
77058,135,153,18,56,88,32,0.356,1.078
77059,134,152,18,53,85,32,0.356,1.078
77060,143,160,17,71,99,28,0.356,1.078
77061,141,159,18,65,95,30,0.356,1.078
77062,133,152,19,51,84,33,0.356,1.078
77063,142,160,18,69,98,29,0.356,1.078
77064,143,160,17,71,99,28,0.356,1.078
77065,143,160,17,71,99,28,0.356,1.078
77066,143,160,17,71,100,29,0.356,1.078
77067,144,160,16,73,101,28,0.356,1.078
77068,143,160,17,72,100,28,0.356,1.078
77069,143,159,16,72,99,27,0.356,1.078
77070,143,159,16,72,99,27,0.356,1.078
77071,145,162,17,72,101,29,0.356,1.078
77072,145,162,17,71,100,29,0.356,1.078
77073,145,161,16,75,102,27,0.356,1.078
77074,143,160,17,70,99,29,0.356,1.078
77075,140,157,17,63,94,31,0.356,1.078
77076,138,155,17,63,92,29,0.356,1.078
77077,144,161,17,71,100,29,0.356,1.078
77078,144,160,16,73,101,28,0.356,1.078
77079,144,161,17,71,100,29,0.356,1.078
77080,141,158,17,67,96,29,0.356,1.078
77081,141,158,17,67,96,29,0.356,1.078
77082,145,162,17,71,100,29,0.356,1.078
77083,145,162,17,72,100,28,0.356,1.078
77084,145,162,17,72,100,28,0.356,1.078
77085,144,161,17,72,100,28,0.356,1.078
77086,142,159,17,70,99,29,0.356,1.078
77087,142,159,17,66,96,30,0.356,1.078
77088,140,157,17,66,95,29,0.356,1.078
77089,139,156,17,61,92,31,0.356,1.078
77090,144,161,17,73,101,28,0.356,1.078
77091,138,156,18,64,93,29,0.356,1.078
77092,139,156,17,65,94,29,0.356,1.078
77093,139,156,17,64,94,30,0.356,1.078
77094,146,163,17,73,102,29,0.356,1.078
77095,144,161,17,71,100,29,0.356,1.078
77096,143,160,17,70,99,29,0.356,1.078
77098,137,155,18,62,92,30,0.356,1.078
77099,145,162,17,72,101,29,0.356,1.078
77201,138,156,18,64,93,29,0.356,1.078
77301,142,159,17,77,102,25,0.211,0.850
77302,143,159,16,76,102,26,0.211,0.850
77303,140,157,17,73,99,26,0.211,0.850
77304,142,159,17,77,102,25,0.211,0.850
77306,141,158,17,74,100,26,0.211,0.850
77316,142,159,17,76,101,25,0.211,0.850
77318,139,156,17,73,99,26,0.211,0.850
77320,134,151,17,66,93,27,0.183,1.028
77326,140,157,17,75,100,25,0.317,1.233
77327,141,158,17,76,101,25,0.383,1.461
77328,137,154,17,69,96,27,0.211,0.850
77331,135,153,18,70,95,25,0.200,1.106
77334,133,150,17,66,93,27,0.183,1.028
77335,138,155,17,73,98,25,0.317,1.233
77336,144,160,16,78,104,26,0.356,1.078
77338,145,161,16,75,102,27,0.356,1.078
77339,144,161,17,74,102,28,0.356,1.078
77340,134,151,17,65,93,28,0.183,1.028
77345,144,161,17,75,102,27,0.356,1.078
77346,145,161,16,76,104,28,0.356,1.078
77350,134,151,17,71,96,25,0.317,1.233
77351,136,153,17,72,97,25,0.317,1.233
77354,143,159,16,76,102,26,0.211,0.850
77355,142,159,17,75,101,26,0.211,0.850
77356,140,157,17,73,99,26,0.211,0.850
77357,143,159,16,75,102,27,0.211,0.850
77358,135,152,17,69,95,26,0.183,1.028
77359,134,151,17,67,94,27,0.200,1.106
77360,136,153,17,71,96,25,0.317,1.233
77362,142,159,17,74,101,27,0.211,0.850
77363,140,157,17,73,99,26,0.228,0.961
77364,135,153,18,70,96,26,0.200,1.106
77365,144,160,16,75,102,27,0.211,0.850
77367,135,152,17,68,95,27,0.183,1.028
77368,141,158,17,75,101,26,0.383,1.461
77369,140,157,17,77,101,24,0.383,1.461
77371,138,155,17,71,98,27,0.200,1.106
77372,140,157,17,73,100,27,0.211,0.850
77373,145,162,17,75,103,28,0.356,1.078
77374,140,157,17,78,102,24,0.278,1.211
77375,142,159,17,72,99,27,0.356,1.078
77376,140,157,17,77,102,25,0.278,1.211
77377,142,159,17,72,99,27,0.356,1.078
77378,139,156,17,73,98,25,0.211,0.850
77379,142,159,17,72,100,28,0.356,1.078
77380,143,160,17,74,101,27,0.211,0.850
77381,143,160,17,76,102,26,0.211,0.850
77382,143,159,16,77,102,25,0.211,0.850
77384,143,160,17,78,103,25,0.211,0.850
77385,143,160,17,76,102,26,0.211,0.850
77386,144,161,17,75,102,27,0.211,0.850
77388,144,160,16,74,101,27,0.356,1.078
77389,143,159,16,73,100,27,0.356,1.078
77396,144,161,17,74,102,28,0.356,1.078
77401,140,157,17,66,95,29,0.356,1.078
77406,146,164,18,73,102,29,0.267,0.717
77407,146,163,17,72,101,29,0.267,0.717
77412,153,169,16,82,108,26,0.339,1.122
77414,148,163,15,86,109,23,0.772,4.000
77415,148,162,14,89,112,23,0.772,4.000
77417,148,165,17,73,102,29,0.267,0.717
77418,146,162,16,75,102,27,0.356,1.139
77419,146,163,17,68,98,30,0.772,4.000
77420,147,164,17,72,100,28,0.283,0.911
77422,148,162,14,92,113,21,0.928,4.678
77423,148,165,17,77,105,28,0.311,0.800
77426,143,160,17,74,101,27,0.244,0.717
77428,145,161,16,69,100,31,0.772,4.000
77429,143,160,17,72,100,28,0.356,1.078
77430,147,163,16,72,101,29,0.928,4.678
77432,149,166,17,69,99,30,0.283,0.911
77433,144,161,17,73,101,28,0.356,1.078
77434,153,169,16,81,108,27,0.339,1.122
77435,150,167,17,76,104,28,0.283,0.911
77436,152,168,16,76,105,29,0.283,0.911
77437,152,168,16,73,103,30,0.283,0.911
77440,144,161,17,66,96,30,0.772,4.000
77441,148,165,17,76,104,28,0.267,0.717
77442,152,169,17,77,105,28,0.339,1.122
77443,151,167,16,75,104,29,0.283,0.911
77444,147,163,16,72,101,29,0.267,0.717
77445,142,159,17,73,100,27,0.311,0.800
77446,142,159,17,75,101,26,0.311,0.800
77447,143,159,16,74,101,27,0.356,1.078
77448,149,166,17,73,102,29,0.283,0.911
77449,146,162,16,73,102,29,0.356,1.078
77450,146,163,17,73,101,28,0.356,1.078
77451,149,165,16,73,102,29,0.267,0.717
77453,148,164,16,72,100,28,0.283,0.911
77454,152,168,16,80,107,27,0.283,0.911
77455,151,168,17,72,102,30,0.283,0.911
77456,146,163,17,68,97,29,0.772,4.000
77457,149,163,14,91,114,23,0.772,4.000
77458,146,163,17,68,97,29,0.772,4.000
77459,148,164,16,75,104,29,0.267,0.717
77460,152,168,16,76,104,28,0.339,1.122
77461,148,164,16,73,102,29,0.267,0.717
77464,149,165,16,74,103,29,0.267,0.717
77465,144,161,17,63,95,32,0.772,4.000
77466,149,165,16,79,106,27,0.311,0.800
77467,151,167,16,74,103,29,0.283,0.911
77468,147,163,16,72,101,29,0.772,4.000
77469,148,165,17,75,104,29,0.267,0.717
77470,152,168,16,79,105,26,0.339,1.122
77471,148,165,17,74,103,29,0.267,0.717
77473,149,166,17,79,106,27,0.356,1.139
77474,150,166,16,80,107,27,0.356,1.139
77475,152,168,16,77,104,27,0.339,1.122
77476,149,166,17,77,105,28,0.267,0.717
77477,146,163,17,73,102,29,0.267,0.717
77478,146,163,17,74,102,28,0.267,0.717
77479,148,165,17,76,104,28,0.267,0.717
77480,144,160,16,73,101,28,0.928,4.678
77481,149,166,17,77,106,29,0.267,0.717
77482,145,161,16,66,96,30,0.772,4.000
77483,151,165,14,93,115,22,0.772,4.000
77484,143,159,16,75,101,26,0.311,0.800
77485,150,167,17,78,106,28,0.356,1.139
77486,144,161,17,72,100,28,0.928,4.678
77488,149,166,17,73,102,29,0.283,0.911
77489,146,163,17,74,102,28,0.267,0.717
77493,147,163,16,75,103,28,0.356,1.078
77494,146,163,17,74,102,28,0.267,0.717
77498,145,163,18,72,101,29,0.267,0.717
77502,141,158,17,66,96,30,0.356,1.078
77503,139,157,18,64,95,31,0.356,1.078
77504,140,157,17,65,95,30,0.356,1.078
77505,137,155,18,60,91,31,0.356,1.078
77506,141,159,18,66,97,31,0.356,1.078
77507,136,154,18,58,90,32,0.356,1.078
77510,141,157,16,77,104,27,0.244,0.883
77511,137,155,18,60,92,32,0.928,4.678
77514,140,154,14,80,105,25,0.344,1.539
77515,144,160,16,76,104,28,0.928,4.678
77517,139,155,16,69,98,29,0.244,0.883
77518,139,153,14,75,101,26,0.244,0.883
77519,141,157,16,77,102,25,0.278,1.211
77520,140,156,16,70,98,28,0.356,1.078
77521,141,157,16,74,101,27,0.356,1.078
77523,143,158,15,77,104,27,0.344,1.539
77530,139,157,18,65,95,30,0.356,1.078
77531,151,165,14,102,121,19,0.928,4.678
77532,143,160,17,75,102,27,0.356,1.078
77533,145,160,15,82,106,24,0.383,1.461
77534,150,165,15,93,116,23,0.928,4.678
77535,146,161,15,82,107,25,0.383,1.461
77536,137,155,18,61,92,31,0.356,1.078
77538,145,161,16,81,106,25,0.383,1.461
77539,137,153,16,66,95,29,0.244,0.883
77541,146,159,13,97,115,18,0.928,4.678
77545,146,163,17,73,102,29,0.267,0.717
77546,133,152,19,51,84,33,0.244,0.883
77547,144,161,17,70,100,30,0.356,1.078
77550,125,140,15,53,83,30,0.244,0.883
77551,125,140,15,53,84,31,0.244,0.883
77554,126,140,14,54,84,30,0.244,0.883
77560,140,156,16,73,100,27,0.344,1.539
77561,144,160,16,82,106,24,0.383,1.461
77562,139,157,18,68,97,29,0.356,1.078
77563,136,150,14,72,99,27,0.244,0.883
77564,142,159,17,79,104,25,0.383,1.461
77565,139,156,17,67,97,30,0.244,0.883
77566,150,164,14,97,118,21,0.928,4.678
77568,137,152,15,76,102,26,0.244,0.883
77571,136,154,18,59,90,31,0.356,1.078
77573,136,153,17,59,91,32,0.244,0.883
77575,146,162,16,84,108,24,0.383,1.461
77577,148,164,16,88,112,24,0.928,4.678
77578,141,158,17,64,95,31,0.928,4.678
77580,142,158,16,76,102,26,0.344,1.539
77581,138,156,18,59,90,31,0.928,4.678
77583,143,161,18,68,98,30,0.928,4.678
77584,141,158,17,65,95,30,0.928,4.678
77585,140,157,17,75,101,26,0.278,1.211
77586,136,153,17,60,91,31,0.356,1.078
77587,141,159,18,66,96,30,0.356,1.078
77590,132,147,15,66,94,28,0.244,0.883
77591,139,154,15,80,105,25,0.244,0.883
77597,143,158,15,78,105,27,0.344,1.539
77598,132,151,19,49,83,34,0.356,1.078
77611,135,152,17,63,93,30,0.150,0.600
77612,141,158,17,78,103,25,0.400,1.528
77613,141,157,16,73,100,27,0.189,0.667
77614,132,149,17,60,89,29,0.367,1.483
77615,140,157,17,75,101,26,0.400,1.528
77616,141,158,17,76,102,26,0.372,1.378
77617,126,140,14,61,88,27,,
77619,138,155,17,67,96,29,0.189,0.667
77622,140,156,16,71,98,27,0.189,0.667
77623,131,144,13,71,96,25,0.244,0.883
77624,137,154,17,73,99,26,0.372,1.378
77625,141,157,16,76,102,26,0.278,1.211
77627,138,154,16,66,95,29,0.189,0.667
77629,141,157,16,74,100,26,0.189,0.667
77630,133,150,17,60,89,29,0.150,0.600
77632,131,149,18,58,88,30,0.150,0.600
77640,138,153,15,67,96,29,0.189,0.667
77642,138,154,16,67,96,29,0.189,0.667
77650,125,139,14,54,84,30,0.244,0.883
77651,138,154,16,67,95,28,0.189,0.667
77655,134,148,14,67,94,27,0.189,0.667
77656,140,157,17,76,102,26,0.278,1.211
77657,139,156,17,74,100,26,0.278,1.211
77659,141,157,16,74,101,27,0.278,1.211
77660,140,156,16,75,101,26,0.372,1.378
77661,139,154,15,71,98,27,0.344,1.539
77662,135,152,17,65,93,28,0.150,0.600
77663,141,158,17,78,102,24,0.278,1.211
77664,140,157,17,76,101,25,0.372,1.378
77665,140,156,16,72,99,27,0.344,1.539
77701,136,153,17,66,94,28,0.189,0.667
77702,137,153,16,67,95,28,0.189,0.667
77703,137,153,16,68,95,27,0.189,0.667
77705,138,155,17,66,95,29,0.189,0.667
77706,138,155,17,69,96,27,0.189,0.667
77707,138,155,17,69,97,28,0.189,0.667
77708,138,155,17,70,97,27,0.189,0.667
77713,140,156,16,72,99,27,0.189,0.667
77801,137,154,17,66,94,28,0.228,0.783
77802,137,154,17,68,95,27,0.228,0.783
77803,137,154,17,67,94,27,0.228,0.783
77807,137,154,17,67,95,28,0.228,0.783
77808,137,154,17,68,96,28,0.228,0.783
77830,137,154,17,69,96,27,0.228,0.961
77831,137,154,17,70,96,26,0.228,0.961
77833,143,159,16,75,101,26,0.244,0.717
77835,140,157,17,71,97,26,0.244,0.717
77836,136,153,17,66,93,27,0.133,0.522
77837,135,152,17,66,93,27,0.161,0.828
77840,138,155,17,68,95,27,0.228,0.783
77845,138,155,17,69,96,27,0.228,0.783
77853,136,153,17,64,91,27,0.178,0.511
77856,133,150,17,65,92,27,0.161,0.828
77857,136,154,18,68,94,26,0.156,0.561
77859,136,153,17,68,95,27,0.161,0.828
77861,138,155,17,70,97,27,0.228,0.961
77864,140,157,17,75,101,26,0.278,1.183
77867,137,154,17,69,96,27,0.161,0.828
77868,139,156,17,72,98,26,0.228,0.961
77871,137,154,17,71,97,26,0.256,1.317
77872,138,155,17,71,98,27,0.278,1.183
77873,136,153,17,68,95,27,0.228,0.961
77876,136,153,17,67,95,28,0.228,0.961
77878,138,156,18,68,95,27,0.133,0.522
77879,137,154,17,69,95,26,0.133,0.522
77880,140,157,17,72,98,26,0.244,0.717
77901,155,171,16,83,109,26,0.239,0.728
77904,154,170,16,81,108,27,0.239,0.728
77905,157,172,15,83,109,26,0.239,0.728
77950,147,161,14,82,106,24,0.117,0.422
77951,154,171,17,83,109,26,0.239,0.728
77954,157,173,16,84,109,25,0.250,0.728
77957,152,168,16,77,104,27,0.228,0.622
77960,161,177,16,84,111,27,0.156,0.450
77961,147,164,17,70,100,30,0.228,0.622
77962,151,168,17,75,103,28,0.228,0.622
77963,162,178,16,84,110,26,0.156,0.450
77964,150,166,16,75,102,27,0.239,0.639
77968,153,169,16,79,106,27,0.239,0.728
77969,153,170,17,80,107,27,0.228,0.622
77970,149,166,17,74,102,28,0.228,0.622
77971,150,167,17,75,103,28,0.228,0.622
77973,156,172,16,85,111,26,0.239,0.728
77974,158,174,16,83,109,26,0.239,0.728
77975,143,160,17,66,93,27,0.239,0.639
77976,156,172,16,84,109,25,0.239,0.728
77977,154,171,17,81,108,27,0.239,0.728
77978,148,165,17,71,101,30,0.117,0.494
77979,147,164,17,70,100,30,0.117,0.494
77982,145,160,15,76,104,28,0.117,0.494
77983,147,163,16,75,104,29,0.117,0.494
77984,146,162,16,69,96,27,0.239,0.639
77987,149,166,17,75,101,26,0.239,0.639
77988,155,171,16,83,109,26,0.239,0.728
77990,148,164,16,73,102,29,0.117,0.422
77991,151,168,17,76,104,28,0.228,0.622
77993,157,173,16,80,106,26,0.156,0.450
77994,151,167,16,75,100,25,0.250,0.728
77995,151,167,16,76,103,27,0.239,0.639
78001,168,183,15,97,118,21,0.139,0.328
78002,150,166,16,72,98,26,0.067,0.156
78003,125,143,18,42,69,27,0.022,0.056
78004,124,142,18,45,72,27,0.044,0.078
78005,157,173,16,79,104,25,0.206,0.194
78006,117,136,19,34,60,26,0.044,0.078
78007,166,181,15,96,118,22,0.122,0.328
78008,161,176,15,86,110,24,0.128,0.256
78009,145,161,16,64,91,27,0.156,0.156
78010,110,129,19,24,48,24,0.044,0.078
78011,161,177,16,84,108,24,0.128,0.256
78012,166,181,15,93,115,22,0.128,0.256
78013,111,130,19,26,50,24,0.044,0.078
78014,166,181,15,94,115,21,0.139,0.328
78015,122,141,19,40,67,27,0.067,0.156
78016,151,167,16,73,99,26,0.156,0.156
78017,160,175,15,87,109,22,0.206,0.194
78019,169,183,14,97,118,21,0.139,0.328
78021,167,182,15,94,116,22,0.139,0.328
78022,164,180,16,93,116,23,0.167,0.539
78023,132,149,17,51,78,27,0.067,0.156
78024,101,121,20,14,35,21,0.044,0.078
78025,102,122,20,17,39,22,0.044,0.078
78026,162,177,15,88,111,23,0.128,0.256
78027,120,138,18,41,67,26,0.044,0.078
78028,104,124,20,19,42,23,0.044,0.078
78029,101,122,21,15,36,21,0.044,0.078
78039,147,164,17,67,94,27,0.156,0.156
78040,172,187,15,97,118,21,0.211,0.328
78041,171,185,14,95,116,21,0.211,0.328
78043,169,184,15,94,115,21,0.211,0.328
78044,166,181,15,92,113,21,0.211,0.328
78045,170,185,15,94,115,21,0.211,0.328
78046,170,185,15,95,115,20,0.211,0.328
78050,157,172,15,83,106,23,0.128,0.256
78052,149,166,17,70,96,26,0.128,0.256
78055,112,131,19,25,50,25,0.022,0.056
78056,130,147,17,47,75,28,0.156,0.156
78057,155,170,15,79,103,24,0.206,0.194
78058,101,122,21,14,35,21,0.044,0.078
78059,149,166,17,69,95,26,0.156,0.156
78060,167,182,15,97,120,23,0.167,0.539
78061,158,174,16,84,107,23,0.206,0.194
78063,125,143,18,42,69,27,0.022,0.056
78064,162,177,15,90,112,22,0.128,0.256
78065,153,169,16,78,102,24,0.128,0.256
78066,140,157,17,60,87,27,0.156,0.156
78067,179,193,14,104,125,21,0.133,0.400
78069,148,165,17,70,96,26,0.128,0.256
78070,126,143,17,48,74,26,0.078,0.172
78071,166,181,15,96,119,23,0.167,0.539
78072,167,182,15,94,117,23,0.122,0.328
78073,148,164,16,71,96,25,0.067,0.156
78075,164,179,15,92,115,23,0.167,0.539
78076,184,197,13,110,131,21,0.133,0.400
78101,145,161,16,68,94,26,0.067,0.156
78102,157,173,16,79,105,26,0.089,0.256
78104,153,169,16,73,99,26,0.089,0.256
78107,157,173,16,78,104,26,0.156,0.450
78108,138,155,17,60,86,26,0.072,0.183
78109,141,158,17,64,90,26,0.067,0.156
78112,150,166,16,74,99,25,0.067,0.156
78113,155,171,16,79,103,24,0.139,0.372
78114,151,167,16,76,100,24,0.139,0.372
78116,149,165,16,71,97,26,0.139,0.372
78117,154,169,15,77,102,25,0.139,0.372
78118,153,169,16,76,101,25,0.139,0.372
78119,155,171,16,79,103,24,0.139,0.372
78121,145,161,16,69,94,25,0.139,0.372
78122,143,160,17,65,92,27,0.100,0.250
78123,140,156,16,63,89,26,0.072,0.183
78124,140,156,16,63,89,26,0.072,0.183
78125,156,172,16,80,104,24,0.089,0.256
78130,138,154,16,61,87,26,0.078,0.172
78132,132,149,17,55,81,26,0.078,0.172
78133,126,143,17,48,74,26,0.078,0.172
78140,146,162,16,67,93,26,0.100,0.250
78141,153,169,16,75,100,25,0.250,0.728
78142,154,170,16,74,100,26,0.089,0.256
78143,146,162,16,68,93,25,0.139,0.372
78144,154,170,16,79,103,24,0.139,0.372
78145,156,171,15,80,104,24,0.089,0.256
78146,154,170,16,76,101,25,0.089,0.256
78147,153,169,16,78,101,23,0.139,0.372
78148,139,156,17,62,88,26,0.067,0.156
78151,155,171,16,78,103,25,0.139,0.372
78152,145,161,16,69,94,25,0.067,0.156
78154,139,156,17,62,88,26,0.072,0.183
78155,140,156,16,63,89,26,0.072,0.183
78159,148,165,17,71,97,26,0.100,0.250
78160,145,162,17,68,94,26,0.139,0.372
78161,147,163,16,71,96,25,0.139,0.372
78162,153,170,17,74,100,26,0.089,0.256
78163,126,144,18,47,73,26,0.078,0.172
78164,153,169,16,76,101,25,0.250,0.728
78201,142,159,17,66,91,25,0.067,0.156
78202,143,160,17,67,92,25,0.067,0.156
78203,143,160,17,67,92,25,0.067,0.156
78204,145,161,16,68,94,26,0.067,0.156
78205,144,160,16,67,93,26,0.067,0.156
78207,144,161,17,68,94,26,0.067,0.156
78208,143,160,17,67,92,25,0.067,0.156
78209,141,158,17,64,90,26,0.067,0.156
78210,144,161,17,68,93,25,0.067,0.156
78211,146,162,16,70,95,25,0.067,0.156
78212,142,159,17,66,91,25,0.067,0.156
78213,139,156,17,62,88,26,0.067,0.156
78214,146,163,17,70,95,25,0.067,0.156
78215,143,160,17,67,92,25,0.067,0.156
78216,139,156,17,61,87,26,0.067,0.156
78217,138,155,17,61,87,26,0.067,0.156
78218,140,157,17,63,89,26,0.067,0.156
78219,142,159,17,66,91,25,0.067,0.156
78220,143,160,17,67,92,25,0.067,0.156
78221,147,163,16,71,96,25,0.067,0.156
78222,146,162,16,69,95,26,0.067,0.156
78223,146,163,17,70,95,25,0.067,0.156
78224,147,164,17,71,96,25,0.067,0.156
78225,145,162,17,68,94,26,0.067,0.156
78226,145,162,17,69,94,25,0.067,0.156
78227,145,161,16,68,94,26,0.067,0.156
78228,143,159,16,66,92,26,0.067,0.156
78229,137,154,17,58,85,27,0.067,0.156
78230,136,153,17,57,83,26,0.067,0.156
78231,135,152,17,56,83,27,0.067,0.156
78232,138,155,17,60,87,27,0.067,0.156
78233,137,154,17,59,85,26,0.067,0.156
78234,142,159,17,66,91,25,0.067,0.156
78235,148,164,16,72,97,25,0.067,0.156
78236,145,162,17,68,94,26,0.067,0.156
78237,145,161,16,68,94,26,0.067,0.156
78238,140,157,17,62,88,26,0.067,0.156
78239,139,156,17,61,87,26,0.067,0.156
78240,137,154,17,57,84,27,0.067,0.156
78242,147,164,17,71,96,25,0.067,0.156
78244,142,158,16,65,90,25,0.067,0.156
78245,144,161,17,67,93,26,0.067,0.156
78247,136,153,17,57,84,27,0.067,0.156
78248,135,152,17,56,83,27,0.067,0.156
78249,135,152,17,55,82,27,0.067,0.156
78250,140,157,17,62,89,27,0.067,0.156
78251,142,159,17,65,91,26,0.067,0.156
78252,148,164,16,72,97,25,0.067,0.156
78253,140,157,17,61,88,27,0.067,0.156
78254,137,154,17,58,85,27,0.067,0.156
78255,125,143,18,43,71,28,0.067,0.156
78256,128,146,18,47,74,27,0.067,0.156
78257,129,146,17,47,75,28,0.067,0.156
78258,131,149,18,51,79,28,0.067,0.156
78259,133,150,17,54,81,27,0.067,0.156
78260,127,144,17,46,73,27,0.067,0.156
78261,130,147,17,51,77,26,0.067,0.156
78263,146,163,17,70,95,25,0.067,0.156
78264,149,166,17,73,98,25,0.067,0.156
78266,135,152,17,57,84,27,0.078,0.172
78330,167,183,16,91,116,25,0.133,0.356
78332,168,184,16,94,117,23,0.189,0.517
78335,143,158,15,68,97,29,0.133,0.272
78336,144,160,16,64,96,32,0.133,0.272
78338,179,195,16,99,125,26,0.267,0.478
78339,162,179,17,87,112,25,0.133,0.356
78340,149,166,17,73,102,29,0.117,0.422
78341,169,185,16,92,115,23,0.122,0.333
78342,168,184,16,94,118,24,0.189,0.517
78343,166,182,16,87,114,27,0.133,0.356
78344,166,182,16,88,111,23,0.211,0.328
78349,173,189,16,98,122,24,0.122,0.333
78351,162,179,17,85,111,26,0.133,0.356
78352,157,173,16,82,108,26,0.133,0.272
78353,179,195,16,101,125,24,0.294,0.544
78355,177,192,15,105,128,23,0.294,0.544
78357,166,182,16,89,112,23,0.122,0.333
78358,149,164,15,80,106,26,0.094,0.289
78359,147,164,17,64,97,33,0.133,0.272
78361,172,187,15,95,119,24,0.106,0.300
78362,144,160,16,63,95,32,0.133,0.272
78363,168,185,17,91,117,26,0.217,0.517
78368,159,175,16,79,106,27,0.133,0.272
78369,163,178,15,85,107,22,0.211,0.328
78370,158,174,16,83,109,26,0.133,0.272
78371,164,179,15,86,108,22,0.211,0.328
78372,160,176,16,82,108,26,0.189,0.517
78373,141,156,15,60,92,32,0.133,0.356
78374,144,162,18,59,92,33,0.133,0.272
78375,174,189,15,100,124,24,0.189,0.517
78376,172,188,16,95,119,24,0.122,0.333
78377,154,171,17,76,104,28,0.117,0.422
78379,167,183,16,89,115,26,0.217,0.517
78380,160,177,17,86,112,26,0.133,0.356
78382,148,163,15,79,105,26,0.094,0.289
78383,159,175,16,81,107,26,0.167,0.539
78384,166,183,17,90,114,24,0.122,0.333
78385,172,188,16,96,121,25,0.267,0.478
78387,155,172,17,78,105,27,0.133,0.272
78389,160,176,16,82,109,27,0.089,0.256
78390,152,169,17,72,102,30,0.133,0.272
78391,160,176,16,81,108,27,0.089,0.256
78393,153,170,17,75,103,28,0.117,0.422
78401,147,165,18,64,95,31,0.133,0.356
78402,144,162,18,57,91,34,0.133,0.356
78404,148,165,17,66,97,31,0.133,0.356
78405,148,166,18,66,97,31,0.133,0.356
78406,156,173,17,77,106,29,0.133,0.356
78407,149,167,18,67,97,30,0.133,0.356
78408,150,167,17,67,98,31,0.133,0.356
78409,156,173,17,77,106,29,0.133,0.356
78410,159,175,16,83,110,27,0.133,0.356
78411,148,166,18,66,97,31,0.133,0.356
78412,149,166,17,68,99,31,0.133,0.356
78413,152,169,17,72,102,30,0.133,0.356
78414,151,167,16,72,102,30,0.133,0.356
78415,150,168,18,70,100,30,0.133,0.356
78416,149,167,18,68,99,31,0.133,0.356
78417,153,170,17,73,102,29,0.133,0.356
78418,149,164,15,77,104,27,0.133,0.356
78501,180,196,16,99,123,24,0.178,0.422
78503,181,197,16,100,125,25,0.178,0.422
78504,180,196,16,99,124,25,0.178,0.422
78516,181,197,16,101,125,24,0.178,0.422
78520,180,196,16,101,126,25,0.156,0.406
78521,175,192,17,95,121,26,0.156,0.406
78526,176,192,16,97,122,25,0.156,0.406
78535,175,192,17,97,122,25,0.156,0.406
78536,181,197,16,102,126,24,0.133,0.400
78537,182,197,15,101,126,25,0.178,0.422
78538,181,196,15,100,125,25,0.178,0.422
78539,181,197,16,101,125,24,0.178,0.422
78541,182,198,16,103,127,24,0.178,0.422
78542,181,197,16,102,126,24,0.178,0.422
78543,181,197,16,100,125,25,0.178,0.422
78545,184,198,14,113,134,21,0.133,0.400
78548,186,201,15,107,130,23,0.133,0.400
78549,181,197,16,103,127,24,0.178,0.422
78550,174,190,16,96,122,26,0.156,0.406
78552,176,192,16,97,122,25,0.156,0.406
78557,181,197,16,100,124,24,0.178,0.422
78558,181,197,16,101,126,25,0.178,0.422
78559,178,194,16,97,123,26,0.156,0.406
78560,186,201,15,107,130,23,0.178,0.422
78561,180,196,16,101,126,25,0.139,0.378
78562,180,196,16,98,124,26,0.178,0.422
78563,183,199,16,104,128,24,0.178,0.422
78564,184,197,13,112,133,21,0.133,0.400
78565,186,201,15,107,130,23,0.178,0.422
78566,172,188,16,93,120,27,0.156,0.406
78567,177,192,15,95,121,26,0.156,0.406
78569,178,194,16,99,124,25,0.139,0.378
78570,180,195,15,98,124,26,0.178,0.422
78572,183,198,15,103,127,24,0.178,0.422
78573,182,198,16,102,126,24,0.178,0.422
78574,183,199,16,104,127,23,0.178,0.422
78575,178,195,17,98,125,27,0.156,0.406
78576,186,201,15,106,130,24,0.178,0.422
78577,180,197,17,100,124,24,0.178,0.422
78578,157,172,15,72,102,30,0.156,0.406
78579,179,195,16,97,122,25,0.178,0.422
78580,178,194,16,98,124,26,0.139,0.378
78582,185,200,15,109,131,22,0.133,0.400
78583,169,185,16,93,119,26,0.156,0.406
78584,186,200,14,111,132,21,0.133,0.400
78585,186,200,14,115,135,20,0.133,0.400
78586,175,191,16,96,122,26,0.156,0.406
78588,182,197,15,102,126,24,0.133,0.400
78589,181,197,16,100,125,25,0.178,0.422
78590,165,182,17,89,115,26,0.139,0.378
78591,180,196,16,100,124,24,0.133,0.400
78592,178,193,15,96,122,26,0.156,0.406
78593,179,195,16,98,124,26,0.156,0.406
78594,179,196,17,99,125,26,0.139,0.378
78595,185,201,16,105,129,24,0.178,0.422
78596,181,197,16,100,125,25,0.178,0.422
78597,151,167,16,52,87,35,0.156,0.406
78598,135,156,21,43,78,35,0.139,0.378
78602,142,158,16,71,96,25,0.161,0.511
78605,122,139,17,44,70,26,0.072,0.133
78606,120,138,18,42,68,26,0.050,0.089
78607,125,142,17,52,77,25,0.039,0.128
78608,122,139,17,48,73,25,0.072,0.133
78609,125,142,17,51,76,25,0.039,0.128
78610,135,151,16,61,86,25,0.106,0.206
78611,118,136,18,40,66,26,0.072,0.133
78612,138,155,17,65,91,26,0.161,0.511
78613,129,146,17,55,81,26,0.078,0.222
78614,144,161,17,67,93,26,0.100,0.250
78615,136,152,16,64,90,26,0.078,0.222
78616,137,154,17,63,89,26,0.083,0.222
78617,137,153,16,64,90,26,0.089,0.222
78618,106,125,19,21,44,23,0.022,0.028
78619,130,146,16,54,79,25,0.106,0.206
78620,127,144,17,50,76,26,0.106,0.206
78621,139,156,17,67,93,26,0.161,0.511
78622,140,157,17,66,91,25,0.083,0.222
78623,125,142,17,47,73,26,0.078,0.172
78624,109,128,19,24,48,24,0.022,0.028
78626,131,147,16,58,83,25,0.078,0.222
78628,127,144,17,53,78,25,0.078,0.222
78629,143,159,16,66,92,26,0.100,0.250
78631,102,122,20,16,38,22,0.022,0.028
78632,139,157,18,63,89,26,0.083,0.222
78633,125,142,17,51,76,25,0.078,0.222
78634,132,149,17,61,86,25,0.078,0.222
78635,114,132,18,33,59,26,0.050,0.089
78636,122,139,17,44,70,26,0.050,0.089
78638,140,156,16,64,89,25,0.072,0.183
78639,129,145,16,58,82,24,0.039,0.128
78640,136,152,16,61,86,25,0.106,0.206
78641,127,144,17,53,78,25,0.078,0.222
78642,124,142,18,50,75,25,0.078,0.222
78643,127,144,17,56,80,24,0.039,0.128
78644,139,155,16,64,90,26,0.083,0.222
78645,131,147,16,57,82,25,0.089,0.222
78648,142,159,17,68,93,25,0.083,0.222
78650,137,154,17,65,92,27,0.161,0.511
78652,135,151,16,61,87,26,0.089,0.222
78653,137,153,16,64,91,27,0.089,0.222
78654,128,145,17,56,80,24,0.072,0.133
78655,139,155,16,63,89,26,0.083,0.222
78656,137,153,16,61,87,26,0.083,0.222
78657,126,143,17,51,76,25,0.039,0.128
78659,139,155,16,67,93,26,0.161,0.511
78660,133,149,16,61,87,26,0.089,0.222
78661,141,158,17,67,92,25,0.083,0.222
78662,137,154,17,63,90,27,0.161,0.511
78663,123,140,17,45,71,26,0.050,0.089
78664,132,148,16,59,85,26,0.078,0.222
78665,132,149,17,60,86,26,0.078,0.222
78666,137,153,16,61,87,26,0.106,0.206
78669,130,147,17,55,81,26,0.089,0.222
78670,140,156,16,64,90,26,0.072,0.183
78671,114,132,18,32,58,26,0.022,0.028
78672,124,142,18,51,76,25,0.039,0.128
78675,111,130,19,29,54,25,0.022,0.028
78676,128,145,17,51,77,26,0.106,0.206
78677,147,164,17,70,96,26,0.100,0.250
78681,131,147,16,58,83,25,0.078,0.222
78701,136,152,16,64,90,26,0.089,0.222
78702,136,152,16,64,89,25,0.089,0.222
78703,136,152,16,64,90,26,0.089,0.222
78704,136,152,16,64,89,25,0.089,0.222
78705,136,152,16,64,89,25,0.089,0.222
78712,136,152,16,64,89,25,0.089,0.222
78717,130,147,17,57,82,25,0.078,0.222
78719,137,153,16,64,90,26,0.089,0.222
78721,136,152,16,63,89,26,0.089,0.222
78722,135,151,16,63,88,25,0.089,0.222
78723,135,151,16,63,88,25,0.089,0.222
78724,137,153,16,64,90,26,0.089,0.222
78725,138,154,16,65,91,26,0.089,0.222
78726,130,146,16,56,81,25,0.089,0.222
78727,132,148,16,59,85,26,0.089,0.222
78728,132,148,16,58,84,26,0.089,0.222
78729,130,147,17,56,82,26,0.078,0.222
78730,133,149,16,60,86,26,0.089,0.222
78731,134,150,16,62,87,25,0.089,0.222
78732,133,149,16,59,84,25,0.089,0.222
78733,133,149,16,59,85,26,0.089,0.222
78734,133,148,15,58,84,26,0.089,0.222
78735,134,150,16,60,86,26,0.089,0.222
78736,131,147,16,55,81,26,0.089,0.222
78737,130,147,17,56,81,25,0.106,0.206
78738,131,148,17,56,81,25,0.089,0.222
78739,134,150,16,60,86,26,0.089,0.222
78741,137,153,16,65,91,26,0.089,0.222
78742,137,153,16,65,91,26,0.089,0.222
78744,137,153,16,66,91,25,0.089,0.222
78745,135,151,16,63,88,25,0.089,0.222
78746,135,151,16,63,88,25,0.089,0.222
78747,137,152,15,64,89,25,0.089,0.222
78748,136,152,16,63,88,25,0.089,0.222
78749,134,150,16,60,86,26,0.089,0.222
78750,131,147,16,57,82,25,0.089,0.222
78751,135,151,16,62,88,26,0.089,0.222
78752,133,149,16,60,85,25,0.089,0.222
78753,133,150,17,61,86,25,0.089,0.222
78754,134,150,16,61,87,26,0.089,0.222
78756,134,150,16,61,87,26,0.089,0.222
78757,133,149,16,60,86,26,0.089,0.222
78758,133,149,16,60,85,25,0.089,0.222
78759,132,148,16,59,84,25,0.089,0.222
78801,144,161,17,70,94,24,0.217,0.283
78802,149,166,17,78,100,22,0.217,0.283
78827,169,184,15,100,120,20,0.139,0.228
78828,109,128,19,22,46,24,0.039,0.078
78829,156,172,16,84,106,22,0.217,0.283
78830,168,183,15,98,119,21,0.139,0.228
78832,139,156,17,61,87,26,0.178,0.250
78833,114,133,19,28,54,26,0.039,0.078
78834,164,179,15,94,115,21,0.139,0.228
78836,175,189,14,105,126,21,0.139,0.228
78837,132,149,17,55,79,24,0.050,0.139
78838,126,145,19,45,72,27,0.217,0.283
78839,162,178,16,90,112,22,0.217,0.283
78840,140,157,17,64,88,24,0.050,0.139
78843,141,158,17,65,89,24,0.050,0.139
78850,141,159,18,62,89,27,0.156,0.156
78851,124,141,17,40,66,26,0.011,0.028
78852,158,173,15,91,111,20,0.178,0.250
78860,162,177,15,93,113,20,0.178,0.250
78861,140,157,17,61,87,26,0.156,0.156
78870,145,162,17,70,95,25,0.217,0.283
78871,130,146,16,51,76,25,0.050,0.139
78872,155,171,16,84,106,22,0.217,0.283
78873,111,130,19,24,48,24,0.039,0.078
78877,155,170,15,86,107,21,0.178,0.250
78879,118,137,19,32,59,27,0.039,0.078
78880,107,127,20,21,44,23,0.039,0.089
78881,138,156,18,60,86,26,0.217,0.283
78883,113,133,20,27,52,25,0.022,0.056
78884,118,137,19,33,60,27,0.022,0.056
78885,105,125,20,17,40,23,0.022,0.056
78886,152,168,16,78,102,24,0.156,0.156
78931,143,160,17,73,100,27,0.356,1.139
78932,140,157,17,70,96,26,0.178,0.511
78933,150,166,16,78,105,27,0.356,1.139
78934,153,169,16,82,108,26,0.339,1.122
78935,153,169,16,82,108,26,0.339,1.122
78938,146,163,17,73,99,26,0.178,0.511
78940,144,160,16,72,98,26,0.178,0.511
78941,140,158,18,63,91,28,0.178,0.511
78942,139,156,17,67,93,26,0.178,0.511
78943,153,170,17,83,108,25,0.339,1.122
78944,144,160,16,73,99,26,0.356,1.139
78945,144,161,17,71,97,26,0.178,0.511
78946,140,156,16,69,95,26,0.178,0.511
78947,133,151,18,60,88,28,0.178,0.511
78948,136,153,17,63,90,27,0.178,0.511
78949,142,159,17,68,94,26,0.178,0.511
78950,145,162,17,74,100,26,0.356,1.139
78951,149,166,17,73,100,27,0.339,1.122
78953,139,156,17,64,91,27,0.161,0.511
78954,142,159,17,71,97,26,0.178,0.511
78956,144,161,17,69,96,27,0.178,0.511
78957,143,159,16,71,97,26,0.161,0.511
78959,142,159,17,65,92,27,0.100,0.250
78962,146,163,17,72,99,27,0.339,1.122
78963,143,160,17,70,96,26,0.178,0.511
79001,53,74,21,2,7,5,0.006,0.017
79003,78,95,17,15,31,16,0.028,0.144
79005,75,90,15,14,29,15,0.017,0.061
79007,71,88,17,7,18,11,0.028,0.022
79009,57,78,21,1,6,5,0.006,0.006
79010,70,88,18,5,16,11,0.006,0.017
79011,78,95,17,15,31,16,0.028,0.144
79012,56,76,20,2,8,6,0.006,0.011
79013,67,84,17,5,15,10,0.000,0.011
79014,79,95,16,17,33,16,0.017,0.067
79015,69,88,19,5,14,9,0.006,0.017
79016,70,90,20,5,15,10,0.006,0.017
79018,60,79,19,3,10,7,0.000,0.011
79019,61,80,19,4,13,9,0.028,0.083
79021,67,87,20,3,11,8,0.006,0.028
79022,52,71,19,1,6,5,0.000,0.006
79024,74,89,15,14,29,15,0.017,0.061
79025,58,78,20,2,8,6,0.006,0.017
79027,55,77,22,2,7,5,0.000,0.006
79029,62,80,18,4,13,9,0.000,0.011
79031,60,81,21,2,8,6,0.000,0.028
79032,64,84,20,3,11,8,0.006,0.028
79033,72,88,16,10,24,14,0.028,0.044
79034,74,90,16,15,30,15,0.017,0.061
79035,51,73,22,1,5,4,0.006,0.006
79036,69,87,18,6,17,11,0.028,0.022
79039,67,85,18,6,17,11,0.017,0.017
79040,73,89,16,9,22,13,0.028,0.017
79041,68,88,20,4,13,9,0.006,0.028
79042,61,81,20,3,10,7,0.000,0.017
79043,55,77,22,2,7,5,0.000,0.006
79044,53,72,19,1,7,6,0.000,0.006
79045,57,78,21,2,8,6,0.006,0.017
79046,76,91,15,16,32,16,0.017,0.061
79051,57,75,18,2,9,7,0.000,0.006
79052,66,85,19,4,12,8,0.000,0.017
79053,59,80,21,2,7,5,0.006,0.006
79054,75,92,17,10,25,15,0.017,0.039
79056,81,96,15,22,39,17,0.017,0.061
79057,76,94,18,12,26,14,0.017,0.039
79058,68,85,17,5,16,11,0.006,0.011
79059,73,90,17,11,25,14,0.028,0.061
79061,78,95,17,15,31,16,0.028,0.144
79062,74,90,16,9,22,13,0.028,0.022
79063,55,77,22,2,8,6,0.000,0.006
79064,57,79,22,2,7,5,0.000,0.028
79065,64,82,18,6,16,10,0.017,0.039
79068,66,84,18,5,15,10,0.017,0.017
79070,70,86,16,10,23,13,0.028,0.044
79072,69,88,19,5,15,10,0.006,0.028
79078,74,92,18,8,21,13,0.028,0.022
79079,86,102,16,22,41,19,0.028,0.144
79080,71,89,18,8,21,13,0.028,0.022
79081,79,95,16,14,30,16,0.028,0.017
79082,56,78,22,2,7,5,0.000,0.028
79083,72,89,17,7,19,12,0.028,0.022
79084,60,77,17,3,11,8,0.000,0.011
79085,55,76,21,1,7,6,0.000,0.006
79086,72,89,17,7,19,12,0.000,0.011
79087,40,60,20,0,2,2,0.000,0.006
79088,64,84,20,4,12,8,0.000,0.017
79091,61,81,20,2,9,7,0.006,0.017
79092,46,68,22,1,5,4,0.006,0.017
79093,76,92,16,12,27,15,0.028,0.044
79094,73,91,18,8,20,12,0.028,0.083
79095,102,119,17,39,61,22,0.056,0.217
79096,81,98,17,18,35,17,0.028,0.144
79097,68,85,17,6,17,11,0.017,0.017
79098,52,73,21,1,6,5,0.006,0.017
79101,57,77,20,2,9,7,0.006,0.011
79102,57,77,20,2,9,7,0.006,0.011
79103,59,78,19,2,10,8,0.006,0.011
79104,57,77,20,2,9,7,0.006,0.011
79105,73,90,17,7,19,12,0.006,0.011
79106,58,78,20,2,9,7,0.006,0.011
79107,57,77,20,2,9,7,0.006,0.011
79108,60,79,19,3,10,7,0.006,0.011
79109,60,80,20,3,10,7,0.006,0.017
79110,60,80,20,3,10,7,0.006,0.017
79111,59,78,19,3,10,7,0.006,0.011
79118,62,82,20,3,11,8,0.006,0.017
79119,62,82,20,3,11,8,0.006,0.017
79121,60,80,20,2,10,8,0.006,0.017
79124,59,79,20,2,10,8,0.006,0.011
79201,102,119,17,39,60,21,0.033,0.217
79220,90,108,18,19,39,20,0.006,0.044
79225,109,125,16,52,73,21,0.039,0.267
79226,82,99,17,17,34,17,0.039,0.156
79227,112,128,16,56,75,19,0.067,0.267
79229,96,114,18,26,47,21,0.006,0.044
79230,106,122,16,46,67,21,0.056,0.217
79231,76,94,18,8,21,13,0.006,0.056
79233,102,119,17,38,60,22,0.017,0.156
79234,93,111,18,24,44,20,0.022,0.094
79235,74,93,19,7,20,13,0.006,0.056
79236,109,126,17,45,67,22,0.011,0.144
79237,88,104,16,22,41,19,0.039,0.156
79239,99,116,17,35,57,22,0.017,0.156
79240,85,102,17,20,38,18,0.039,0.156
79241,71,90,19,6,17,11,0.006,0.056
79243,80,98,18,10,26,16,0.006,0.044
79244,90,108,18,21,41,20,0.022,0.094
79245,100,116,16,37,58,21,0.017,0.156
79247,107,123,16,50,70,20,0.150,0.289
79248,106,123,17,43,64,21,0.039,0.189
79250,73,92,19,5,17,12,0.006,0.028
79251,94,110,16,29,49,20,0.056,0.217
79252,107,123,16,49,69,20,0.039,0.267
79255,86,103,17,16,34,18,0.022,0.156
79256,92,110,18,22,43,21,0.022,0.094
79257,66,86,20,4,14,10,0.022,0.156
79258,71,90,19,6,17,11,0.006,0.056
79259,101,118,17,36,58,22,0.017,0.156
79261,97,115,18,29,51,22,0.017,0.156
79311,72,92,20,5,14,9,0.006,0.028
79312,64,85,21,3,9,6,0.000,0.028
79313,72,92,20,4,13,9,0.000,0.006
79314,65,86,21,2,8,6,0.000,0.000
79316,79,98,19,5,16,11,0.017,0.017
79322,79,98,19,9,24,15,0.006,0.028
79323,77,98,21,4,13,9,0.000,0.006
79324,68,88,20,3,11,8,0.000,0.000
79325,59,80,21,2,7,5,0.006,0.006
79326,62,83,21,2,9,7,0.000,0.028
79329,78,97,19,6,19,13,0.000,0.011
79330,95,113,18,21,43,22,0.017,0.044
79331,91,110,19,11,29,18,0.017,0.017
79336,74,94,20,4,14,10,0.000,0.006
79339,68,88,20,3,11,8,0.000,0.028
79342,85,104,19,7,21,14,0.000,0.006
79343,77,96,19,6,19,13,0.006,0.028
79344,65,86,21,3,9,6,0.000,0.000
79345,76,96,20,5,15,10,0.017,0.017
79346,67,87,20,3,9,6,0.000,0.000
79347,64,84,20,2,9,7,0.000,0.000
79350,76,95,19,5,16,11,0.000,0.011
79351,86,104,18,9,25,16,0.017,0.017
79353,69,89,20,3,10,7,0.000,0.006
79355,73,93,20,4,12,8,0.000,0.006
79356,90,108,18,15,34,19,0.017,0.044
79357,77,96,19,7,21,14,0.006,0.028
79358,76,96,20,5,15,10,0.000,0.006
79359,83,103,20,6,19,13,0.000,0.006
79360,89,109,20,9,25,16,0.000,0.006
79363,76,95,19,5,16,11,0.000,0.011
79364,80,99,19,7,20,13,0.000,0.011
79366,80,99,19,7,21,14,0.000,0.011
79367,75,94,19,5,15,10,0.000,0.006
79369,67,87,20,3,11,8,0.000,0.028
79370,96,114,18,24,45,21,0.006,0.044
79371,65,85,20,2,9,7,0.000,0.028
79372,73,94,21,4,13,9,0.000,0.006
79373,80,99,19,7,20,13,0.017,0.017
79376,75,95,20,4,13,9,0.017,0.017
79377,85,103,18,8,22,14,0.017,0.017
79378,80,100,20,6,17,11,0.017,0.017
79379,70,90,20,3,11,8,0.000,0.000
79380,72,92,20,4,12,8,0.000,0.006
79381,78,97,19,6,18,12,0.017,0.017
79382,76,95,19,5,16,11,0.000,0.011
79401,79,97,18,6,19,13,0.000,0.011
79403,79,98,19,6,19,13,0.000,0.011
79404,79,98,19,6,19,13,0.000,0.011
79406,78,97,19,6,18,12,0.000,0.011
79407,76,96,20,5,16,11,0.000,0.011
79410,78,97,19,6,18,12,0.000,0.011
79411,78,97,19,6,18,12,0.000,0.011
79412,78,97,19,6,18,12,0.000,0.011
79413,77,97,20,6,17,11,0.000,0.011
79414,77,96,19,5,17,12,0.000,0.011
79415,78,97,19,6,18,12,0.000,0.011
79416,77,96,19,5,17,12,0.000,0.011
79423,77,96,19,5,17,12,0.000,0.011
79424,76,96,20,5,16,11,0.000,0.011
79501,112,130,18,42,66,24,0.028,0.156
79502,110,127,17,44,67,23,0.056,0.178
79503,115,132,17,51,73,22,0.028,0.156
79504,107,126,19,34,58,24,0.072,0.117
79505,114,131,17,55,75,20,0.017,0.183
79506,106,125,19,29,53,24,0.022,0.056
79508,102,121,19,25,49,24,0.039,0.106
79510,102,121,19,25,49,24,0.072,0.117
79511,101,120,19,21,43,22,0.011,0.050
79512,103,122,19,27,50,23,0.022,0.056
79517,94,113,19,17,37,20,0.006,0.044
79518,99,117,18,29,52,23,0.022,0.067
79519,105,124,19,27,51,24,0.056,0.100
79520,112,130,18,45,68,23,0.028,0.156
79521,113,130,17,50,73,23,0.056,0.189
79525,111,128,17,40,64,24,0.028,0.156
79526,100,119,19,23,46,23,0.006,0.044
79527,101,120,19,24,48,24,0.006,0.044
79528,100,118,18,31,53,22,0.022,0.067
79529,114,131,17,52,74,22,0.017,0.183
79530,107,126,19,30,55,25,0.039,0.106
79532,100,119,19,22,45,23,0.022,0.056
79533,113,130,17,46,70,24,0.028,0.156
79534,110,128,18,40,64,24,0.011,0.100
79535,99,117,18,19,42,23,0.022,0.050
79536,107,125,18,33,57,24,0.039,0.106
79537,98,117,19,19,41,22,0.022,0.050
79538,102,122,20,24,48,24,0.056,0.100
79539,113,130,17,51,73,22,0.056,0.189
79540,113,129,16,48,71,23,0.056,0.178
79541,105,125,20,28,52,24,0.039,0.106
79543,109,128,19,37,61,24,0.011,0.100
79544,113,129,16,49,71,22,0.056,0.189
79545,96,116,20,18,39,21,0.022,0.050
79546,111,129,18,38,62,24,0.011,0.100
79547,112,128,16,47,70,23,0.056,0.189
79548,114,130,16,50,72,22,0.056,0.189
79549,99,118,19,24,47,23,0.006,0.044
79553,117,133,16,54,76,22,0.028,0.156
79556,102,121,19,25,49,24,0.022,0.050
79560,111,129,18,39,64,25,0.011,0.100
79561,107,126,19,33,57,24,0.039,0.106
79562,103,122,19,25,49,24,0.039,0.106
79563,106,124,18,32,57,25,0.039,0.106
79565,102,120,18,24,48,24,0.022,0.056
79566,104,124,20,26,50,24,0.039,0.106
79567,112,131,19,35,60,25,0.039,0.106
79601,105,123,18,31,56,25,0.039,0.106
79602,102,121,19,27,51,24,0.039,0.106
79603,104,122,18,30,55,25,0.039,0.106
79605,103,121,18,29,53,24,0.039,0.106
79606,103,121,18,27,52,25,0.039,0.106
79607,104,122,18,30,55,25,0.039,0.106
79699,103,121,18,29,54,25,0.039,0.106
79701,106,125,19,18,41,23,0.000,0.022
79703,103,121,18,16,37,21,0.000,0.022
79705,105,124,19,18,40,22,0.000,0.022
79706,104,123,19,17,39,22,0.000,0.022
79707,101,120,19,15,35,20,0.000,0.022
79713,95,114,19,14,34,20,0.017,0.017
79714,100,120,20,13,33,20,0.006,0.006
79718,99,118,19,12,28,16,0.017,0.028
79719,124,140,16,38,62,24,0.006,0.006
79720,98,117,19,16,37,21,0.011,0.050
79730,117,135,18,30,53,23,0.006,0.017
79731,114,132,18,24,49,25,0.000,0.006
79733,97,116,19,14,35,21,0.011,0.050
79734,31,49,18,0,2,2,0.011,0.028
79735,103,122,19,13,31,18,0.006,0.017
79738,97,118,21,18,39,21,0.011,0.028
79739,99,117,18,15,35,20,0.006,0.033
79741,99,117,18,13,32,19,0.000,0.000
79742,125,141,16,41,64,23,0.006,0.006
79743,122,139,17,36,60,24,0.006,0.017
79744,116,133,17,29,54,25,0.006,0.017
79745,112,130,18,24,46,22,0.006,0.006
79748,97,116,19,15,36,21,0.011,0.050
79749,98,117,19,14,34,20,0.000,0.022
79752,118,136,18,30,55,25,0.006,0.022
79754,118,135,17,31,54,23,0.006,0.022
79755,103,122,19,16,38,22,0.006,0.022
79756,124,141,17,38,62,24,0.006,0.006
79758,97,116,19,12,31,19,0.000,0.000
79759,103,121,18,18,38,20,0.000,0.000
79761,100,119,19,14,34,20,0.000,0.000
79762,99,117,18,13,32,19,0.000,0.000
79763,102,120,18,16,37,21,0.000,0.000
79764,101,119,18,15,35,20,0.000,0.000
79765,98,116,18,12,31,19,0.000,0.000
79766,104,122,18,17,39,22,0.000,0.000
79770,122,139,17,37,60,23,0.017,0.028
79772,122,139,17,37,60,23,0.017,0.028
79777,122,138,16,34,58,24,0.006,0.006
79778,109,128,19,21,44,23,0.006,0.022
79780,114,131,17,25,47,22,0.017,0.028
79781,116,133,17,28,54,26,0.006,0.017
79782,102,121,19,16,37,21,0.000,0.022
79783,98,117,19,14,34,20,0.000,0.022
79785,112,130,18,24,45,21,0.017,0.028
79788,124,140,16,37,61,24,0.006,0.006
79789,116,134,18,28,51,23,0.006,0.006
79821,93,116,23,9,28,19,0.117,0.628
79830,89,110,21,13,26,13,0.083,0.344
79831,64,87,23,2,7,5,,
79834,110,129,19,14,32,18,0.083,0.344
79835,90,114,24,8,26,18,0.117,0.628
79836,97,119,22,10,29,19,0.117,0.628
79837,87,106,20,13,30,17,0.044,0.333
79838,92,115,23,8,25,17,0.117,0.628
79839,76,100,24,5,15,10,0.044,0.333
79842,74,98,24,2,7,5,0.083,0.344
79843,60,83,23,3,8,5,0.017,0.072
79845,162,176,14,79,101,22,0.017,0.072
79846,101,122,21,20,32,12,0.017,0.072
79847,77,98,21,7,19,12,0.011,0.044
79848,105,125,20,16,36,20,0.011,0.028
79849,100,121,21,11,32,21,0.117,0.628
79851,65,89,24,2,10,8,0.044,0.333
79852,126,144,18,31,52,21,0.083,0.344
79853,94,117,23,7,24,17,0.117,0.628
79854,79,102,23,5,13,8,0.011,0.028
79855,79,101,22,5,15,10,0.011,0.044
79901,101,123,22,13,35,22,0.117,0.628
79902,98,120,22,11,32,21,0.117,0.628
79903,99,121,22,12,33,21,0.117,0.628
79904,93,116,23,9,28,19,0.117,0.628
79905,103,124,21,14,37,23,0.117,0.628
79906,96,118,22,10,30,20,0.117,0.628
79907,110,130,20,20,45,25,0.117,0.628
79908,92,115,23,9,28,19,0.117,0.628
79911,80,105,25,5,20,15,0.117,0.628
79912,82,106,24,6,21,15,0.117,0.628
79915,108,128,20,18,42,24,0.117,0.628
79916,95,118,23,10,30,20,0.117,0.628
79922,97,120,23,11,32,21,0.117,0.628
79924,93,116,23,9,28,19,0.117,0.628
79925,98,120,22,12,33,21,0.117,0.628
79927,105,126,21,15,38,23,0.117,0.628
79928,94,116,22,9,28,19,0.117,0.628
79930,98,121,23,12,32,20,0.117,0.628
79932,98,120,22,11,32,21,0.117,0.628
79934,92,115,23,9,28,19,0.117,0.628
79935,102,122,20,14,37,23,0.117,0.628
79936,100,121,21,13,35,22,0.117,0.628
79938,88,112,24,8,24,16,0.117,0.628
79942,105,124,19,19,43,24,0.117,0.628
80002,20,37,17,0,1,1,0.000,0.000
80003,22,39,17,0,1,1,0.000,0.000
80004,19,34,15,0,0,0,0.000,0.000
80005,18,34,16,0,0,0,0.000,0.000
80007,11,24,13,0,0,0,0.000,0.000
80010,16,31,15,0,0,0,0.000,0.000
80011,14,28,14,0,0,0,0.000,0.000
80012,16,31,15,0,0,0,0.000,0.000
80013,13,26,13,0,0,0,0.000,0.000
80014,18,34,16,0,0,0,0.000,0.000
80015,13,26,13,0,0,0,0.000,0.000
80016,9,22,13,0,0,0,0.000,0.000
80017,12,26,14,0,0,0,0.000,0.000
80018,11,23,12,0,0,0,0.000,0.000
80019,14,28,14,0,0,0,0.000,0.000
80020,20,36,16,0,1,1,0.000,0.000
80021,17,32,15,0,0,0,0.000,0.000
80022,20,36,16,0,1,1,0.000,0.000
80023,22,38,16,0,1,1,0.000,0.000
80024,21,37,16,0,1,1,0.000,0.000
80025,2,8,6,0,0,0,0.000,0.000
80026,21,37,16,0,1,1,0.000,0.000
80027,15,29,14,0,0,0,0.000,0.000
80030,24,40,16,0,1,1,0.000,0.000
80031,20,36,16,0,1,1,0.000,0.000
80033,20,36,16,0,1,1,0.000,0.000
80045,14,29,15,0,0,0,0.000,0.000
80101,11,24,13,0,0,0,0.000,0.000
80102,18,33,15,0,0,0,0.000,0.000
80103,27,44,17,0,1,1,0.000,0.000
80104,4,13,9,0,0,0,0.000,0.000
80105,21,36,15,0,1,1,0.000,0.000
80106,1,5,4,0,0,0,0.000,0.000
80107,5,14,9,0,0,0,0.000,0.000
80108,6,16,10,0,0,0,0.000,0.000
80109,6,15,9,0,0,0,0.000,0.000
80110,12,26,14,0,0,0,0.000,0.000
80111,14,28,14,0,0,0,0.000,0.000
80112,11,24,13,0,0,0,0.000,0.000
80113,13,27,14,0,0,0,0.000,0.000
80116,4,11,7,0,0,0,0.000,0.000
80117,5,13,8,0,0,0,0.000,0.000
80118,2,6,4,0,0,0,0.000,0.000
80120,11,24,13,0,0,0,0.000,0.000
80121,11,24,13,0,0,0,0.000,0.000
80122,10,23,13,0,0,0,0.000,0.000
80123,12,25,13,0,0,0,0.000,0.000
80124,8,19,11,0,0,0,0.000,0.000
80125,8,19,11,0,0,0,0.000,0.000
80126,8,19,11,0,0,0,0.000,0.000
80127,9,22,13,0,0,0,0.000,0.000
80128,12,26,14,0,0,0,0.000,0.000
80129,9,21,12,0,0,0,0.000,0.000
80130,7,18,11,0,0,0,0.000,0.000
80131,9,21,12,0,0,0,0.000,0.000
80132,0,3,3,0,0,0,0.000,0.000
80133,0,3,3,0,0,0,0.000,0.000
80134,9,21,12,0,0,0,0.000,0.000
80135,4,11,7,0,0,0,0.000,0.000
80136,23,39,16,0,1,1,0.000,0.000
80137,13,27,14,0,0,0,0.000,0.000
80138,8,19,11,0,0,0,0.000,0.000
80202,21,37,16,0,1,1,0.000,0.000
80203,19,35,16,0,1,1,0.000,0.000
80204,22,38,16,0,1,1,0.000,0.000
80205,17,32,15,0,0,0,0.000,0.000
80206,16,30,14,0,0,0,0.000,0.000
80207,16,30,14,0,0,0,0.000,0.000
80209,17,32,15,0,0,0,0.000,0.000
80210,15,29,14,0,0,0,0.000,0.000
80211,23,40,17,0,1,1,0.000,0.000
80212,24,41,17,0,1,1,0.000,0.000
80214,22,38,16,0,1,1,0.000,0.000
80215,16,31,15,0,0,0,0.000,0.000
80216,21,37,16,0,1,1,0.000,0.000
80218,16,32,16,0,0,0,0.000,0.000
80219,17,32,15,0,0,0,0.000,0.000
80220,15,30,15,0,0,0,0.000,0.000
80221,25,42,17,0,1,1,0.000,0.000
80222,16,31,15,0,0,0,0.000,0.000
80223,17,32,15,0,0,0,0.000,0.000
80224,16,31,15,0,0,0,0.000,0.000
80226,16,31,15,0,0,0,0.000,0.000
80227,13,27,14,0,0,0,0.000,0.000
80228,10,23,13,0,0,0,0.000,0.000
80229,24,41,17,0,1,1,0.000,0.000
80230,15,30,15,0,0,0,0.000,0.000
80231,18,34,16,0,0,0,0.000,0.000
80232,14,29,15,0,0,0,0.000,0.000
80233,24,41,17,0,1,1,0.000,0.000
80234,22,38,16,0,1,1,0.000,0.000
80235,12,26,14,0,0,0,0.000,0.000
80236,12,26,14,0,0,0,0.000,0.000
80237,15,30,15,0,0,0,0.000,0.000
80238,16,31,15,0,0,0,0.000,0.000
80239,16,31,15,0,0,0,0.000,0.000
80241,24,41,17,0,1,1,0.000,0.000
80246,15,30,15,0,0,0,0.000,0.000
80247,19,34,15,0,0,0,0.000,0.000
80249,14,28,14,0,0,0,0.000,0.000
80260,23,39,16,0,1,1,0.000,0.000
80264,21,37,16,0,1,1,0.000,0.000
80290,21,37,16,0,1,1,0.000,0.000
80293,21,37,16,0,1,1,0.000,0.000
80294,21,37,16,0,1,1,0.000,0.000
80301,21,37,16,0,1,1,0.000,0.000
80302,7,17,10,0,0,0,0.000,0.000
80303,15,30,15,0,0,0,0.000,0.000
80304,17,32,15,0,0,0,0.000,0.000
80305,12,25,13,0,0,0,0.000,0.000
80310,15,29,14,0,0,0,0.000,0.000
80401,5,13,8,0,0,0,0.000,0.000
80403,6,14,8,0,0,0,0.000,0.000
80419,3,10,7,0,0,0,0.000,0.000
80420,0,0,0,0,0,0,0.000,0.000
80421,0,0,0,0,0,0,0.000,0.000
80422,0,0,0,0,0,0,0.000,0.000
80423,0,1,1,0,0,0,0.000,0.000
80424,0,0,0,0,0,0,0.000,0.000
80425,0,1,1,0,0,0,0.000,0.000
80426,0,1,1,0,0,0,0.000,0.000
80427,0,0,0,0,0,0,0.000,0.000
80428,0,0,0,0,0,0,0.000,0.000
80432,0,0,0,0,0,0,0.000,0.000
80433,0,0,0,0,0,0,0.000,0.000
80435,0,0,0,0,0,0,0.000,0.000
80436,0,0,0,0,0,0,0.000,0.000
80438,0,0,0,0,0,0,0.000,0.000
80439,0,0,0,0,0,0,0.000,0.000
80440,0,0,0,0,0,0,0.000,0.000
80442,0,0,0,0,0,0,0.000,0.000
80443,0,0,0,0,0,0,0.000,0.000
80444,0,0,0,0,0,0,0.000,0.000
80446,0,0,0,0,0,0,0.000,0.000
80447,0,0,0,0,0,0,0.000,0.000
80448,0,0,0,0,0,0,0.000,0.000
80449,0,0,0,0,0,0,0.000,0.000
80451,0,0,0,0,0,0,0.000,0.000
80452,0,0,0,0,0,0,0.000,0.000
80453,0,2,2,0,0,0,0.000,0.000
80454,0,1,1,0,0,0,0.000,0.000
80455,0,2,2,0,0,0,0.000,0.000
80456,0,0,0,0,0,0,0.000,0.000
80457,0,1,1,0,0,0,0.000,0.000
80459,0,0,0,0,0,0,0.000,0.000
80461,0,0,0,0,0,0,0.000,0.000
80463,1,2,1,0,0,0,0.000,0.000
80465,5,13,8,0,0,0,0.000,0.000
80466,0,0,0,0,0,0,0.000,0.000
80467,0,0,0,0,0,0,0.000,0.000
80468,0,0,0,0,0,0,0.000,0.000
80469,0,0,0,0,0,0,0.000,0.000
80470,0,0,0,0,0,0,0.000,0.000
80471,0,0,0,0,0,0,0.000,0.000
80475,0,0,0,0,0,0,0.000,0.000
80476,0,0,0,0,0,0,0.000,0.000
80477,0,1,1,0,0,0,0.000,0.000
80478,0,0,0,0,0,0,0.000,0.000
80479,0,0,0,0,0,0,0.000,0.000
80481,0,0,0,0,0,0,0.000,0.000
80482,0,0,0,0,0,0,0.000,0.000
80483,0,0,0,0,0,0,0.000,0.000
80487,0,1,1,0,0,0,0.000,0.000
80488,0,2,2,0,0,0,,
80497,0,0,0,0,0,0,0.000,0.000
80498,0,0,0,0,0,0,0.000,0.000
80501,24,41,17,0,1,1,0.000,0.000
80503,21,38,17,0,1,1,0.000,0.000
80504,25,43,18,0,1,1,0.000,0.000
80510,0,0,0,0,0,0,0.000,0.000
80511,0,0,0,0,0,0,0.000,0.000
80512,1,4,3,0,0,0,0.000,0.000
80513,17,32,15,0,1,1,0.000,0.000
80514,25,43,18,0,1,1,0.000,0.000
80515,0,1,1,0,0,0,0.000,0.000
80516,23,39,16,0,1,1,0.000,0.000
80517,0,0,0,0,0,0,0.000,0.000
80520,25,43,18,0,1,1,0.000,0.000
80521,10,23,13,0,0,0,0.000,0.000
80524,12,25,13,0,0,0,0.000,0.000
80525,14,28,14,0,0,0,0.000,0.000
80526,11,25,14,0,0,0,0.000,0.000
80528,18,34,16,0,1,1,0.000,0.000
80530,26,43,17,0,1,1,0.000,0.000
80532,0,0,0,0,0,0,0.000,0.000
80534,23,40,17,0,1,1,0.000,0.000
80535,8,19,11,0,0,0,0.000,0.000
80536,0,2,2,0,0,0,0.000,0.000
80537,13,28,15,0,0,0,0.000,0.000
80538,14,28,14,0,0,0,0.000,0.000
80540,5,12,7,0,0,0,0.000,0.000
80542,22,39,17,0,1,1,0.000,0.000
80543,29,46,17,0,2,2,0.000,0.000
80544,20,37,17,0,1,1,0.000,0.000
80545,0,0,0,0,0,0,0.000,0.000
80546,28,45,17,0,2,2,0.000,0.000
80547,23,39,16,0,1,1,0.000,0.000
80549,9,21,12,0,0,0,0.000,0.000
80550,26,42,16,0,1,1,0.000,0.000
80601,24,41,17,0,1,1,0.000,0.000
80602,24,41,17,0,1,1,0.000,0.000
80603,24,41,17,0,1,1,0.000,0.000
80610,23,40,17,0,1,1,0.000,0.000
80611,27,43,16,0,1,1,0.000,0.000
80612,9,20,11,0,0,0,0.000,0.000
80615,27,44,17,0,2,2,0.000,0.000
80620,31,49,18,1,3,2,0.000,0.000
80621,27,44,17,0,1,1,0.000,0.000
80622,30,46,16,0,2,2,0.000,0.000
80623,29,46,17,0,2,2,0.000,0.000
80624,32,49,17,1,2,1,0.000,0.000
80631,32,49,17,1,3,2,0.000,0.000
80634,29,46,17,1,2,1,0.000,0.000
80640,23,39,16,0,1,1,0.000,0.000
80642,25,42,17,0,1,1,0.000,0.000
80643,30,47,17,0,1,1,0.000,0.000
80644,33,51,18,1,3,2,0.000,0.000
80645,30,47,17,0,2,2,0.000,0.000
80648,20,35,15,0,1,1,0.000,0.000
80649,38,55,17,1,3,2,0.000,0.000
80650,23,39,16,0,1,1,0.000,0.000
80651,28,45,17,0,1,1,0.000,0.000
80652,35,53,18,1,2,1,0.000,0.000
80653,36,52,16,1,3,2,0.000,0.000
80654,39,56,17,1,3,2,0.000,0.000
80701,34,51,17,1,3,2,0.000,0.000
80705,35,51,16,1,3,2,0.000,0.000
80721,42,57,15,2,7,5,0.000,0.006
80722,36,52,16,1,4,3,0.006,0.000
80723,34,50,16,1,3,2,0.000,0.000
80726,42,57,15,2,6,4,0.006,0.000
80727,45,60,15,2,7,5,0.000,0.017
80728,34,49,15,1,3,2,0.006,0.000
80729,16,30,14,0,1,1,0.000,0.000
80731,38,54,16,1,5,4,0.000,0.006
80733,35,51,16,1,3,2,0.000,0.000
80734,39,54,15,2,6,4,0.000,0.006
80735,41,57,16,1,6,5,0.000,0.017
80736,39,54,15,1,5,4,0.006,0.000
80737,44,59,15,3,8,5,0.006,0.006
80741,34,50,16,1,3,2,0.006,0.000
80742,25,40,15,0,1,1,0.000,0.000
80744,45,60,15,3,8,5,0.006,0.006
80745,30,45,15,1,2,1,0.006,0.000
80746,38,54,16,1,5,4,0.000,0.006
80747,27,42,15,1,2,1,0.006,0.000
80749,45,60,15,3,8,5,0.006,0.006
80750,34,51,17,1,3,2,0.000,0.000
80751,38,54,16,1,5,4,0.006,0.000
80754,28,43,15,0,2,2,0.000,0.000
80755,44,59,15,2,7,5,0.000,0.017
80758,50,65,15,4,11,8,0.000,0.017
80759,44,59,15,2,6,4,0.000,0.017
80802,46,63,17,1,7,6,0.006,0.006
80804,20,35,15,0,0,0,0.000,0.000
80805,40,56,16,1,4,3,0.006,0.000
80807,41,57,16,1,5,4,0.006,0.000
80808,4,11,7,0,0,0,0.000,0.000
80809,0,0,0,0,0,0,0.000,0.000
80810,45,62,17,1,5,4,0.006,0.006
80813,0,0,0,0,0,0,0.000,0.000
80814,0,0,0,0,0,0,0.000,0.000
80815,26,42,16,0,1,1,0.006,0.000
80816,0,0,0,0,0,0,0.000,0.000
80817,17,33,16,0,0,0,0.000,0.000
80818,14,29,15,0,0,0,0.000,0.000
80819,0,0,0,0,0,0,0.000,0.000
80820,0,0,0,0,0,0,0.000,0.000
80821,25,41,16,0,1,1,0.000,0.000
80822,38,54,16,1,3,2,0.000,0.017
80823,34,51,17,0,2,2,0.000,0.000
80824,39,55,16,1,4,3,0.000,0.017
80825,44,60,16,1,4,3,0.006,0.006
80827,0,0,0,0,0,0,0.000,0.000
80828,11,25,14,0,0,0,0.000,0.000
80829,1,5,4,0,0,0,0.000,0.000
80830,8,20,12,0,0,0,0.000,0.000
80831,1,6,5,0,0,0,0.000,0.000
80832,6,16,10,0,0,0,0.000,0.000
80833,14,27,13,0,0,0,0.000,0.000
80834,31,46,15,0,1,1,0.006,0.000
80835,6,15,9,0,0,0,0.000,0.000
80836,40,56,16,1,4,3,0.006,0.000
80840,2,7,5,0,0,0,0.000,0.000
80860,0,0,0,0,0,0,0.000,0.000
80861,36,52,16,0,2,2,0.006,0.000
80862,37,53,16,0,2,2,0.006,0.006
80863,0,0,0,0,0,0,0.000,0.000
80864,8,18,10,0,0,0,0.000,0.000
80903,6,16,10,0,0,0,0.000,0.000
80904,5,14,9,0,0,0,0.000,0.000
80905,6,16,10,0,0,0,0.000,0.000
80906,6,17,11,0,0,0,0.000,0.000
80907,4,12,8,0,0,0,0.000,0.000
80908,0,2,2,0,0,0,0.000,0.000
80909,4,12,8,0,0,0,0.000,0.000
80910,6,17,11,0,0,0,0.000,0.000
80911,13,27,14,0,0,0,0.000,0.000
80913,20,36,16,0,0,0,0.000,0.000
80914,3,11,8,0,0,0,0.000,0.000
80915,3,10,7,0,0,0,0.000,0.000
80916,6,16,10,0,0,0,0.000,0.000
80917,2,8,6,0,0,0,0.000,0.000
80918,2,7,5,0,0,0,0.000,0.000
80919,3,10,7,0,0,0,0.000,0.000
80920,1,5,4,0,0,0,0.000,0.000
80921,1,4,3,0,0,0,0.000,0.000
80922,2,7,5,0,0,0,0.000,0.000
80923,1,6,5,0,0,0,0.000,0.000
80924,1,4,3,0,0,0,0.000,0.000
80925,11,25,14,0,0,0,0.000,0.000
80926,4,12,8,0,0,0,0.000,0.000
80927,1,6,5,0,0,0,0.000,0.000
80928,17,31,14,0,0,0,0.000,0.000
80929,5,13,8,0,0,0,0.000,0.000
80930,5,14,9,0,0,0,0.000,0.000
80938,2,8,6,0,0,0,0.000,0.000
80939,2,8,6,0,0,0,0.000,0.000
80951,2,9,7,0,0,0,0.000,0.000
81001,46,64,18,1,4,3,0.000,0.006
81003,45,64,19,1,4,3,0.000,0.006
81004,38,56,18,0,2,2,0.000,0.006
81005,37,56,19,0,2,2,0.000,0.006
81006,45,64,19,1,4,3,0.000,0.006
81007,41,59,18,0,3,3,0.000,0.006
81008,43,61,18,0,3,3,0.000,0.006
81019,9,21,12,0,0,0,0.000,0.006
81020,5,13,8,0,0,0,0.006,0.000
81022,45,63,18,1,4,3,0.000,0.006
81023,4,12,8,0,0,0,0.000,0.006
81024,1,4,3,0,0,0,0.006,0.000
81025,50,67,17,1,5,4,0.000,0.006
81027,14,28,14,0,0,0,0.006,0.000
81029,53,71,18,1,7,6,0.011,0.006
81030,62,78,16,2,11,9,0.000,0.011
81039,56,73,17,1,7,6,0.000,0.011
81040,1,3,2,0,0,0,0.000,0.000
81041,62,78,16,4,14,10,0.006,0.011
81043,62,78,16,5,15,10,0.006,0.011
81047,64,80,16,5,16,11,0.006,0.011
81049,23,39,16,0,1,1,0.006,0.000
81050,67,83,16,3,13,10,0.000,0.011
81052,64,80,16,4,15,11,0.006,0.011
81055,0,1,1,0,0,0,0.000,0.000
81058,59,76,17,1,7,6,0.000,0.011
81059,34,53,19,0,2,2,0.006,0.000
81063,40,57,17,0,2,2,0.000,0.006
81064,32,51,19,0,1,1,0.011,0.006
81067,63,80,17,2,9,7,0.000,0.011
81069,6,16,10,0,0,0,0.000,0.006
81073,48,66,18,1,5,4,0.011,0.006
81077,67,83,16,3,12,9,0.000,0.011
81081,11,24,13,0,0,0,0.006,0.000
81082,5,14,9,0,0,0,0.006,0.000
81084,55,72,17,2,9,7,0.011,0.006
81087,51,69,18,1,7,6,0.011,0.006
81089,8,19,11,0,0,0,0.000,0.000
81090,55,72,17,2,9,7,0.011,0.006
81091,0,3,3,0,0,0,0.006,0.000
81092,63,80,17,4,14,10,0.006,0.011
81101,0,1,1,0,0,0,0.000,0.000
81120,0,0,0,0,0,0,0.000,0.000
81121,5,14,9,0,0,0,0.000,0.000
81122,1,5,4,0,0,0,0.000,0.000
81123,0,1,1,0,0,0,0.000,0.000
81124,0,0,0,0,0,0,0.000,0.000
81125,0,1,1,0,0,0,0.000,0.000
81126,0,0,0,0,0,0,0.000,0.000
81128,0,0,0,0,0,0,0.000,0.000
81129,0,0,0,0,0,0,0.000,0.000
81130,0,0,0,0,0,0,0.000,0.000
81131,0,0,0,0,0,0,0.000,0.000
81132,0,0,0,0,0,0,0.000,0.000
81133,0,0,0,0,0,0,0.000,0.000
81136,0,1,1,0,0,0,0.000,0.000
81137,8,18,11,0,0,0,0.000,0.000
81138,0,2,2,0,0,0,0.000,0.000
81140,0,1,1,0,0,0,0.000,0.000
81141,0,1,1,0,0,0,0.000,0.000
81143,0,1,1,0,0,0,0.000,0.000
81144,0,0,0,0,0,0,0.000,0.000
81146,0,0,0,0,0,0,0.000,0.000
81147,0,2,2,0,0,0,0.000,0.000
81148,0,1,1,0,0,0,0.000,0.000
81149,0,1,1,0,0,0,0.000,0.000
81151,0,1,1,0,0,0,0.000,0.000
81152,0,1,1,0,0,0,0.000,0.000
81154,0,0,0,0,0,0,0.000,0.000
81155,0,0,0,0,0,0,0.000,0.000
81201,0,2,2,0,0,0,0.000,0.000
81210,0,0,0,0,0,0,0.000,0.000
81211,0,1,1,0,0,0,0.000,0.000
81212,17,31,14,0,0,0,0.000,0.000
81220,0,0,0,0,0,0,0.000,0.000
81221,21,39,18,0,0,0,0.000,0.000
81222,1,5,4,0,0,0,0.000,0.000
81223,0,2,2,0,0,0,0.000,0.000
81224,0,0,0,0,0,0,0.000,0.000
81225,0,0,0,0,0,0,0.000,0.000
81226,26,45,19,0,1,1,0.000,0.000
81227,0,0,0,0,0,0,0.000,0.000
81230,0,0,0,0,0,0,0.000,0.000
81231,0,0,0,0,0,0,0.000,0.000
81232,0,2,2,0,0,0,0.000,0.000
81233,1,5,4,0,0,0,0.000,0.000
81236,0,1,1,0,0,0,0.000,0.000
81237,0,0,0,0,0,0,0.000,0.000
81239,0,0,0,0,0,0,0.000,0.000
81240,28,46,18,0,1,1,0.000,0.000
81241,0,0,0,0,0,0,0.000,0.000
81242,0,0,0,0,0,0,0.000,0.000
81243,0,0,0,0,0,0,0.000,0.000
81244,22,39,17,0,0,0,0.000,0.000
81248,0,0,0,0,0,0,0.000,0.000
81251,0,0,0,0,0,0,0.000,0.000
81252,0,0,0,0,0,0,0.000,0.000
81253,9,19,10,0,0,0,0.000,0.000
81301,1,3,2,0,0,0,0.000,0.000
81303,3,11,8,0,0,0,0.000,0.000
81320,5,12,7,0,0,0,0.000,0.011
81321,12,24,12,0,0,0,0.000,0.011
81323,4,9,5,0,0,0,0.000,0.011
81324,12,22,10,0,0,0,0.000,0.011
81325,2,5,3,0,0,0,0.000,0.000
81326,3,8,5,0,0,0,0.000,0.000
81327,7,17,10,0,0,0,0.000,0.011
81328,1,3,2,0,0,0,0.000,0.011
81331,8,18,10,0,0,0,0.000,0.011
81332,0,0,0,0,0,0,0.000,0.011
81334,4,12,8,0,0,0,0.000,0.011
81335,9,21,12,0,0,0,0.000,0.011
81401,10,21,11,0,0,0,0.000,0.006
81403,7,17,10,0,0,0,0.000,0.006
81410,37,55,18,0,2,2,0.000,0.000
81411,29,45,16,0,1,1,0.000,0.006
81413,13,24,11,0,0,0,0.000,0.000
81415,3,10,7,0,0,0,0.000,0.000
81416,36,53,17,0,1,1,0.000,0.000
81418,30,47,17,0,1,1,0.000,0.000
81419,23,40,17,0,1,1,0.000,0.000
81422,22,38,16,0,1,1,0.000,0.006
81423,1,2,1,0,0,0,0.000,0.000
81424,27,43,16,0,1,1,0.000,0.006
81425,21,37,16,0,1,1,0.000,0.006
81426,0,0,0,0,0,0,0.000,0.000
81427,0,0,0,0,0,0,0.000,0.000
81428,9,19,10,0,0,0,0.000,0.000
81429,31,47,16,1,2,1,0.000,0.006
81430,0,0,0,0,0,0,0.000,0.000
81431,6,14,8,0,0,0,0.000,0.006
81432,0,1,1,0,0,0,0.000,0.000
81433,0,0,0,0,0,0,0.000,0.000
81434,0,1,1,0,0,0,0.000,0.000
81435,0,0,0,0,0,0,0.000,0.000
81501,46,63,17,1,3,2,0.000,0.000
81503,42,60,18,1,2,1,0.000,0.000
81504,43,61,18,1,2,1,0.000,0.000
81505,47,64,17,1,3,2,0.000,0.000
81506,45,62,17,1,3,2,0.000,0.000
81507,42,60,18,1,3,2,0.000,0.000
81520,42,59,17,1,2,1,0.000,0.000
81521,49,66,17,1,4,3,0.000,0.000
81522,13,23,10,0,0,0,0.000,0.000
81523,2,6,4,0,0,0,0.000,0.000
81524,47,65,18,1,4,3,0.000,0.000
81525,50,68,18,1,4,3,0.000,0.000
81526,30,47,17,0,1,1,0.000,0.000
81527,25,37,12,0,1,1,0.000,0.000
81601,3,10,7,0,0,0,0.000,0.000
81610,20,35,15,0,1,1,0.000,0.000
81611,0,0,0,0,0,0,0.000,0.000
81612,0,0,0,0,0,0,0.000,0.000
81615,0,0,0,0,0,0,0.000,0.000
81620,0,0,0,0,0,0,0.000,0.000
81621,1,3,2,0,0,0,0.000,0.000
81623,2,8,6,0,0,0,0.000,0.000
81624,2,6,4,0,0,0,0.000,0.000
81625,2,8,6,0,0,0,0.000,0.000
81630,19,32,13,0,1,1,0.000,0.000
81631,0,2,2,0,0,0,0.000,0.000
81632,0,0,0,0,0,0,0.000,0.000
81633,5,13,8,0,0,0,0.000,0.000
81635,12,22,10,0,0,0,0.000,0.000
81637,1,3,2,0,0,0,0.000,0.000
81638,1,2,1,0,0,0,0.000,0.000
81639,2,6,4,0,0,0,0.000,0.000
81640,3,10,7,0,0,0,0.000,0.000
81641,2,7,5,0,0,0,0.000,0.000
81642,0,0,0,0,0,0,0.000,0.000
81643,4,8,4,0,0,0,0.000,0.000
81645,0,0,0,0,0,0,0.000,0.000
81646,1,4,3,0,0,0,0.000,0.000
81647,8,19,11,0,0,0,0.000,0.000
81648,24,40,16,0,1,1,0.000,0.000
81649,0,0,0,0,0,0,0.000,0.000
81650,15,29,14,0,0,0,0.000,0.000
81652,14,28,14,0,0,0,0.000,0.000
81653,1,2,1,0,0,0,0.000,0.000
81654,0,1,1,0,0,0,0.000,0.000
81655,0,0,0,0,0,0,0.000,0.000
81656,0,0,0,0,0,0,0.000,0.000
81657,0,0,0,0,0,0,0.000,0.000
82001,4,11,7,0,0,0,0.000,0.000
82007,3,10,7,0,0,0,0.000,0.000
82009,3,9,6,0,0,0,0.000,0.000
82050,12,26,14,0,0,0,0.000,0.000
82051,0,1,1,0,0,0,0.000,0.000
82052,0,0,0,0,0,0,0.000,0.000
82053,11,23,12,0,0,0,0.000,0.000
82054,13,26,13,0,0,0,0.000,0.000
82055,0,0,0,0,0,0,0.000,0.000
82058,0,1,1,0,0,0,0.000,0.000
82059,0,1,1,0,0,0,0.000,0.000
82060,9,20,11,0,0,0,0.000,0.000
82061,1,5,4,0,0,0,0.000,0.000
82063,0,0,0,0,0,0,0.000,0.000
82070,0,1,1,0,0,0,0.000,0.000
82072,0,1,1,0,0,0,0.000,0.000
82081,14,28,14,0,0,0,0.000,0.000
82082,14,28,14,0,0,0,0.000,0.000
82083,0,1,1,0,0,0,0.000,0.000
82084,0,0,0,0,0,0,0.000,0.000
82190,0,0,0,0,0,0,0.000,0.000
82201,20,34,14,0,1,1,0.000,0.000
82210,10,22,12,0,0,0,0.000,0.000
82212,28,44,16,0,2,2,0.000,0.000
82213,18,32,14,0,1,1,0.000,0.000
82214,32,48,16,1,2,1,0.000,0.000
82215,23,39,16,0,1,1,0.000,0.000
82217,29,45,16,1,2,1,0.000,0.000
82219,21,36,15,0,1,1,0.000,0.000
82221,22,38,16,0,1,1,0.000,0.000
82222,28,42,14,1,2,1,0.000,0.000
82223,34,50,16,1,3,2,0.000,0.000
82224,21,36,15,0,1,1,0.000,0.000
82225,16,29,13,0,1,1,0.000,0.000
82227,11,24,13,0,0,0,0.000,0.000
82229,16,30,14,0,0,0,0.000,0.000
82240,31,47,16,1,3,2,0.000,0.000
82242,15,29,14,0,1,1,0.000,0.000
82243,34,50,16,1,3,2,0.000,0.000
82244,31,47,16,1,3,2,0.000,0.000
82301,1,5,4,0,0,0,0.000,0.000
82321,2,8,6,0,0,0,0.000,0.000
82322,1,3,2,0,0,0,0.000,0.000
82323,1,4,3,0,0,0,0.000,0.000
82324,0,0,0,0,0,0,0.000,0.000
82325,0,1,1,0,0,0,0.000,0.000
82327,1,3,2,0,0,0,0.000,0.000
82329,1,5,4,0,0,0,0.000,0.000
82331,1,3,2,0,0,0,0.000,0.000
82332,1,3,2,0,0,0,0.000,0.000
82334,1,4,3,0,0,0,0.000,0.000
82335,1,4,3,0,0,0,0.000,0.000
82336,2,6,4,0,0,0,0.000,0.000
82401,29,44,15,0,2,2,0.000,0.000
82410,31,46,15,1,2,1,0.000,0.000
82411,16,30,14,0,0,0,0.000,0.000
82412,17,31,14,0,1,1,0.000,0.000
82414,4,10,6,0,0,0,0.000,0.000
82420,17,31,14,0,1,1,0.000,0.000
82421,19,34,15,0,1,1,0.000,0.000
82422,14,28,14,0,0,0,0.000,0.000
82423,20,35,15,0,1,1,0.000,0.000
82426,25,39,14,0,1,1,0.000,0.000
82428,16,27,11,0,1,1,0.000,0.000
82430,30,46,16,0,1,1,0.000,0.000
82431,17,31,14,0,1,1,0.000,0.000
82432,31,46,15,0,2,2,0.000,0.000
82433,1,4,3,0,0,0,0.000,0.000
82434,21,37,16,0,1,1,0.000,0.000
82435,14,27,13,0,0,0,0.000,0.000
82440,11,24,13,0,0,0,0.000,0.000
82441,16,29,13,0,1,1,0.000,0.000
82442,13,24,11,0,0,0,0.000,0.000
82443,23,39,16,0,1,1,0.000,0.000
82450,0,2,2,0,0,0,0.000,0.000
82501,14,29,15,0,0,0,0.000,0.000
82510,13,28,15,0,0,0,0.000,0.000
82512,1,3,2,0,0,0,0.000,0.000
82513,0,0,0,0,0,0,0.000,0.000
82514,5,14,9,0,0,0,0.000,0.000
82515,14,30,16,0,0,0,0.000,0.000
82516,6,15,9,0,0,0,0.000,0.000
82520,6,16,10,0,0,0,0.000,0.000
82523,7,17,10,0,0,0,0.000,0.000
82601,11,22,11,0,0,0,0.000,0.000
82604,10,22,12,0,0,0,0.000,0.000
82609,12,26,14,0,0,0,0.000,0.000
82620,6,15,9,0,0,0,0.000,0.000
82630,3,10,7,0,0,0,0.000,0.000
82633,13,26,13,0,0,0,0.000,0.000
82635,22,37,15,0,0,0,0.000,0.000
82636,16,31,15,0,0,0,0.000,0.000
82637,13,26,13,0,0,0,0.000,0.000
82638,3,8,5,0,0,0,0.000,0.000
82639,14,25,11,0,0,0,0.000,0.000
82640,12,25,13,0,0,0,0.000,0.000
82642,6,15,9,0,0,0,0.000,0.000
82643,23,39,16,0,1,1,0.000,0.000
82644,14,28,14,0,0,0,0.000,0.000
82646,7,17,10,0,0,0,0.000,0.000
82648,5,11,6,0,0,0,0.000,0.000
82649,18,33,15,0,0,0,0.000,0.000
82701,13,22,9,0,1,0,0.006,0.000
82710,16,28,12,1,1,0,0.000,0.006
82711,12,22,10,0,1,1,0.000,0.006
82712,17,28,11,1,2,1,0.000,0.006
82714,17,30,13,0,1,1,0.000,0.006
82715,1,3,2,0,0,0,0.006,0.000
82716,16,29,13,0,1,1,0.000,0.000
82718,14,27,13,0,0,0,0.000,0.000
82720,17,29,12,1,2,1,0.000,0.006
82721,21,34,13,1,2,1,0.000,0.006
82723,20,33,13,0,1,1,0.006,0.000
82725,24,38,14,1,3,2,0.000,0.000
82727,20,33,13,0,1,1,0.000,0.000
82729,9,19,10,0,0,0,0.000,0.006
82730,22,36,14,0,2,2,0.006,0.000
82731,25,39,14,1,3,2,0.000,0.000
82732,11,23,12,0,0,0,0.000,0.000
82801,22,35,14,0,2,2,0.000,0.000
82831,30,44,14,1,4,3,0.000,0.000
82832,7,16,9,0,0,0,0.000,0.000
82833,3,7,4,0,0,0,0.000,0.000
82834,9,18,9,0,0,0,0.000,0.000
82835,18,31,13,1,1,0,0.000,0.000
82836,10,20,10,0,0,0,0.000,0.000
82837,31,44,13,1,4,3,0.000,0.000
82838,9,18,9,0,0,0,0.000,0.000
82839,20,34,14,1,2,1,0.000,0.000
82842,2,6,4,0,0,0,0.000,0.000
82844,7,15,8,0,0,0,0.000,0.000
82845,16,29,13,0,1,1,0.000,0.000
82901,2,7,5,0,0,0,0.000,0.000
82922,0,0,0,0,0,0,0.000,0.000
82923,0,1,1,0,0,0,0.000,0.000
82925,0,0,0,0,0,0,0.000,0.000
82929,3,9,6,0,0,0,0.000,0.000
82930,0,1,0,0,0,0,0.000,0.000
82932,1,4,3,0,0,0,0.000,0.000
82933,1,2,1,0,0,0,0.000,0.000
82934,2,8,6,0,0,0,0.000,0.000
82935,3,8,5,0,0,0,0.000,0.000
82936,0,1,1,0,0,0,0.000,0.000
82937,1,3,2,0,0,0,0.000,0.000
82938,2,7,5,0,0,0,,
82939,1,2,1,0,0,0,0.000,0.000
82941,0,1,1,0,0,0,0.000,0.000
82942,1,4,3,0,0,0,0.000,0.000
82943,1,4,3,0,0,0,0.000,0.000
82944,0,1,1,0,0,0,0.000,0.000
82945,1,3,2,0,0,0,0.000,0.000
83001,1,2,1,0,0,0,0.000,0.000
83011,0,0,0,0,0,0,0.000,0.000
83012,0,1,1,0,0,0,0.000,0.000
83013,0,0,0,0,0,0,0.000,0.000
83014,1,5,4,0,0,0,0.000,0.000
83025,1,4,3,0,0,0,0.000,0.000
83101,0,1,1,0,0,0,0.000,0.000
83110,0,2,2,0,0,0,0.000,0.000
83111,1,4,2,0,0,0,0.000,0.000
83112,0,1,1,0,0,0,0.000,0.000
83113,0,1,1,0,0,0,0.000,0.000
83114,1,5,4,0,0,0,0.000,0.000
83115,0,0,0,0,0,0,0.000,0.000
83116,0,2,2,0,0,0,0.000,0.000
83118,1,4,3,0,0,0,0.000,0.000
83119,0,2,2,0,0,0,0.000,0.000
83120,2,7,4,0,0,0,0.000,0.000
83121,0,1,1,0,0,0,,
83122,1,3,2,0,0,0,0.000,0.000
83123,1,5,4,0,0,0,0.000,0.000
83124,1,4,3,0,0,0,0.000,0.000
83126,0,0,0,0,0,0,0.000,0.000
83127,1,3,2,0,0,0,0.000,0.000
83128,2,5,3,0,0,0,0.000,0.000
83201,19,33,14,1,2,1,0.006,0.000
83202,21,36,15,1,2,1,0.006,0.000
83203,16,31,15,0,1,1,0.006,0.000
83204,17,31,14,0,2,2,0.006,0.000
83209,18,32,14,1,2,1,0.006,0.000
83210,15,30,15,0,1,1,0.006,0.000
83211,18,33,15,0,1,1,0.000,0.000
83212,6,14,8,0,0,0,0.000,0.000
83213,10,22,12,0,1,1,0.000,0.000
83214,12,25,13,0,1,1,0.006,0.000
83215,12,24,12,0,1,1,0.006,0.000
83217,6,13,7,0,0,0,0.006,0.000
83218,14,28,14,0,1,1,0.006,0.000
83220,3,9,6,0,0,0,0.000,0.000
83221,14,28,14,0,1,1,0.006,0.000
83223,3,8,5,0,0,0,0.000,0.000
83226,5,11,6,0,0,0,0.000,0.000
83227,0,1,1,0,0,0,0.000,0.000
83228,17,32,15,0,1,1,0.000,0.000
83232,21,36,15,1,2,1,0.000,0.000
83233,1,3,2,0,0,0,0.000,0.000
83234,12,23,11,0,1,1,0.006,0.000
83235,5,10,5,0,0,0,0.000,0.000
83236,8,16,8,0,1,1,0.006,0.000
83237,13,26,13,0,1,1,0.000,0.000
83238,1,4,3,0,0,0,0.000,0.000
83239,2,5,3,0,0,0,0.000,0.000
83241,8,18,10,0,1,1,0.006,0.000
83243,12,24,12,0,1,1,0.000,0.000
83244,8,15,7,0,0,0,0.000,0.000
83245,10,21,11,0,1,1,0.006,0.000
83246,4,10,6,0,0,0,0.006,0.000
83250,14,27,13,0,1,1,0.006,0.000
83251,2,7,5,0,0,0,0.000,0.000
83252,15,27,12,0,1,1,0.000,0.000
83253,6,14,8,0,0,0,0.000,0.000
83254,3,8,5,0,0,0,0.000,0.000
83255,4,11,7,0,0,0,0.000,0.000
83261,3,8,5,0,0,0,0.000,0.000
83262,17,31,14,0,1,1,0.006,0.000
83263,18,31,13,0,2,2,0.000,0.000
83271,11,22,11,0,1,1,0.000,0.000
83272,2,5,3,0,0,0,0.000,0.000
83274,13,25,12,0,1,1,0.006,0.000
83276,3,8,5,0,0,0,0.006,0.000
83277,19,34,15,0,2,2,0.006,0.000
83278,0,1,1,0,0,0,0.000,0.000
83281,12,25,13,0,1,1,0.006,0.000
83283,6,13,7,0,0,0,0.000,0.000
83285,1,3,2,0,0,0,0.006,0.000
83286,21,36,15,1,2,1,0.000,0.000
83287,5,12,7,0,0,0,0.000,0.000
83301,23,38,15,1,2,1,0.000,0.006
83302,7,16,9,0,0,0,0.000,0.006
83311,5,14,9,0,0,0,0.000,0.000
83312,6,14,8,0,0,0,0.000,0.000
83313,6,14,8,0,0,0,0.000,0.000
83314,47,61,14,3,9,6,0.000,0.006
83316,23,39,16,1,2,1,0.000,0.006
83318,19,35,16,0,1,1,0.000,0.000
83320,11,22,11,0,1,1,0.000,0.000
83321,20,35,15,0,1,1,0.000,0.006
83322,6,16,10,0,0,0,0.000,0.000
83323,18,33,15,0,1,1,0.000,0.000
83324,30,45,15,1,3,2,0.000,0.000
83325,26,41,15,1,2,1,0.000,0.000
83327,5,12,7,0,0,0,0.000,0.000
83328,23,39,16,1,2,1,0.000,0.006
83330,37,51,14,2,5,3,0.000,0.006
83332,51,65,14,3,11,8,0.000,0.006
83333,3,9,6,0,0,0,0.000,0.000
83334,13,26,13,0,1,1,0.000,0.006
83335,25,41,16,1,2,1,0.000,0.000
83336,20,35,15,0,2,2,0.000,0.000
83337,5,12,7,0,0,0,0.000,0.006
83338,33,48,15,1,4,3,0.000,0.000
83340,1,3,2,0,0,0,0.000,0.000
83341,15,30,15,0,1,1,0.000,0.006
83342,6,13,6,0,0,0,0.000,0.000
83344,17,32,15,0,1,1,0.000,0.006
83346,6,16,10,0,0,0,0.000,0.000
83347,19,35,16,0,1,1,0.000,0.000
83348,13,26,13,0,1,1,0.000,0.000
83349,20,35,15,0,2,2,0.000,0.000
83350,21,36,15,0,2,2,0.000,0.000
83352,30,44,14,1,4,3,0.000,0.000
83353,1,2,1,0,0,0,0.000,0.000
83354,0,2,2,0,0,0,0.000,0.000
83355,41,56,15,2,6,4,0.000,0.006
83401,12,24,12,0,1,1,0.006,0.000
83402,13,27,14,0,1,1,0.006,0.000
83404,13,27,14,0,1,1,0.006,0.000
83406,9,19,10,0,0,0,0.006,0.000
83414,0,0,0,0,0,0,0.000,0.000
83420,2,6,4,0,0,0,0.000,0.000
83421,3,9,6,0,0,0,0.000,0.000
83422,1,3,2,0,0,0,0.000,0.000
83423,5,12,7,0,0,0,0.000,0.000
83424,1,2,1,0,0,0,0.000,0.000
83425,12,25,13,0,1,1,0.000,0.000
83427,9,20,11,0,0,0,0.006,0.000
83428,3,7,4,0,0,0,0.006,0.000
83429,0,1,1,0,0,0,0.000,0.000
83431,10,21,11,0,0,0,0.000,0.000
83433,0,1,1,0,0,0,0.000,0.000
83434,9,21,12,0,0,0,0.000,0.000
83435,10,21,11,0,1,1,0.000,0.000
83436,2,5,3,0,0,0,0.000,0.000
83440,6,16,10,0,0,0,0.000,0.000
83442,9,20,11,0,0,0,0.000,0.000
83443,3,9,6,0,0,0,0.000,0.000
83444,9,20,11,0,0,0,0.000,0.000
83445,5,14,9,0,0,0,0.000,0.000
83446,1,2,1,0,0,0,0.000,0.000
83448,5,14,9,0,0,0,0.000,0.000
83449,3,9,6,0,0,0,0.006,0.000
83450,10,22,12,0,1,1,0.000,0.000
83451,4,12,8,0,0,0,0.000,0.000
83452,1,2,1,0,0,0,0.000,0.000
83454,11,23,12,0,1,1,0.006,0.000
83455,1,2,1,0,0,0,0.000,0.000
83460,6,15,9,0,0,0,0.000,0.000
83462,11,20,9,0,1,1,0.000,0.000
83463,2,5,3,0,0,0,0.000,0.000
83464,1,3,2,0,0,0,0.000,0.000
83465,2,5,3,0,0,0,0.000,0.000
83466,8,17,9,0,1,1,0.000,0.000
83467,6,11,5,0,0,0,0.000,0.000
83468,2,6,4,0,0,0,0.000,0.000
83469,2,5,3,0,0,0,0.000,0.000
83501,33,46,13,4,10,6,0.000,0.000
83520,22,35,13,1,4,3,0.000,0.006
83522,7,15,8,0,1,1,0.006,0.011
83523,6,12,6,0,0,0,0.000,0.011
83524,15,25,10,1,2,1,0.000,0.000
83525,3,7,4,0,0,0,0.006,0.011
83526,5,11,6,0,0,0,0.006,0.011
83530,6,13,7,0,0,0,0.006,0.011
83533,9,19,10,0,1,1,0.006,0.011
83535,26,39,13,2,6,4,0.000,0.000
83536,25,38,13,3,6,3,0.006,0.011
83537,15,25,10,1,2,1,0.000,0.000
83539,9,16,7,1,2,1,0.006,0.011
83540,26,38,12,3,6,3,0.000,0.000
83541,19,30,11,1,3,2,0.000,0.000
83542,13,21,8,1,2,1,0.006,0.011
83543,9,18,9,0,1,1,0.000,0.011
83544,22,34,12,2,4,2,0.000,0.006
83545,17,29,12,1,2,1,0.000,0.000
83546,5,12,7,0,0,0,0.000,0.006
83547,13,23,10,0,1,1,0.006,0.011
83548,7,15,8,0,0,0,0.000,0.011
83549,13,22,9,0,1,1,0.006,0.011
83552,19,31,12,1,4,3,0.006,0.011
83553,10,20,10,0,1,1,0.000,0.006
83554,19,30,11,1,3,2,0.006,0.011
83555,3,7,4,0,0,0,0.000,0.011
83601,1,3,2,0,0,0,,
83602,13,26,13,0,1,1,0.000,0.000
83604,22,35,13,1,3,2,0.000,0.017
83605,46,60,14,4,11,7,0.000,0.000
83607,43,57,14,3,10,7,0.000,0.000
83610,30,41,11,3,7,4,0.000,0.006
83611,3,8,5,0,0,0,0.000,0.000
83612,22,33,11,1,4,3,0.000,0.006
83615,4,11,7,0,0,0,0.000,0.000
83616,39,53,14,2,8,6,0.000,0.006
83617,38,52,14,2,7,5,0.000,0.000
83619,47,61,14,5,12,7,0.000,0.000
83622,25,38,13,1,3,2,0.000,0.000
83623,49,62,13,5,12,7,0.000,0.011
83624,37,50,13,2,7,5,0.000,0.017
83626,43,57,14,3,9,6,0.000,0.000
83627,53,66,13,4,13,9,0.000,0.011
83628,48,61,13,4,11,7,0.000,0.017
83629,23,36,13,1,3,2,0.000,0.000
83631,11,22,11,0,1,1,0.000,0.000
83632,25,38,13,2,5,3,0.000,0.006
83633,50,63,13,4,12,8,0.000,0.011
83634,34,50,16,1,5,4,0.000,0.006
83636,43,57,14,3,10,7,0.000,0.000
83637,3,9,6,0,0,0,0.000,0.000
83638,2,7,5,0,0,0,0.000,0.000
83639,40,55,15,2,8,6,0.000,0.017
83641,38,54,16,2,7,5,0.000,0.000
83642,36,51,15,2,6,4,0.000,0.006
83643,34,47,13,3,8,5,0.000,0.006
83644,46,60,14,4,12,8,0.000,0.000
83645,31,44,13,2,6,4,0.000,0.006
83646,37,52,15,2,7,5,0.000,0.006
83647,35,48,13,2,7,5,0.000,0.011
83648,41,55,14,2,7,5,0.000,0.011
83650,13,23,10,1,2,1,0.000,0.017
83651,51,64,13,5,14,9,0.000,0.000
83654,9,19,10,0,1,1,0.000,0.006
83655,45,58,13,4,11,7,0.000,0.000
83656,48,61,13,4,12,8,0.000,0.000
83657,16,27,11,1,2,1,0.000,0.000
83660,47,60,13,4,12,8,0.000,0.000
83661,48,61,13,5,13,8,0.000,0.000
83666,14,27,13,0,1,1,0.000,0.000
83669,42,56,14,3,9,6,0.000,0.006
83670,32,46,14,2,5,3,0.000,0.000
83671,2,5,3,0,0,0,0.006,0.011
83672,44,56,12,5,12,7,0.000,0.006
83676,46,60,14,4,11,7,0.000,0.000
83677,3,6,3,0,0,0,0.000,0.000
83686,44,59,15,3,10,7,0.000,0.000
83687,47,60,13,4,11,7,0.000,0.000
83702,34,48,14,1,5,4,0.000,0.006
83703,36,51,15,2,6,4,0.000,0.006
83704,37,51,14,2,6,4,0.000,0.006
83705,36,50,14,2,6,4,0.000,0.006
83706,36,51,15,2,6,4,0.000,0.006
83709,34,49,15,1,5,4,0.000,0.006
83712,33,48,15,1,5,4,0.000,0.006
83713,37,52,15,2,6,4,0.000,0.006
83714,36,50,14,2,6,4,0.000,0.006
83716,30,45,15,1,4,3,0.000,0.006
83801,6,13,7,0,1,1,0.000,0.000
83802,3,6,3,0,0,0,0.000,0.000
83803,2,6,4,0,0,0,0.000,0.000
83804,5,12,7,0,0,0,0.000,0.000
83805,10,19,9,0,1,1,0.000,0.000
83806,8,16,8,0,1,1,0.000,0.000
83808,5,11,6,0,0,0,0.000,0.000
83809,3,8,5,0,0,0,0.000,0.000
83810,8,16,8,0,1,1,0.000,0.000
83811,5,10,5,0,0,0,0.000,0.000
83812,3,8,5,0,0,0,0.000,0.000
83813,4,9,5,0,0,0,0.000,0.000
83814,13,24,11,1,2,1,0.000,0.000
83815,13,23,10,0,2,2,0.000,0.000
83821,5,10,5,0,0,0,0.000,0.000
83822,11,20,9,0,1,1,0.000,0.000
83823,10,19,9,0,1,1,0.000,0.000
83824,8,16,8,0,1,1,0.000,0.000
83825,7,15,8,0,1,1,0.000,0.000
83826,3,6,3,0,0,0,0.000,0.000
83827,6,13,7,0,1,1,0.000,0.006
83830,8,16,8,0,1,1,0.000,0.000
83832,14,24,10,1,2,1,0.000,0.000
83833,11,20,9,0,1,1,0.000,0.000
83834,8,16,8,0,1,1,0.000,0.000
83835,10,19,9,0,1,1,0.000,0.000
83836,6,11,5,0,0,0,0.000,0.000
83837,5,11,6,0,0,0,0.000,0.000
83839,9,17,8,0,1,1,0.000,0.000
83840,9,17,8,0,1,1,0.000,0.000
83841,7,14,7,0,1,1,0.000,0.000
83842,7,14,7,0,0,0,0.000,0.000
83843,13,23,10,1,1,0,0.000,0.000
83844,11,21,10,0,1,1,0.000,0.000
83845,9,18,9,0,1,1,0.000,0.000
83846,0,1,1,0,0,0,0.000,0.000
83847,7,15,8,0,1,1,0.000,0.000
83848,8,15,7,0,1,1,0.000,0.000
83849,2,5,3,0,0,0,0.000,0.000
83850,8,16,8,0,1,1,0.000,0.000
83851,8,17,9,0,1,1,0.000,0.000
83852,8,17,9,0,1,1,0.000,0.000
83854,11,20,9,0,1,1,0.000,0.000
83855,11,20,9,0,1,1,0.000,0.000
83856,8,16,8,0,1,1,0.000,0.000
83857,10,18,8,0,1,1,0.000,0.000
83858,10,19,9,0,1,1,0.000,0.000
83860,6,13,7,0,1,1,0.000,0.000
83861,10,18,8,0,1,1,0.000,0.000
83864,7,14,7,0,1,1,0.000,0.000
83866,8,16,8,0,1,1,0.000,0.000
83867,3,8,5,0,0,0,0.000,0.000
83868,5,12,7,0,0,0,0.000,0.000
83869,7,15,8,0,1,1,0.000,0.000
83870,8,16,8,0,1,1,0.000,0.000
83871,14,24,10,1,1,0,0.000,0.000
83872,8,15,7,0,1,1,0.000,0.000
83873,2,4,2,0,0,0,0.000,0.000
83874,1,3,2,0,0,0,0.000,0.000
83876,12,22,10,0,1,1,0.000,0.000
84001,3,9,6,0,0,0,0.006,0.017
84002,1,4,3,0,0,0,0.006,0.017
84003,35,53,18,1,3,2,0.006,0.006
84004,20,33,13,0,1,1,0.006,0.006
84005,20,38,18,0,1,1,0.006,0.006
84006,16,30,14,0,1,1,0.006,0.017
84007,7,17,10,0,0,0,0.006,0.017
84010,6,16,10,0,0,0,0.006,0.017
84013,20,38,18,0,1,1,0.006,0.006
84014,9,21,12,0,1,1,0.006,0.017
84015,28,45,17,1,2,1,0.006,0.017
84017,3,8,5,0,0,0,0.000,0.000
84018,2,6,4,0,0,0,0.000,0.000
84020,28,44,16,1,2,1,0.006,0.017
84021,4,11,7,0,0,0,0.006,0.017
84022,31,46,15,1,3,2,0.006,0.022
84023,13,24,11,0,1,1,0.000,0.000
84024,4,11,7,0,0,0,0.000,0.000
84025,26,38,12,1,3,2,0.006,0.017
84026,34,51,17,1,2,1,0.006,0.017
84027,1,4,3,0,0,0,0.006,0.017
84028,4,12,8,0,0,0,0.000,0.000
84029,37,54,17,1,3,2,0.006,0.022
84031,1,2,1,0,0,0,0.006,0.017
84032,5,13,8,0,0,0,0.000,0.000
84033,6,16,10,0,0,0,0.000,0.000
84034,16,27,12,0,0,0,0.006,0.022
84035,32,49,17,1,2,1,0.006,0.017
84036,2,5,3,0,0,0,0.000,0.000
84037,31,47,16,1,3,2,0.006,0.017
84038,1,3,2,0,0,0,0.000,0.000
84039,13,25,12,0,1,1,0.006,0.017
84040,13,23,10,0,1,1,0.006,0.017
84041,34,51,17,1,3,2,0.006,0.017
84042,34,52,18,1,3,2,0.006,0.006
84043,33,51,18,1,2,1,0.006,0.006
84044,31,48,17,1,2,1,0.006,0.017
84045,28,47,19,0,2,2,0.006,0.006
84046,4,12,8,0,0,0,0.000,0.000
84047,42,58,16,1,4,3,0.006,0.017
84049,10,23,13,0,1,1,0.000,0.000
84050,10,22,12,0,1,1,0.000,0.000
84051,1,4,3,0,0,0,0.006,0.017
84052,26,44,18,0,1,1,0.006,0.017
84053,7,17,10,0,0,0,0.006,0.017
84054,19,32,13,1,2,1,0.006,0.017
84055,1,2,1,0,0,0,0.000,0.000
84056,21,37,16,0,2,2,0.006,0.017
84057,36,54,18,1,3,2,0.006,0.006
84058,38,56,18,1,3,2,0.006,0.006
84060,0,1,1,0,0,0,0.000,0.000
84061,3,10,7,0,0,0,0.000,0.000
84062,24,38,14,0,2,2,0.006,0.006
84063,38,54,16,1,3,2,0.006,0.017
84064,1,4,3,0,0,0,0.000,0.000
84065,43,60,17,1,4,3,0.006,0.017
84066,27,44,17,1,2,1,0.006,0.017
84067,26,43,17,1,2,1,0.006,0.017
84069,29,46,17,1,2,1,0.006,0.022
84070,45,61,16,1,4,3,0.006,0.017
84071,17,28,11,0,1,1,0.006,0.022
84072,1,3,2,0,0,0,0.006,0.017
84073,1,3,2,0,0,0,0.006,0.017
84074,20,35,15,0,2,2,0.006,0.022
84075,36,53,17,1,4,3,0.006,0.017
84076,11,24,13,0,1,1,0.006,0.017
84078,19,35,16,0,1,1,0.006,0.017
84080,18,34,16,0,1,1,0.006,0.022
84081,34,51,17,1,3,2,0.006,0.017
84082,3,8,5,0,0,0,0.000,0.000
84083,38,54,16,1,3,2,0.006,0.022
84084,44,60,16,1,5,4,0.006,0.017
84085,4,10,6,0,0,0,0.006,0.017
84086,1,3,2,0,0,0,0.000,0.000
84087,29,46,17,1,3,2,0.006,0.017
84088,43,59,16,1,4,3,0.006,0.017
84092,12,20,8,0,1,1,0.006,0.017
84093,27,44,17,0,2,2,0.006,0.017
84094,45,61,16,1,4,3,0.006,0.017
84095,42,59,17,1,4,3,0.006,0.017
84096,25,41,16,0,2,2,0.006,0.017
84097,29,47,18,1,2,1,0.006,0.006
84098,1,2,1,0,0,0,0.000,0.000
84101,38,56,18,1,4,3,0.006,0.017
84102,36,53,17,1,3,2,0.006,0.017
84103,28,44,16,1,2,1,0.006,0.017
84104,39,57,18,1,4,3,0.006,0.017
84105,33,50,17,1,3,2,0.006,0.017
84106,33,51,18,1,3,2,0.006,0.017
84107,41,57,16,1,4,3,0.006,0.017
84108,15,28,13,0,1,1,0.006,0.017
84109,16,28,12,0,1,1,0.006,0.017
84111,36,54,18,1,3,2,0.006,0.017
84112,20,37,17,0,1,1,0.006,0.017
84113,19,36,17,0,1,1,0.006,0.017
84115,38,55,17,1,4,3,0.006,0.017
84116,36,53,17,1,4,3,0.006,0.017
84117,28,45,17,1,2,1,0.006,0.017
84118,39,56,17,1,4,3,0.006,0.017
84119,43,59,16,1,5,4,0.006,0.017
84120,39,56,17,1,4,3,0.006,0.017
84121,23,35,12,0,2,2,0.006,0.017
84123,43,59,16,1,4,3,0.006,0.017
84124,18,30,12,0,1,1,0.006,0.017
84128,35,52,17,1,3,2,0.006,0.017
84144,37,55,18,1,4,3,,
84180,38,56,18,1,4,3,0.006,0.017
84301,33,50,17,1,3,2,0.006,0.017
84302,14,24,10,0,1,1,0.006,0.017
84304,26,43,17,1,3,2,0.000,0.000
84305,18,33,15,0,2,2,0.000,0.000
84306,15,29,14,0,1,1,0.006,0.017
84307,33,49,16,1,3,2,0.006,0.017
84308,23,39,16,1,2,1,0.000,0.000
84309,7,14,7,0,1,1,0.006,0.017
84310,6,15,9,0,0,0,0.006,0.017
84311,27,44,17,1,3,2,0.006,0.017
84312,28,44,16,1,3,2,0.006,0.017
84313,12,23,11,0,1,1,0.006,0.017
84314,21,37,16,0,2,2,0.006,0.017
84315,35,52,17,1,3,2,0.006,0.017
84316,26,41,15,1,2,1,0.006,0.017
84317,6,13,7,0,0,0,0.006,0.017
84318,17,30,13,0,2,2,0.000,0.000
84319,8,19,11,0,1,1,0.000,0.000
84320,23,38,15,1,2,1,0.000,0.000
84321,15,29,14,0,1,1,0.000,0.000
84324,4,11,7,0,0,0,0.006,0.017
84325,20,36,16,0,2,2,0.000,0.000
84326,8,19,11,0,1,1,0.000,0.000
84327,25,41,16,1,3,2,0.000,0.000
84328,7,17,10,0,0,0,0.000,0.000
84329,17,31,14,0,1,1,0.006,0.017
84330,24,40,16,1,2,1,0.006,0.017
84331,20,34,14,1,2,1,0.006,0.017
84332,9,19,10,0,1,1,0.000,0.000
84333,16,27,11,0,2,2,0.000,0.000
84334,28,45,17,1,3,2,0.006,0.017
84335,20,36,16,1,2,1,0.000,0.000
84336,23,38,15,0,2,2,0.006,0.017
84337,28,44,16,1,3,2,0.006,0.017
84338,26,43,17,1,3,2,0.000,0.000
84339,15,30,15,0,1,1,0.000,0.000
84340,12,24,12,0,1,1,0.006,0.017
84341,13,24,11,0,1,1,0.000,0.000
84401,22,37,15,1,2,1,0.006,0.017
84403,10,22,12,0,1,1,0.006,0.017
84404,26,41,15,1,2,1,0.006,0.017
84405,17,31,14,0,1,1,0.006,0.017
84414,14,25,11,0,1,1,0.006,0.017
84501,21,38,17,0,1,1,0.000,0.000
84511,25,42,17,0,1,1,0.000,0.022
84512,68,84,16,3,9,6,0.000,0.022
84513,18,35,17,0,1,1,0.000,0.017
84515,70,84,14,6,14,8,0.000,0.017
84516,15,31,16,0,1,1,0.000,0.017
84518,15,30,15,0,1,1,0.000,0.017
84520,6,16,10,0,0,0,0.000,0.000
84521,21,38,17,0,1,1,0.000,0.017
84522,5,14,9,0,0,0,0.000,0.017
84523,13,28,15,0,1,1,0.000,0.017
84525,67,81,14,4,11,7,0.000,0.017
84526,5,11,6,0,0,0,0.000,0.000
84528,15,29,14,0,1,1,0.000,0.017
84529,6,16,10,0,0,0,0.000,0.000
84530,3,9,6,0,0,0,0.000,0.022
84531,73,88,15,5,13,8,0.000,0.022
84532,52,68,16,2,6,4,0.000,0.017
84533,65,80,15,4,10,6,0.000,0.022
84534,70,85,15,4,11,7,0.000,0.022
84535,5,11,6,0,0,0,0.000,0.022
84536,43,61,18,1,3,2,0.000,0.022
84537,11,22,11,0,0,0,0.000,0.017
84539,3,7,4,0,0,0,0.000,0.000
84540,33,45,12,1,2,1,0.000,0.017
84542,26,43,17,0,1,1,0.000,0.000
84601,41,59,18,1,4,3,0.006,0.006
84604,28,41,13,1,3,2,0.006,0.006
84606,22,34,12,1,2,1,0.006,0.006
84620,15,28,13,0,1,1,0.000,0.000
84621,25,42,17,0,1,1,0.000,0.000
84622,29,48,19,0,1,1,0.000,0.000
84623,18,34,16,0,1,1,0.000,0.000
84624,50,66,16,1,5,4,0.000,0.000
84626,29,44,15,1,2,1,0.006,0.006
84627,9,19,10,0,1,1,0.000,0.000
84628,5,13,8,0,0,0,0.000,0.006
84629,2,5,3,0,0,0,0.000,0.000
84630,18,30,12,0,1,1,0.000,0.000
84631,24,41,17,0,1,1,0.000,0.000
84632,6,15,9,0,0,0,0.000,0.000
84633,43,60,17,1,4,3,0.006,0.006
84634,28,45,17,0,1,1,0.000,0.000
84635,51,68,17,1,5,4,0.000,0.000
84636,30,47,17,0,1,1,0.000,0.000
84637,30,47,17,0,1,1,0.000,0.000
84638,36,52,16,1,2,1,0.000,0.000
84639,19,32,13,0,1,1,0.000,0.006
84640,51,67,16,1,4,3,0.000,0.000
84642,8,18,10,0,0,0,0.000,0.000
84643,5,13,8,0,0,0,0.000,0.000
84645,27,40,13,0,2,2,0.000,0.006
84646,14,30,16,0,1,1,0.000,0.000
84647,1,2,1,0,0,0,0.000,0.000
84648,17,31,14,0,1,1,0.000,0.006
84649,32,49,17,0,2,2,0.000,0.000
84651,24,37,13,1,2,1,0.006,0.006
84652,18,34,16,0,1,1,0.000,0.000
84653,15,28,13,0,1,1,0.006,0.006
84654,1,2,1,0,0,0,0.000,0.000
84655,20,34,14,0,1,1,0.006,0.006
84656,15,29,14,0,1,1,0.000,0.000
84657,4,8,4,0,0,0,0.000,0.000
84660,32,49,17,1,3,2,0.006,0.006
84662,3,8,5,0,0,0,0.000,0.000
84663,32,49,17,1,3,2,0.006,0.006
84664,13,26,13,0,1,1,0.006,0.006
84665,3,8,5,0,0,0,0.000,0.000
84667,15,31,16,0,1,1,0.000,0.000
84701,2,4,2,0,0,0,0.000,0.000
84710,1,2,1,0,0,0,0.000,0.006
84711,1,1,0,0,0,0,0.000,0.000
84712,1,3,2,0,0,0,0.000,0.000
84713,7,17,10,0,0,0,0.006,0.000
84714,24,42,18,0,1,1,0.006,0.000
84715,1,3,2,0,0,0,0.000,0.022
84716,5,11,6,0,0,0,0.000,0.022
84718,12,26,14,0,1,1,0.000,0.022
84719,0,0,0,0,0,0,0.006,0.000
84720,5,12,7,0,0,0,0.006,0.000
84721,12,24,12,0,1,1,0.006,0.000
84722,8,21,13,0,0,0,0.006,0.006
84723,8,20,12,0,0,0,0.000,0.000
84724,25,43,18,0,1,1,0.000,0.000
84725,10,22,12,0,0,0,0.006,0.006
84726,18,32,14,0,1,1,0.000,0.022
84728,34,52,18,0,2,2,0.000,0.000
84729,3,10,7,0,0,0,0.000,0.006
84730,3,8,5,0,0,0,0.000,0.000
84731,16,33,17,0,1,1,0.006,0.000
84732,1,3,2,0,0,0,0.000,0.000
84733,56,73,17,3,8,5,0.006,0.006
84734,57,71,14,4,11,7,0.000,0.022
84735,1,2,1,0,0,0,0.000,0.022
84736,11,24,13,0,0,0,0.000,0.022
84737,86,101,15,9,21,12,0.006,0.006
84738,102,115,13,19,35,16,0.006,0.006
84739,18,32,14,0,1,1,0.000,0.000
84740,8,20,12,0,0,0,0.000,0.000
84741,41,56,15,2,5,3,0.000,0.006
84742,7,16,9,0,0,0,0.006,0.000
84743,4,10,6,0,0,0,0.000,0.000
84744,1,4,3,0,0,0,0.000,0.000
84745,90,105,15,9,22,13,0.006,0.006
84746,89,104,15,8,20,12,0.006,0.006
84747,1,2,1,0,0,0,0.000,0.022
84749,1,2,1,0,0,0,0.000,0.022
84750,11,26,15,0,0,0,0.000,0.000
84751,35,53,18,0,2,2,0.006,0.000
84752,16,32,16,0,1,1,0.006,0.000
84753,13,25,12,0,1,1,0.006,0.000
84754,5,10,5,0,0,0,0.000,0.000
84755,12,25,13,0,0,0,0.000,0.006
84756,18,33,15,0,1,1,0.006,0.000
84757,17,33,16,0,1,1,0.006,0.006
84758,9,19,10,0,0,0,0.000,0.006
84759,2,5,3,0,0,0,0.000,0.022
84760,3,7,4,0,0,0,0.006,0.000
84761,4,9,5,0,0,0,0.006,0.000
84762,0,1,1,0,0,0,0.000,0.006
84763,71,87,16,5,14,9,0.006,0.006
84764,1,2,1,0,0,0,0.000,0.022
84765,108,120,12,25,43,18,0.006,0.006
84766,5,11,6,0,0,0,0.000,0.000
84767,47,60,13,2,7,5,0.006,0.006
84770,107,119,12,26,43,17,0.006,0.006
84772,1,3,2,0,0,0,0.006,0.000
84773,1,3,2,0,0,0,0.000,0.022
84774,86,101,15,8,19,11,0.006,0.006
84775,15,25,10,0,1,1,0.000,0.022
84776,4,12,8,0,0,0,0.000,0.022
84779,37,46,9,3,7,4,0.006,0.006
84780,107,119,12,24,42,18,0.006,0.006
84781,0,1,1,0,0,0,0.006,0.006
84782,31,49,18,0,1,1,0.006,0.006
84783,35,54,19,1,2,1,0.006,0.006
84784,36,55,19,1,2,1,0.006,0.006
84790,111,123,12,29,48,19,0.006,0.006
85003,155,166,11,87,103,16,0.456,2.133
85004,155,166,11,87,103,16,0.456,2.133
85006,154,165,11,87,103,16,0.456,2.133
85007,154,166,12,86,103,17,0.456,2.133
85008,154,165,11,86,102,16,0.456,2.133
85009,156,167,11,88,104,16,0.456,2.133
85012,155,166,11,87,104,17,0.456,2.133
85013,155,166,11,87,104,17,0.456,2.133
85014,153,165,12,86,102,16,0.456,2.133
85015,155,166,11,88,104,16,0.456,2.133
85016,153,164,11,85,102,17,0.456,2.133
85017,155,167,12,88,104,16,0.456,2.133
85018,153,164,11,84,101,17,0.456,2.133
85019,155,167,12,88,104,16,0.456,2.133
85020,148,160,12,80,97,17,0.456,2.133
85021,152,163,11,84,101,17,0.456,2.133
85022,145,157,12,75,94,19,0.456,2.133
85023,146,158,12,76,95,19,0.456,2.133
85024,145,157,12,74,93,19,0.456,2.133
85027,147,159,12,77,95,18,0.456,2.133
85028,143,155,12,74,93,19,0.456,2.133
85029,151,162,11,83,100,17,0.456,2.133
85031,156,167,11,88,105,17,0.456,2.133
85032,145,157,12,76,95,19,0.456,2.133
85033,155,166,11,88,104,16,0.456,2.133
85034,154,165,11,86,102,16,0.456,2.133
85035,156,167,11,89,105,16,0.456,2.133
85037,155,167,12,89,105,16,0.456,2.133
85040,150,161,11,81,98,17,0.456,2.133
85041,149,161,12,80,97,17,0.456,2.133
85042,146,157,11,75,94,19,0.456,2.133
85043,157,168,11,90,106,16,0.456,2.133
85044,152,163,11,84,101,17,0.456,2.133
85045,156,167,11,89,105,16,0.456,2.133
85048,155,166,11,87,104,17,0.456,2.133
85050,145,157,12,74,93,19,0.456,2.133
85051,154,165,11,86,103,17,0.456,2.133
85053,148,160,12,79,97,18,0.456,2.133
85054,145,156,11,75,93,18,0.456,2.133
85083,147,159,12,78,96,18,0.456,2.133
85085,144,156,12,72,91,19,0.456,2.133
85086,139,152,13,67,86,19,0.456,2.133
85087,133,146,13,59,79,20,0.456,2.133
85118,145,157,12,76,94,18,0.267,1.000
85119,148,160,12,80,98,18,0.267,1.000
85120,149,161,12,81,99,18,0.267,1.000
85121,159,169,10,95,110,15,0.456,2.133
85122,160,171,11,95,110,15,0.267,1.000
85123,158,168,10,89,106,17,0.267,1.000
85128,160,171,11,95,110,15,0.267,1.000
85131,158,169,11,88,105,17,0.267,1.000
85132,153,164,11,84,101,17,0.267,1.000
85135,144,155,11,69,88,19,0.067,0.156
85137,137,149,12,63,82,19,0.267,1.000
85138,160,170,10,98,112,14,0.267,1.000
85139,159,170,11,97,112,15,0.267,1.000
85140,150,161,11,80,98,18,0.267,1.000
85141,157,168,11,86,103,17,0.267,1.000
85142,150,161,11,80,98,18,0.456,2.133
85143,153,164,11,84,101,17,0.267,1.000
85145,153,164,11,81,99,18,0.267,1.000
85147,156,167,11,90,106,16,0.456,2.133
85172,160,171,11,97,111,14,0.267,1.000
85173,99,114,15,20,36,16,0.267,1.000
85192,126,139,13,48,68,20,0.267,1.000
85193,159,169,10,94,109,15,0.267,1.000
85194,160,170,10,93,109,16,0.267,1.000
85201,151,163,12,83,100,17,0.456,2.133
85202,152,163,11,83,101,18,0.456,2.133
85203,150,162,12,81,99,18,0.456,2.133
85204,150,162,12,81,99,18,0.456,2.133
85205,149,160,11,78,97,19,0.456,2.133
85206,148,160,12,78,96,18,0.456,2.133
85207,147,159,12,79,97,18,0.456,2.133
85208,149,160,11,80,98,18,0.456,2.133
85209,148,159,11,78,97,19,0.456,2.133
85210,152,163,11,83,101,18,0.456,2.133
85212,148,159,11,78,96,18,0.456,2.133
85213,149,161,12,78,97,19,0.456,2.133
85215,148,160,12,79,97,18,0.456,2.133
85224,152,163,11,84,101,17,0.456,2.133
85225,152,163,11,84,101,17,0.456,2.133
85226,153,164,11,85,102,17,0.456,2.133
85233,151,163,12,83,100,17,0.456,2.133
85234,149,160,11,78,97,19,0.456,2.133
85248,154,165,11,87,104,17,0.456,2.133
85249,153,164,11,86,102,16,0.456,2.133
85250,152,163,11,84,101,17,0.456,2.133
85251,153,164,11,84,102,18,0.456,2.133
85253,149,161,12,81,99,18,0.456,2.133
85254,147,159,12,79,97,18,0.456,2.133
85255,139,151,12,68,87,19,0.456,2.133
85256,152,164,12,84,101,17,0.456,2.133
85257,154,166,12,86,103,17,0.456,2.133
85258,150,162,12,82,100,18,0.456,2.133
85259,151,162,11,84,101,17,0.456,2.133
85260,149,160,11,80,98,18,0.456,2.133
85262,125,138,13,50,70,20,0.456,2.133
85263,146,157,11,79,96,17,0.456,2.133
85264,146,158,12,77,95,18,0.456,2.133
85266,131,144,13,58,78,20,0.456,2.133
85268,154,164,10,88,104,16,0.456,2.133
85281,153,164,11,84,101,17,0.456,2.133
85282,152,163,11,83,101,18,0.456,2.133
85283,152,163,11,83,100,17,0.456,2.133
85284,152,164,12,84,101,17,0.456,2.133
85286,152,164,12,84,101,17,0.456,2.133
85295,149,161,12,79,97,18,0.456,2.133
85296,149,160,11,78,97,19,0.456,2.133
85297,150,161,11,80,98,18,0.456,2.133
85298,151,162,11,81,99,18,0.456,2.133
85301,155,166,11,88,104,16,0.456,2.133
85302,153,165,12,86,103,17,0.456,2.133
85303,155,166,11,88,104,16,0.456,2.133
85304,153,164,11,86,102,16,0.456,2.133
85305,154,166,12,88,104,16,0.456,2.133
85306,152,163,11,84,101,17,0.456,2.133
85307,155,166,11,90,105,15,0.456,2.133
85308,151,162,11,83,100,17,0.456,2.133
85309,155,166,11,91,106,15,0.456,2.133
85310,149,161,12,80,98,18,0.456,2.133
85320,125,138,13,45,66,21,0.456,2.133
85321,141,153,12,73,92,19,0.183,1.428
85322,163,175,12,102,115,13,0.456,2.133
85323,154,165,11,88,104,16,0.456,2.133
85324,127,140,13,52,72,20,0.094,0.294
85325,154,165,11,94,108,14,0.650,2.772
85326,161,172,11,98,112,14,0.456,2.133
85328,161,172,11,101,114,13,0.650,2.772
85331,135,147,12,62,81,19,0.456,2.133
85332,108,122,14,26,44,18,0.094,0.294
85333,166,178,12,108,120,12,0.578,2.967
85334,162,173,11,104,117,13,0.650,2.772
85335,156,167,11,91,106,15,0.456,2.133
85336,159,171,12,96,110,14,0.578,2.967
85337,167,179,12,106,119,13,0.456,2.133
85338,154,166,12,89,105,16,0.456,2.133
85339,156,167,11,89,105,16,0.456,2.133
85340,157,168,11,93,108,15,0.456,2.133
85341,155,167,12,89,104,15,0.183,1.428
85342,137,149,12,66,84,18,0.456,2.133
85343,163,175,12,101,115,14,0.456,2.133
85344,158,169,11,97,111,14,0.650,2.772
85345,155,166,11,88,104,16,0.456,2.133
85346,155,166,11,95,109,14,0.650,2.772
85347,167,178,11,107,120,13,0.578,2.967
85348,141,153,12,69,88,19,0.650,2.772
85349,158,170,12,96,109,13,0.578,2.967
85350,158,170,12,95,109,14,0.578,2.967
85351,156,168,12,92,107,15,0.456,2.133
85352,161,173,12,99,113,14,0.578,2.967
85353,154,165,11,87,103,16,0.456,2.133
85354,156,167,11,92,107,15,0.456,2.133
85355,151,163,12,85,101,16,0.456,2.133
85356,155,168,13,91,106,15,0.578,2.967
85357,133,146,13,56,76,20,0.650,2.772
85360,105,120,15,28,43,15,0.694,2.444
85361,147,158,11,80,97,17,0.456,2.133
85362,57,78,21,3,8,5,0.094,0.294
85363,155,167,12,90,106,16,0.456,2.133
85364,161,173,12,99,112,13,0.578,2.967
85365,160,172,12,98,112,14,0.578,2.967
85367,156,168,12,94,109,15,0.578,2.967
85371,160,171,11,102,115,13,,
85373,157,168,11,93,109,16,0.456,2.133
85374,154,166,12,89,105,16,0.456,2.133
85375,157,168,11,94,109,15,0.456,2.133
85377,127,140,13,51,72,21,0.456,2.133
85379,153,165,12,87,104,17,0.456,2.133
85381,155,166,11,89,105,16,0.456,2.133
85382,155,166,11,90,106,16,0.456,2.133
85383,152,163,11,86,102,16,0.456,2.133
85387,152,163,11,86,103,17,0.456,2.133
85388,151,163,12,84,101,17,0.456,2.133
85390,134,147,13,60,80,20,0.456,2.133
85392,156,167,11,90,106,16,0.456,2.133
85395,157,168,11,92,107,15,0.456,2.133
85396,152,164,12,87,103,16,0.456,2.133
85501,86,104,18,8,21,13,0.067,0.156
85530,86,104,18,8,20,12,0.011,0.039
85531,120,135,15,26,48,22,0.011,0.039
85533,90,109,19,11,25,14,0.000,0.011
85534,99,119,20,12,27,15,0.000,0.011
85535,121,137,16,28,50,22,0.011,0.039
85536,120,135,15,27,48,21,0.011,0.039
85539,80,98,18,8,19,11,0.067,0.156
85540,97,115,18,13,28,15,0.000,0.011
85541,47,66,19,2,6,4,0.067,0.156
85542,101,118,17,17,34,17,0.067,0.156
85543,116,132,16,24,44,20,0.011,0.039
85544,12,25,13,0,1,1,0.067,0.156
85545,77,95,18,7,17,10,0.067,0.156
85546,113,130,17,20,40,20,0.011,0.039
85551,113,130,17,20,40,20,0.011,0.039
85552,116,132,16,22,43,21,0.011,0.039
85553,124,137,13,51,71,20,0.067,0.156
85554,16,31,15,0,1,1,0.067,0.156
85601,95,113,18,9,23,14,0.183,1.428
85602,90,110,20,8,19,11,0.006,0.017
85603,44,66,22,1,4,3,0.006,0.017
85605,100,119,19,13,29,16,0.006,0.017
85606,78,101,23,3,11,8,0.006,0.017
85607,85,107,22,5,14,9,0.006,0.017
85608,84,107,23,4,13,9,0.006,0.017
85609,56,79,23,1,4,3,0.006,0.017
85610,65,90,25,2,7,5,0.006,0.017
85611,36,59,23,0,2,2,0.000,0.006
85613,57,82,25,1,5,4,0.006,0.017
85614,127,140,13,34,57,23,0.183,1.428
85615,59,83,24,2,6,4,0.006,0.017
85616,69,93,24,2,8,6,0.006,0.017
85617,81,105,24,4,12,8,0.006,0.017
85618,129,141,12,44,66,22,0.267,1.000
85619,2,6,4,0,0,0,0.183,1.428
85620,55,80,25,1,4,3,0.006,0.017
85621,78,100,22,4,13,9,0.000,0.006
85622,125,138,13,30,53,23,0.183,1.428
85623,76,95,19,7,17,10,0.267,1.000
85624,49,72,23,1,5,4,0.000,0.006
85625,69,93,24,2,8,6,0.006,0.017
85626,95,116,21,7,19,12,0.006,0.017
85627,103,121,18,11,26,15,0.006,0.017
85629,125,139,14,35,57,22,0.183,1.428
85630,91,111,20,8,19,11,0.006,0.017
85631,111,127,16,21,40,19,0.267,1.000
85632,76,96,20,7,18,11,0.006,0.017
85633,101,119,18,14,30,16,0.183,1.428
85634,140,152,12,65,84,19,0.183,1.428
85635,66,91,25,2,8,6,0.006,0.017
85637,40,65,25,1,3,2,0.000,0.006
85638,67,90,23,2,7,5,0.006,0.017
85640,102,120,18,12,27,15,0.000,0.006
85641,95,114,19,10,24,14,0.183,1.428
85643,83,104,21,5,14,9,0.006,0.017
85645,111,127,16,18,36,18,0.183,1.428
85646,97,116,19,11,25,14,0.000,0.006
85648,88,108,20,7,19,12,0.000,0.006
85650,59,83,24,1,6,5,0.006,0.017
85653,151,162,11,74,94,20,0.183,1.428
85654,152,163,11,72,93,21,0.183,1.428
85658,136,149,13,48,72,24,0.183,1.428
85701,134,146,12,44,68,24,0.183,1.428
85704,134,147,13,45,69,24,0.183,1.428
85705,138,150,12,50,74,24,0.183,1.428
85706,129,142,13,37,61,24,0.183,1.428
85707,124,138,14,31,54,23,0.183,1.428
85708,122,136,14,28,50,22,0.183,1.428
85710,127,140,13,35,59,24,0.183,1.428
85711,127,140,13,35,59,24,0.183,1.428
85712,134,147,13,45,69,24,0.183,1.428
85713,133,145,12,42,66,24,0.183,1.428
85714,131,144,13,40,64,24,0.183,1.428
85715,134,146,12,45,70,25,0.183,1.428
85716,133,146,13,42,67,25,0.183,1.428
85718,133,146,13,43,67,24,0.183,1.428
85719,135,147,12,45,70,25,0.183,1.428
85723,131,144,13,40,64,24,0.183,1.428
85724,135,148,13,45,70,25,0.183,1.428
85726,133,146,13,43,67,24,0.183,1.428
85730,122,137,15,29,51,22,0.183,1.428
85735,137,150,13,49,73,24,0.183,1.428
85736,108,125,17,18,35,17,0.183,1.428
85737,124,138,14,33,55,22,0.183,1.428
85739,108,124,16,18,36,18,0.267,1.000
85741,142,154,12,56,80,24,0.183,1.428
85742,142,154,12,55,79,24,0.183,1.428
85743,146,158,12,63,85,22,0.183,1.428
85745,138,150,12,49,73,24,0.183,1.428
85746,134,147,13,44,68,24,0.183,1.428
85747,118,133,15,23,44,21,0.183,1.428
85748,123,138,15,31,54,23,0.183,1.428
85749,130,143,13,41,65,24,0.183,1.428
85750,135,147,12,47,71,24,0.183,1.428
85755,127,141,14,35,59,24,0.183,1.428
85756,126,140,14,33,57,24,0.183,1.428
85757,134,147,13,44,68,24,0.183,1.428
85901,5,13,8,0,1,1,0.000,0.011
85911,4,10,6,0,0,0,0.000,0.011
85912,9,21,12,0,1,1,,
85920,0,1,1,0,0,0,0.000,0.011
85922,6,11,5,0,1,1,0.000,0.011
85923,4,11,7,0,0,0,0.000,0.011
85924,9,19,10,0,1,1,0.000,0.011
85925,1,2,1,0,0,0,0.000,0.011
85927,0,0,0,0,0,0,0.000,0.011
85928,5,13,8,0,0,0,0.000,0.011
85929,3,7,4,0,0,0,0.000,0.011
85930,0,0,0,0,0,0,0.000,0.011
85931,1,2,1,0,0,0,0.006,0.017
85932,0,1,1,0,0,0,0.000,0.011
85933,2,7,5,0,0,0,0.000,0.011
85934,3,9,6,0,0,0,0.000,0.011
85935,1,3,2,0,0,0,0.000,0.011
85936,17,32,15,0,1,1,0.000,0.011
85937,20,37,17,1,1,0,0.000,0.011
85938,1,3,2,0,0,0,0.000,0.011
85939,19,36,17,0,1,1,0.000,0.011
85940,2,5,3,0,0,0,0.000,0.011
85941,0,0,0,0,0,0,0.000,0.011
85942,45,66,21,1,3,2,0.000,0.011
86001,1,5,4,0,0,0,0.006,0.017
86004,5,12,7,0,0,0,0.006,0.017
86011,2,6,4,0,0,0,0.006,0.017
86015,1,4,3,0,0,0,0.006,0.017
86016,48,66,18,1,4,3,0.006,0.017
86017,1,3,2,0,0,0,0.006,0.017
86018,2,6,4,0,0,0,0.006,0.017
86020,67,84,17,4,12,8,0.006,0.017
86021,41,60,19,1,3,2,0.694,2.444
86022,48,66,18,1,4,3,0.006,0.017
86023,6,15,9,0,0,0,0.006,0.017
86024,1,5,4,0,0,0,0.006,0.017
86025,46,66,20,1,4,3,0.000,0.011
86028,46,66,20,1,4,3,0.000,0.011
86029,49,69,20,2,4,2,0.000,0.011
86032,50,70,20,2,4,2,0.000,0.011
86035,21,38,17,0,1,1,0.006,0.017
86036,72,86,14,6,15,9,0.006,0.017
86038,1,2,1,0,0,0,0.006,0.017
86040,69,85,16,4,10,6,0.006,0.017
86044,26,43,17,0,1,1,0.006,0.017
86045,58,75,17,2,6,4,0.006,0.017
86046,8,18,10,0,0,0,0.006,0.017
86047,42,61,19,1,4,3,0.000,0.011
86052,52,69,17,2,6,4,0.006,0.017
86301,13,26,13,0,1,1,0.094,0.294
86303,6,14,8,0,0,0,0.094,0.294
86305,19,34,15,0,1,1,0.094,0.294
86313,4,12,8,0,0,0,0.094,0.294
86314,27,46,19,1,2,1,0.094,0.294
86315,28,47,19,1,2,1,0.094,0.294
86320,31,50,19,1,2,1,0.094,0.294
86321,87,104,17,12,23,11,0.094,0.294
86322,110,124,14,28,47,19,0.094,0.294
86323,43,64,21,1,4,3,0.094,0.294
86324,98,114,16,16,31,15,0.094,0.294
86325,101,116,15,17,33,16,0.094,0.294
86326,104,118,14,19,36,17,0.094,0.294
86327,41,61,20,1,4,3,0.094,0.294
86329,43,63,20,1,4,3,0.094,0.294
86331,27,44,17,1,2,1,0.094,0.294
86332,46,66,20,2,6,4,0.094,0.294
86333,74,91,17,7,17,10,0.094,0.294
86334,54,75,21,2,7,5,0.094,0.294
86335,89,105,16,11,23,12,0.094,0.294
86336,60,79,19,3,9,6,0.094,0.294
86337,29,47,18,1,2,1,0.094,0.294
86338,52,73,21,2,7,5,0.094,0.294
86343,18,34,16,1,2,1,0.094,0.294
86351,63,83,20,3,9,6,0.094,0.294
86401,74,91,17,6,15,9,0.694,2.444
86403,158,168,10,98,112,14,0.694,2.444
86404,153,164,11,91,106,15,0.694,2.444
86406,153,163,10,90,105,15,0.694,2.444
86409,88,104,16,11,23,12,0.694,2.444
86411,82,97,15,10,20,10,0.694,2.444
86413,105,118,13,23,40,17,0.694,2.444
86426,159,169,10,101,114,13,0.694,2.444
86429,142,153,11,75,91,16,0.694,2.444
86431,65,84,19,3,9,6,0.694,2.444
86432,109,122,13,39,55,16,0.694,2.444
86433,82,100,18,13,23,10,0.694,2.444
86434,37,56,19,1,3,2,0.694,2.444
86435,23,39,16,0,1,1,0.006,0.017
86436,154,165,11,93,107,14,0.694,2.444
86437,55,74,19,2,6,4,0.694,2.444
86438,116,129,13,36,55,19,0.694,2.444
86440,164,174,10,107,119,12,0.694,2.444
86441,82,98,16,9,19,10,0.694,2.444
86442,158,168,10,100,113,13,0.694,2.444
86443,85,100,15,9,19,10,0.694,2.444
86444,85,99,14,14,25,11,0.694,2.444
86445,83,100,17,9,19,10,0.694,2.444
86502,31,50,19,1,2,1,0.000,0.011
86505,7,18,11,0,1,1,0.000,0.011
86506,19,36,17,0,1,1,0.000,0.011
86508,8,18,10,0,1,1,0.000,0.011
86511,3,9,6,0,0,0,0.000,0.011
86512,23,41,18,1,1,0,0.000,0.011
86515,3,8,5,0,0,0,0.000,0.011
87001,34,54,20,1,2,1,0.000,0.011
87002,58,79,21,2,6,4,0.000,0.028
87004,42,63,21,1,2,1,0.000,0.011
87005,12,26,14,0,1,1,0.000,0.017
87006,80,100,20,5,14,9,0.000,0.078
87007,17,33,16,0,1,1,0.000,0.017
87008,4,11,7,0,0,0,0.000,0.017
87010,13,27,14,0,0,0,0.000,0.000
87011,14,30,16,0,1,1,0.000,0.078
87012,1,3,2,0,0,0,0.000,0.000
87013,3,9,6,0,0,0,0.000,0.011
87014,14,28,14,0,1,1,0.000,0.017
87015,6,16,10,0,0,0,0.000,0.000
87016,14,28,14,0,1,1,0.000,0.006
87017,0,2,2,0,0,0,0.000,0.000
87018,3,9,6,0,0,0,0.000,0.011
87020,13,26,13,0,1,1,0.000,0.017
87021,18,34,16,0,1,1,0.000,0.017
87022,55,76,21,1,4,3,0.000,0.017
87023,71,92,21,3,9,6,0.000,0.028
87024,25,45,20,0,1,1,0.000,0.011
87025,1,3,2,0,0,0,0.000,0.011
87026,34,55,21,1,2,1,0.000,0.028
87027,1,4,3,0,0,0,0.000,0.011
87028,83,103,20,5,16,11,0.000,0.078
87029,2,8,6,0,0,0,0.000,0.000
87031,48,69,21,1,3,2,0.000,0.028
87032,18,35,17,0,1,1,0.000,0.006
87034,12,25,13,0,1,1,0.000,0.017
87035,11,25,14,0,0,0,0.000,0.006
87036,14,29,15,0,1,1,0.000,0.006
87037,13,26,13,0,0,0,0.000,0.000
87038,6,15,9,0,0,0,0.000,0.017
87040,16,32,16,0,1,1,0.000,0.017
87041,45,66,21,1,2,1,0.000,0.011
87042,56,77,21,1,4,3,0.000,0.028
87043,15,28,13,0,1,1,0.000,0.011
87044,3,9,6,0,0,0,0.000,0.011
87045,4,10,6,0,0,0,0.000,0.017
87046,1,3,2,0,0,0,0.000,0.011
87047,4,12,8,0,0,0,0.000,0.017
87048,47,68,21,1,3,2,0.000,0.011
87049,15,30,15,0,1,1,0.000,0.017
87051,17,32,15,0,1,1,0.000,0.017
87052,39,60,21,1,2,1,0.000,0.011
87053,33,53,20,1,1,0,0.000,0.011
87056,8,19,11,0,0,0,0.000,0.000
87059,2,7,5,0,0,0,0.000,0.017
87061,5,13,8,0,0,0,0.000,0.006
87062,68,90,22,2,8,6,0.000,0.078
87063,18,36,18,0,1,1,0.000,0.006
87064,4,10,6,0,0,0,0.000,0.000
87068,58,79,21,1,4,3,0.000,0.028
87070,7,18,11,0,0,0,0.000,0.006
87072,42,63,21,1,2,1,0.000,0.011
87083,45,66,21,1,2,1,0.000,0.011
87102,50,71,21,1,3,2,0.000,0.017
87104,56,76,20,1,4,3,0.000,0.017
87105,49,71,22,1,3,2,0.000,0.017
87106,41,63,22,1,2,1,0.000,0.017
87107,57,77,20,1,4,3,0.000,0.017
87108,37,58,21,1,2,1,0.000,0.017
87109,36,57,21,1,2,1,0.000,0.017
87110,40,61,21,1,2,1,0.000,0.017
87111,18,33,15,0,1,1,0.000,0.017
87112,23,40,17,0,1,1,0.000,0.017
87113,44,65,21,1,2,1,0.000,0.017
87114,56,76,20,1,4,3,0.000,0.017
87116,36,57,21,1,2,1,0.000,0.017
87117,30,50,20,1,1,0,0.000,0.017
87120,62,81,19,2,6,4,0.000,0.017
87121,47,68,21,1,3,2,0.000,0.017
87122,17,33,16,0,1,1,0.000,0.017
87123,21,38,17,0,1,1,0.000,0.017
87124,37,57,20,1,2,1,0.000,0.011
87144,33,54,21,1,2,1,0.000,0.011
87301,5,14,9,0,0,0,0.000,0.000
87305,4,10,6,0,0,0,0.000,0.000
87311,4,11,7,0,0,0,0.000,0.000
87312,1,5,4,0,0,0,0.000,0.000
87313,7,17,10,0,0,0,0.000,0.000
87315,4,13,9,0,0,0,0.000,0.017
87316,1,2,1,0,0,0,0.000,0.000
87317,4,12,8,0,0,0,0.000,0.000
87319,6,17,11,0,0,0,0.000,0.000
87321,2,5,3,0,0,0,0.000,0.000
87322,5,14,9,0,0,0,0.000,0.000
87323,1,3,2,0,0,0,0.000,0.017
87326,3,8,5,0,0,0,0.000,0.000
87327,6,13,7,0,0,0,0.000,0.000
87347,1,4,3,0,0,0,0.000,0.000
87357,2,6,4,0,0,0,0.000,0.017
87375,4,12,8,0,0,0,,
87401,31,50,19,0,1,1,0.000,0.000
87402,29,47,18,0,1,1,0.000,0.000
87410,23,40,17,0,0,0,0.000,0.000
87412,16,30,14,0,0,0,0.000,0.000
87413,37,56,19,0,1,1,0.000,0.000
87415,28,46,18,0,1,1,0.000,0.000
87416,40,60,20,0,1,1,0.000,0.000
87417,35,55,20,0,1,1,0.000,0.000
87418,21,37,16,0,0,0,0.000,0.000
87419,10,23,13,0,0,0,0.000,0.000
87420,44,63,19,0,2,2,0.000,0.000
87421,42,62,20,0,2,2,0.000,0.000
87499,21,38,17,0,0,0,0.000,0.000
87501,1,4,3,0,0,0,0.000,0.000
87505,2,7,5,0,0,0,0.000,0.000
87506,5,14,9,0,0,0,0.000,0.000
87507,7,17,10,0,0,0,0.000,0.000
87508,7,17,10,0,0,0,0.000,0.000
87510,10,23,13,0,0,0,0.000,0.000
87511,9,22,13,0,0,0,0.000,0.000
87512,0,0,0,0,0,0,0.000,0.000
87513,2,7,5,0,0,0,0.000,0.000
87514,0,1,1,0,0,0,0.000,0.000
87515,0,1,1,0,0,0,0.000,0.000
87516,0,2,2,0,0,0,0.000,0.000
87517,2,7,5,0,0,0,0.000,0.000
87518,0,2,2,0,0,0,0.000,0.000
87519,0,1,1,0,0,0,0.000,0.000
87520,0,0,0,0,0,0,0.000,0.000
87521,0,0,0,0,0,0,0.000,0.000
87522,5,14,9,0,0,0,0.000,0.000
87523,0,1,1,0,0,0,0.000,0.000
87524,0,0,0,0,0,0,0.000,0.000
87525,0,0,0,0,0,0,0.000,0.000
87527,4,11,7,0,0,0,0.000,0.000
87528,1,3,2,0,0,0,0.000,0.000
87529,2,7,5,0,0,0,0.000,0.000
87530,6,16,10,0,0,0,0.000,0.000
87531,4,11,7,0,0,0,0.000,0.000
87532,20,38,18,0,0,0,0.000,0.000
87533,25,44,19,0,1,1,,
87535,2,6,4,0,0,0,0.000,0.000
87537,16,33,17,0,0,0,0.000,0.000
87538,5,14,9,0,0,0,0.006,0.011
87539,3,9,6,0,0,0,0.000,0.000
87540,10,22,12,0,0,0,0.000,0.000
87543,0,0,0,0,0,0,0.000,0.000
87544,8,17,9,0,0,0,0.000,0.000
87548,11,26,15,0,0,0,0.000,0.000
87549,6,16,10,0,0,0,0.000,0.000
87551,1,4,3,0,0,0,0.000,0.000
87552,1,4,3,0,0,0,0.006,0.011
87553,0,0,0,0,0,0,0.000,0.000
87554,0,2,2,0,0,0,0.000,0.000
87556,0,0,0,0,0,0,0.000,0.000
87557,1,5,4,0,0,0,0.000,0.000
87558,0,0,0,0,0,0,0.000,0.000
87560,9,21,12,0,0,0,0.006,0.011
87562,3,9,6,0,0,0,0.006,0.011
87564,0,2,2,0,0,0,0.000,0.000
87565,8,20,12,0,0,0,0.006,0.011
87566,16,33,17,0,0,0,0.000,0.000
87567,16,33,17,0,0,0,0.000,0.000
87569,9,22,13,0,0,0,0.006,0.011
87571,1,4,3,0,0,0,0.000,0.000
87573,0,0,0,0,0,0,0.006,0.011
87574,0,1,1,0,0,0,0.000,0.000
87575,1,3,2,0,0,0,0.000,0.000
87577,1,3,2,0,0,0,0.000,0.000
87578,0,0,0,0,0,0,0.000,0.000
87579,0,0,0,0,0,0,0.000,0.000
87580,0,1,1,0,0,0,0.000,0.000
87581,0,1,1,0,0,0,0.000,0.000
87582,7,18,11,0,0,0,0.000,0.000
87583,12,27,15,0,0,0,0.006,0.011
87701,5,13,8,0,0,0,0.006,0.011
87710,0,0,0,0,0,0,0.000,0.000
87711,31,52,21,0,1,1,0.000,0.011
87714,3,9,6,0,0,0,0.000,0.000
87718,0,0,0,0,0,0,0.000,0.000
87724,38,60,22,0,1,1,0.000,0.011
87728,9,23,14,0,0,0,0.000,0.000
87729,2,9,7,0,0,0,0.000,0.000
87730,9,22,13,0,0,0,0.000,0.006
87731,0,2,2,0,0,0,0.006,0.011
87733,34,54,20,0,2,2,0.000,0.006
87734,0,0,0,0,0,0,0.000,0.000
87740,3,9,6,0,0,0,0.000,0.000
87742,0,0,0,0,0,0,0.006,0.011
87743,14,29,15,0,0,0,0.000,0.006
87745,0,2,2,0,0,0,0.006,0.011
87746,42,63,21,1,3,2,0.000,0.006
87747,14,31,17,0,0,0,0.000,0.000
87749,0,0,0,0,0,0,0.000,0.000
87752,9,24,15,0,0,0,0.000,0.000
87801,62,87,25,2,7,5,0.000,0.078
87821,5,15,10,0,1,1,0.000,0.006
87823,64,89,25,2,7,5,0.000,0.078
87825,16,32,16,0,1,1,0.000,0.078
87828,67,91,24,2,8,6,0.000,0.078
87829,2,6,4,0,0,0,0.000,0.006
87831,71,94,23,3,9,6,0.000,0.078
87832,77,99,22,4,15,11,0.000,0.078
87901,62,87,25,2,11,9,0.044,0.361
87930,82,105,23,7,21,14,0.044,0.361
87931,81,104,23,6,20,14,0.044,0.361
87933,85,109,24,6,21,15,0.044,0.361
87935,72,97,25,3,14,11,0.044,0.361
87936,84,108,24,6,20,14,0.117,0.644
87937,77,103,26,4,17,13,0.117,0.644
87939,27,49,22,0,3,3,0.044,0.361
87940,82,107,25,5,19,14,0.117,0.644
87941,84,109,25,5,20,15,0.117,0.644
87942,76,100,24,5,17,12,0.044,0.361
87943,7,20,13,0,1,1,0.044,0.361
88001,86,111,25,6,23,17,0.117,0.644
88002,64,89,25,4,16,12,0.117,0.644
88003,85,109,24,6,22,16,0.117,0.644
88004,81,107,26,5,20,15,0.117,0.644
88005,90,114,24,7,25,18,0.117,0.644
88007,88,112,24,7,24,17,0.117,0.644
88008,99,121,22,12,33,21,0.117,0.644
88009,70,96,26,3,12,9,,
88011,75,101,26,4,17,13,0.117,0.644
88012,73,100,27,4,16,12,0.117,0.644
88020,64,87,23,3,10,7,0.006,0.094
88021,96,119,23,10,31,21,0.117,0.644
88022,17,36,19,0,2,2,0.006,0.128
88023,8,23,15,0,1,1,0.006,0.128
88024,98,121,23,11,33,22,0.117,0.644
88025,37,58,21,1,3,2,0.006,0.128
88026,18,38,20,0,2,2,0.006,0.128
88027,98,120,22,11,32,21,0.117,0.644
88028,53,77,24,1,6,5,0.006,0.128
88029,97,120,23,10,29,19,0.094,0.517
88030,87,111,24,7,23,16,0.094,0.517
88032,90,114,24,7,25,18,0.117,0.644
88033,76,102,26,4,18,14,0.117,0.644
88034,36,61,25,1,5,4,0.006,0.128
88038,28,46,18,1,3,2,0.006,0.128
88040,66,91,25,3,11,8,0.006,0.128
88041,11,26,15,0,2,2,0.006,0.128
88042,32,55,23,1,5,4,0.044,0.361
88043,26,48,22,0,3,3,0.006,0.128
88044,97,120,23,10,32,22,0.117,0.644
88045,91,112,21,9,22,13,0.006,0.094
88046,92,116,24,8,27,19,0.117,0.644
88047,92,115,23,8,27,19,0.117,0.644
88048,95,118,23,9,30,21,0.117,0.644
88049,6,17,11,0,1,1,0.006,0.128
88051,28,46,18,0,2,2,0.006,0.128
88052,35,63,28,1,6,5,0.117,0.644
88053,3,11,8,0,1,1,0.006,0.128
88055,47,70,23,1,6,5,0.006,0.128
88056,68,90,22,4,12,8,0.006,0.094
88061,17,35,18,0,2,2,0.006,0.128
88063,96,118,22,10,30,20,0.117,0.644
88065,23,44,21,0,2,2,0.006,0.128
88072,95,118,23,9,30,21,0.117,0.644
88081,94,117,23,9,29,20,0.117,0.644
88101,57,78,21,1,6,5,0.006,0.006
88103,55,77,22,1,5,4,0.006,0.006
88112,50,72,22,1,4,3,0.006,0.006
88113,63,84,21,2,8,6,0.000,0.011
88114,63,85,22,2,7,5,0.000,0.011
88115,58,80,22,1,6,5,0.000,0.011
88116,59,81,22,2,7,5,0.000,0.011
88118,62,83,21,2,7,5,0.000,0.011
88119,63,84,21,2,7,5,0.000,0.011
88120,47,70,23,1,4,3,0.006,0.006
88124,60,82,22,1,6,5,0.006,0.006
88125,61,83,22,2,7,5,0.000,0.011
88126,59,81,22,1,6,5,0.000,0.011
88130,64,86,22,2,8,6,0.000,0.011
88132,60,81,21,2,7,5,0.000,0.011
88134,60,82,22,1,6,5,0.000,0.011
88135,58,80,22,2,7,5,0.006,0.006
88136,47,71,24,1,3,2,0.000,0.011
88201,82,103,21,6,17,11,0.000,0.017
88203,79,100,21,5,14,9,0.000,0.017
88210,91,111,20,10,25,15,0.006,0.022
88220,94,112,19,13,29,16,0.006,0.022
88230,84,105,21,6,18,12,0.000,0.017
88231,92,111,19,10,25,15,0.000,0.011
88232,90,109,19,9,23,14,0.000,0.017
88240,85,104,19,7,19,12,0.000,0.011
88242,83,103,20,7,18,11,0.000,0.011
88250,62,85,23,2,9,7,0.000,0.017
88252,103,122,19,16,35,19,0.000,0.011
88253,92,111,19,10,26,16,0.000,0.017
88254,96,114,18,14,32,18,0.006,0.022
88255,92,110,18,11,25,14,0.006,0.022
88256,109,126,17,25,46,21,0.006,0.022
88260,75,96,21,4,12,8,0.000,0.011
88262,69,90,21,3,9,6,0.000,0.011
88263,113,129,16,29,51,22,0.006,0.022
88264,84,103,19,8,20,12,0.000,0.011
88265,84,104,20,6,17,11,0.000,0.011
88267,65,86,21,2,8,6,0.000,0.011
88268,93,112,19,11,27,16,0.006,0.022
88301,24,43,19,0,2,2,0.006,0.111
88310,55,80,25,2,10,8,0.089,0.567
88311,86,109,23,7,22,15,0.089,0.567
88312,1,4,3,0,0,0,0.006,0.111
88314,2,8,6,0,1,1,0.089,0.567
88316,12,23,11,0,1,1,0.006,0.111
88317,0,1,1,0,0,0,0.089,0.567
88318,15,29,14,0,1,1,0.006,0.111
88321,12,27,15,0,0,0,0.000,0.006
88323,4,13,9,0,0,0,0.006,0.111
88324,6,18,12,0,1,1,0.006,0.111
88325,0,2,2,0,0,0,0.089,0.567
88330,86,109,23,7,22,15,0.089,0.567
88336,13,30,17,0,1,1,0.006,0.111
88337,31,52,21,1,4,3,0.089,0.567
88338,6,19,13,0,1,1,0.006,0.111
88339,2,6,4,0,0,0,0.089,0.567
88340,0,3,3,0,0,0,0.089,0.567
88341,1,4,3,0,0,0,0.006,0.111
88342,98,119,21,11,31,20,0.089,0.567
88343,26,47,21,0,2,2,0.006,0.111
88344,12,26,14,0,2,2,0.000,0.017
88345,1,4,3,0,0,0,0.006,0.111
88346,1,3,2,0,0,0,0.006,0.111
88347,0,1,1,0,0,0,0.089,0.567
88348,12,30,18,0,1,1,0.006,0.111
88349,0,3,3,0,0,0,0.089,0.567
88350,1,6,5,0,1,1,0.089,0.567
88351,32,53,21,0,2,2,0.006,0.111
88352,62,88,26,3,11,8,0.089,0.567
88353,24,44,20,0,1,1,0.000,0.011
88354,0,3,3,0,0,0,0.089,0.567
88355,1,3,2,0,0,0,0.006,0.111
88401,63,83,20,3,10,7,0.006,0.017
88410,44,64,20,1,4,3,0.011,0.000
88414,1,5,4,0,0,0,0.011,0.000
88415,27,46,19,0,1,1,0.011,0.000
88416,70,89,19,4,12,8,0.006,0.011
88417,53,75,22,1,4,3,0.000,0.011
88418,6,16,10,0,0,0,0.011,0.000
88419,18,32,14,0,1,1,0.011,0.000
88421,60,80,20,1,6,5,0.006,0.011
88422,7,19,12,0,0,0,0.011,0.000
88424,13,28,15,0,0,0,0.011,0.000
88426,58,78,20,2,8,6,0.006,0.017
88430,59,80,21,2,8,6,0.006,0.017
88431,63,83,20,2,8,6,0.000,0.011
88435,51,73,22,1,3,2,0.000,0.011
88436,42,62,20,0,3,3,0.011,0.000
89001,70,85,15,8,17,9,0.011,0.028
89002,114,126,12,32,52,20,0.694,2.444
89003,76,92,16,5,13,8,0.006,0.033
89004,83,97,14,9,20,11,0.694,2.444
89005,123,134,11,45,65,20,0.694,2.444
89007,119,131,12,46,64,18,0.694,2.444
89008,43,62,19,3,6,3,0.011,0.028
89010,36,54,18,0,2,2,0.000,0.006
89011,128,140,12,55,74,19,0.694,2.444
89012,109,121,12,28,46,18,0.694,2.444
89013,8,21,13,0,0,0,0.000,0.006
89014,126,137,11,50,70,20,0.694,2.444
89015,122,134,12,43,64,21,0.694,2.444
89017,55,73,18,3,8,5,0.011,0.028
89018,103,115,12,21,39,18,0.694,2.444
89019,104,116,12,24,40,16,0.694,2.444
89020,122,134,12,36,57,21,0.006,0.033
89021,133,145,12,64,82,18,0.694,2.444
89022,1,2,1,0,0,0,0.006,0.033
89025,120,132,12,44,63,19,0.694,2.444
89026,93,107,14,14,28,14,,
89027,133,145,12,63,81,18,0.694,2.444
89029,161,171,10,104,116,12,0.694,2.444
89030,130,142,12,57,77,20,0.694,2.444
89031,124,135,11,48,68,20,0.694,2.444
89032,125,136,11,47,68,21,0.694,2.444
89039,108,120,12,24,42,18,0.694,2.444
89040,134,145,11,66,83,17,0.694,2.444
89042,35,54,19,0,2,2,0.011,0.028
89043,12,26,14,0,1,1,0.011,0.028
89044,91,106,15,14,27,13,0.694,2.444
89045,9,19,10,0,0,0,0.006,0.033
89046,97,111,14,23,37,14,0.694,2.444
89047,73,86,13,4,13,9,0.000,0.006
89048,106,118,12,19,36,17,0.006,0.033
89049,10,22,12,0,0,0,0.006,0.033
89052,104,116,12,23,40,17,0.694,2.444
89054,100,113,13,17,33,16,0.694,2.444
89060,106,118,12,20,38,18,0.006,0.033
89061,104,116,12,18,36,17,0.006,0.033
89074,122,133,11,44,65,21,0.694,2.444
89081,128,140,12,56,75,19,0.694,2.444
89084,121,133,12,44,65,21,0.694,2.444
89085,120,131,11,41,62,21,0.694,2.444
89086,124,135,11,48,68,20,0.694,2.444
89101,130,142,12,54,74,20,0.694,2.444
89102,122,133,11,42,63,21,0.694,2.444
89103,117,128,11,37,57,20,0.694,2.444
89104,130,142,12,55,75,20,0.694,2.444
89106,125,137,12,46,66,20,0.694,2.444
89107,120,132,12,39,60,21,0.694,2.444
89108,119,131,12,39,59,20,0.694,2.444
89109,124,135,11,47,67,20,0.694,2.444
89110,129,141,12,55,75,20,0.694,2.444
89113,111,123,12,29,48,19,0.694,2.444
89115,130,142,12,58,78,20,0.694,2.444
89117,112,123,11,29,49,20,0.694,2.444
89118,115,126,11,34,54,20,0.694,2.444
89119,122,134,12,45,66,21,0.694,2.444
89120,127,139,12,53,73,20,0.694,2.444
89121,131,142,11,57,77,20,0.694,2.444
89122,133,145,12,62,82,20,0.694,2.444
89123,117,129,12,38,58,20,0.694,2.444
89124,47,55,8,8,15,7,0.694,2.444
89128,114,126,12,32,53,21,0.694,2.444
89129,112,124,12,30,50,20,0.694,2.444
89130,120,131,11,40,61,21,0.694,2.444
89131,117,129,12,37,58,21,0.694,2.444
89134,109,121,12,26,45,19,0.694,2.444
89135,106,118,12,22,40,18,0.694,2.444
89138,97,110,13,15,30,15,0.694,2.444
89139,114,125,11,32,52,20,0.694,2.444
89141,113,124,11,31,50,19,0.694,2.444
89142,130,142,12,57,77,20,0.694,2.444
89143,114,126,12,32,53,21,0.694,2.444
89144,104,116,12,21,38,17,0.694,2.444
89145,113,125,12,31,50,19,0.694,2.444
89146,118,130,12,38,59,21,0.694,2.444
89147,112,124,12,30,50,20,0.694,2.444
89148,108,120,12,25,44,19,0.694,2.444
89149,114,126,12,32,53,21,0.694,2.444
89156,122,133,11,43,64,21,0.694,2.444
89161,99,111,12,16,32,16,0.694,2.444
89166,106,118,12,24,43,19,0.694,2.444
89169,126,138,12,50,70,20,0.694,2.444
89178,108,120,12,25,43,18,0.694,2.444
89179,109,121,12,27,46,19,0.694,2.444
89183,113,125,12,32,51,19,0.694,2.444
89191,120,132,12,42,62,20,0.694,2.444
89301,5,14,9,0,0,0,0.000,0.000
89310,10,23,13,0,0,0,0.000,0.000
89311,23,39,16,0,1,1,0.000,0.000
89314,17,33,16,0,1,1,0.000,0.000
89316,3,9,6,0,0,0,0.006,0.000
89317,12,27,15,0,0,0,0.000,0.000
89318,1,4,3,0,0,0,0.000,0.000
89319,1,5,4,0,0,0,0.000,0.000
89402,0,2,2,0,0,0,0.000,0.000
89403,29,46,17,0,1,1,0.000,0.000
89404,22,34,12,0,1,1,0.000,0.000
89405,23,37,14,0,2,2,,
89406,42,58,16,1,3,2,0.000,0.000
89408,44,61,17,1,4,3,0.000,0.000
89409,22,39,17,0,1,1,0.006,0.033
89410,16,30,14,0,0,0,0.000,0.000
89411,19,35,16,0,0,0,0.000,0.000
89412,13,22,9,0,1,1,0.000,0.000
89413,0,0,0,0,0,0,0.000,0.000
89414,29,44,15,0,2,2,0.000,0.006
89415,47,63,16,1,4,3,0.000,0.000
89418,36,52,16,1,3,2,0.000,0.000
89419,36,51,15,1,3,2,0.000,0.000
89420,56,72,16,1,6,5,0.000,0.000
89421,18,30,12,0,1,1,0.000,0.006
89422,48,63,15,1,4,3,0.000,0.000
89423,22,39,17,0,1,1,0.000,0.000
89424,23,39,16,0,1,1,0.000,0.000
89425,18,29,11,0,1,1,0.000,0.006
89426,23,38,15,0,1,1,0.000,0.006
89427,43,59,16,1,3,2,0.000,0.000
89428,26,44,18,0,1,1,0.000,0.000
89429,43,59,16,1,4,3,0.000,0.000
89430,19,36,17,0,0,0,0.000,0.000
89431,31,48,17,0,2,2,0.000,0.000
89433,27,45,18,0,1,1,0.000,0.000
89434,23,39,16,0,1,1,0.000,0.000
89436,23,40,17,0,1,1,0.000,0.000
89438,40,56,16,1,3,2,0.000,0.006
89439,8,17,10,0,0,0,0.000,0.000
89440,9,21,12,0,0,0,0.000,0.000
89441,25,42,17,0,1,1,0.000,0.000
89442,35,51,16,1,4,3,0.000,0.000
89444,19,34,15,0,0,0,0.000,0.000
89445,27,43,16,0,1,1,0.000,0.006
89446,34,50,16,0,2,2,,
89447,38,55,17,0,2,2,0.000,0.000
89448,0,0,0,0,0,0,0.000,0.000
89449,1,4,3,0,0,0,0.000,0.000
89450,0,1,1,0,0,0,0.000,0.000
89451,0,1,1,0,0,0,0.000,0.000
89460,15,30,15,0,0,0,0.000,0.000
89501,29,47,18,0,2,2,0.000,0.000
89502,27,44,17,0,1,1,0.000,0.000
89503,28,46,18,0,2,2,0.000,0.000
89506,15,29,14,0,1,1,0.000,0.000
89508,9,20,11,0,0,0,0.000,0.000
89509,25,42,17,0,1,1,0.000,0.000
89510,19,33,14,0,1,1,0.000,0.000
89511,18,33,15,0,1,1,0.000,0.000
89512,31,49,18,0,2,2,0.000,0.000
89519,17,31,14,0,1,1,0.000,0.000
89521,16,29,13,0,1,1,0.000,0.000
89523,16,30,14,0,1,1,0.000,0.000
89701,14,28,14,0,0,0,0.000,0.000
89702,16,32,16,0,0,0,0.000,0.000
89703,15,29,14,0,0,0,0.000,0.000
89704,9,20,11,0,0,0,0.000,0.000
89705,14,29,15,0,0,0,0.000,0.000
89706,16,31,15,0,0,0,0.000,0.000
89801,14,29,15,0,0,0,0.000,0.000
89815,8,21,13,0,0,0,0.000,0.000
89820,36,51,15,1,4,3,0.000,0.000
89821,37,53,16,1,2,1,0.006,0.000
89822,22,38,16,0,1,1,0.000,0.000
89823,8,20,12,0,0,0,0.000,0.000
89825,13,27,14,0,1,1,0.000,0.000
89826,0,0,0,0,0,0,0.000,0.000
89828,1,4,3,0,0,0,0.000,0.000
89830,24,39,15,0,1,1,0.000,0.000
89831,3,8,5,0,0,0,0.000,0.000
89832,5,14,9,0,0,0,0.000,0.000
89833,5,16,11,0,0,0,0.000,0.000
89834,4,10,6,0,0,0,0.000,0.000
89835,7,19,12,0,0,0,0.000,0.000
89883,22,37,15,0,1,1,0.000,0.000
90001,8,22,14,0,1,1,0.011,0.056
90002,7,21,14,0,1,1,0.011,0.056
90003,3,11,8,0,0,0,0.011,0.056
90004,10,26,16,0,1,1,0.011,0.056
90005,6,19,13,0,1,1,0.011,0.056
90006,8,23,15,0,1,1,0.011,0.056
90007,7,21,14,0,1,1,0.011,0.056
90008,2,7,5,0,0,0,0.011,0.056
90010,6,18,12,0,0,0,0.011,0.056
90011,9,24,15,0,1,1,0.011,0.056
90012,21,41,20,1,3,2,0.011,0.056
90013,18,38,20,1,3,2,0.011,0.056
90014,18,38,20,1,3,2,0.011,0.056
90015,13,31,18,0,2,2,0.011,0.056
90016,3,12,9,0,0,0,0.011,0.056
90017,13,30,17,0,2,2,0.011,0.056
90018,4,14,10,0,0,0,0.011,0.056
90019,4,14,10,0,0,0,0.011,0.056
90020,8,22,14,0,1,1,0.011,0.056
90021,17,36,19,1,2,1,0.011,0.056
90022,29,53,24,1,4,3,0.011,0.056
90023,20,42,22,1,3,2,0.011,0.056
90024,1,4,3,0,0,0,0.011,0.056
90025,1,4,3,0,0,0,0.011,0.056
90026,20,40,20,1,2,1,0.011,0.056
90027,20,42,22,0,2,2,0.011,0.056
90028,6,19,13,0,0,0,0.011,0.056
90029,14,34,20,0,1,1,0.011,0.056
90031,39,64,25,2,7,5,0.011,0.056
90032,49,74,25,2,9,7,0.011,0.056
90033,25,48,23,1,4,3,0.011,0.056
90034,2,7,5,0,0,0,0.011,0.056
90035,3,10,7,0,0,0,0.011,0.056
90036,5,16,11,0,0,0,0.011,0.056
90037,3,13,10,0,0,0,0.011,0.056
90038,6,19,13,0,0,0,0.011,0.056
90039,32,55,23,1,5,4,0.011,0.056
90040,23,46,23,1,3,2,0.011,0.056
90041,54,78,24,3,10,7,0.011,0.056
90042,52,77,25,2,9,7,0.011,0.056
90043,2,6,4,0,0,0,0.011,0.056
90044,2,9,7,0,0,0,0.011,0.056
90045,1,2,1,0,0,0,0.011,0.056
90046,9,22,13,0,1,1,0.011,0.056
90047,2,7,5,0,0,0,0.011,0.056
90048,3,12,9,0,0,0,0.011,0.056
90049,2,5,3,0,0,0,0.011,0.056
90056,1,4,3,0,0,0,0.011,0.056
90057,10,26,16,0,1,1,0.011,0.056
90058,12,30,18,0,1,1,0.011,0.056
90059,6,18,12,0,1,1,0.011,0.056
90061,2,8,6,0,0,0,0.011,0.056
90062,3,10,7,0,0,0,0.011,0.056
90063,29,52,23,1,5,4,0.011,0.056
90064,1,5,4,0,0,0,0.011,0.056
90065,43,68,25,2,7,5,0.011,0.056
90066,1,2,1,0,0,0,0.011,0.056
90067,1,6,5,0,0,0,0.011,0.056
90068,19,40,21,0,1,1,0.011,0.056
90069,3,12,9,0,0,0,0.011,0.056
90071,18,38,20,1,3,2,0.011,0.056
90073,1,3,2,0,0,0,0.011,0.056
90077,7,16,9,0,0,0,0.011,0.056
90079,18,38,20,1,3,2,0.011,0.056
90089,5,15,10,0,0,0,0.011,0.056
90090,25,47,22,1,4,3,0.011,0.056
90094,1,2,1,0,0,0,0.011,0.056
90095,1,4,3,0,0,0,0.011,0.056
90201,15,35,20,0,2,2,0.011,0.056
90210,6,15,9,0,0,0,0.011,0.056
90211,3,11,8,0,0,0,0.011,0.056
90212,2,6,4,0,0,0,0.011,0.056
90220,4,15,11,0,0,0,0.011,0.056
90221,7,22,15,0,1,1,0.011,0.056
90222,6,18,12,0,1,1,0.011,0.056
90230,1,3,2,0,0,0,0.011,0.056
90232,1,5,4,0,0,0,0.011,0.056
90240,26,50,24,1,5,4,0.011,0.056
90241,21,42,21,1,4,3,0.011,0.056
90242,16,35,19,1,3,2,0.011,0.056
90245,1,2,1,0,0,0,0.011,0.056
90247,2,8,6,0,0,0,0.011,0.056
90248,2,8,6,0,0,0,0.011,0.056
90249,1,5,4,0,0,0,0.011,0.056
90250,1,3,2,0,0,0,0.011,0.056
90254,1,3,2,0,0,0,0.011,0.056
90255,11,28,17,0,1,1,0.011,0.056
90260,1,4,3,0,0,0,0.011,0.056
90262,9,25,16,0,1,1,0.011,0.056
90263,0,1,1,0,0,0,0.011,0.056
90265,3,7,4,0,0,0,0.011,0.056
90266,1,2,1,0,0,0,0.011,0.056
90270,16,36,20,0,2,2,0.011,0.056
90272,1,2,1,0,0,0,0.011,0.056
90274,1,3,2,0,0,0,0.011,0.056
90275,1,2,1,0,0,0,0.011,0.056
90277,1,4,3,0,0,0,0.011,0.056
90278,1,4,3,0,0,0,0.011,0.056
90280,11,29,18,0,1,1,0.011,0.056
90290,29,47,18,1,2,1,0.011,0.056
90291,0,1,1,0,0,0,0.011,0.056
90292,0,1,1,0,0,0,0.011,0.056
90293,0,1,1,0,0,0,0.011,0.056
90301,1,3,2,0,0,0,0.011,0.056
90302,1,3,2,0,0,0,0.011,0.056
90303,1,4,3,0,0,0,0.011,0.056
90304,1,3,2,0,0,0,0.011,0.056
90305,1,5,4,0,0,0,0.011,0.056
90401,0,0,0,0,0,0,0.011,0.056
90402,0,1,1,0,0,0,0.011,0.056
90403,0,1,1,0,0,0,0.011,0.056
90404,0,2,2,0,0,0,0.011,0.056
90405,0,1,1,0,0,0,0.011,0.056
90501,2,6,4,0,0,0,0.011,0.056
90502,2,8,6,0,0,0,0.011,0.056
90503,1,5,4,0,0,0,0.011,0.056
90504,1,5,4,0,0,0,0.011,0.056
90505,1,5,4,0,0,0,0.011,0.056
90506,1,5,4,0,0,0,0.011,0.056
90601,54,78,24,4,13,9,0.011,0.056
90602,35,59,24,2,7,5,0.011,0.056
90603,38,62,24,2,8,6,0.011,0.056
90604,27,50,23,1,5,4,0.011,0.056
90605,30,54,24,2,6,4,0.011,0.056
90606,33,58,25,2,7,5,0.011,0.056
90620,7,20,13,0,1,1,0.000,0.006
90621,13,32,19,0,1,1,0.000,0.006
90623,4,16,12,0,0,0,0.000,0.006
90630,4,13,9,0,0,0,0.000,0.006
90631,40,63,23,2,8,6,0.000,0.006
90638,22,44,22,1,4,3,0.011,0.056
90640,39,64,25,2,8,6,0.011,0.056
90650,14,33,19,1,3,2,0.011,0.056
90660,35,61,26,2,7,5,0.011,0.056
90670,25,47,22,1,5,4,0.011,0.056
90680,6,18,12,0,1,1,0.000,0.006
90701,6,20,14,0,0,0,0.011,0.056
90703,6,19,13,0,0,0,0.011,0.056
90704,0,1,1,0,0,0,0.011,0.056
90706,11,28,17,0,1,1,0.011,0.056
90710,2,6,4,0,0,0,0.011,0.056
90712,7,21,14,0,0,0,0.011,0.056
90713,5,17,12,0,0,0,0.011,0.056
90715,4,14,10,0,0,0,0.011,0.056
90716,4,14,10,0,0,0,0.011,0.056
90717,1,5,4,0,0,0,0.011,0.056
90720,2,9,7,0,0,0,0.000,0.006
90723,9,26,17,0,1,1,0.011,0.056
90731,1,3,2,0,0,0,0.011,0.056
90732,1,3,2,0,0,0,0.011,0.056
90740,2,6,4,0,0,0,0.000,0.006
90742,0,2,2,0,0,0,0.000,0.006
90743,0,2,2,0,0,0,0.000,0.006
90744,2,8,6,0,0,0,0.011,0.056
90745,3,10,7,0,0,0,0.011,0.056
90746,4,13,9,0,0,0,0.011,0.056
90755,3,12,9,0,0,0,0.011,0.056
90802,1,6,5,0,0,0,0.011,0.056
90803,1,4,3,0,0,0,0.011,0.056
90804,3,11,8,0,0,0,0.011,0.056
90805,7,22,15,0,0,0,0.011,0.056
90806,4,13,9,0,0,0,0.011,0.056
90807,7,20,13,0,0,0,0.011,0.056
90808,4,14,10,0,0,0,0.011,0.056
90810,5,17,12,0,0,0,0.011,0.056
90813,3,12,9,0,0,0,0.011,0.056
90814,1,5,4,0,0,0,0.011,0.056
90815,3,10,7,0,0,0,0.011,0.056
90822,3,10,7,0,0,0,0.011,0.056
90831,2,7,5,0,0,0,0.011,0.056
91001,48,69,21,2,7,5,0.011,0.056
91006,63,86,23,6,17,11,0.011,0.056
91007,60,84,24,5,15,10,0.011,0.056
91008,64,84,20,6,18,12,0.011,0.056
91010,69,89,20,8,21,13,0.011,0.056
91011,50,72,22,2,8,6,0.011,0.056
91016,65,86,21,7,19,12,0.011,0.056
91020,49,70,21,2,7,5,0.011,0.056
91024,61,82,21,5,14,9,0.011,0.056
91030,54,78,24,3,10,7,0.011,0.056
91040,52,72,20,2,8,6,0.011,0.056
91042,41,61,20,1,4,3,0.011,0.056
91046,48,70,22,2,7,5,0.011,0.056
91101,54,78,24,3,11,8,0.011,0.056
91103,53,76,23,3,10,7,0.011,0.056
91104,53,76,23,3,10,7,0.011,0.056
91105,53,78,25,3,9,6,0.011,0.056
91106,55,79,24,4,12,8,0.011,0.056
91107,56,80,24,4,12,8,0.011,0.056
91108,56,81,25,4,13,9,0.011,0.056
91201,49,73,24,2,9,7,0.011,0.056
91202,51,74,23,3,10,7,0.011,0.056
91203,49,73,24,2,9,7,0.011,0.056
91204,46,72,26,2,8,6,0.011,0.056
91205,48,74,26,2,8,6,0.011,0.056
91206,54,77,23,3,10,7,0.011,0.056
91207,54,76,22,3,11,8,0.011,0.056
91208,52,74,22,3,9,6,0.011,0.056
91210,48,74,26,2,8,6,0.011,0.056
91214,41,61,20,1,5,4,0.011,0.056
91301,54,75,21,5,13,8,0.011,0.056
91302,60,80,20,5,13,8,0.011,0.056
91303,90,109,19,19,35,16,0.011,0.056
91304,90,109,19,19,36,17,0.011,0.056
91306,87,106,19,17,33,16,0.011,0.056
91307,88,106,18,18,35,17,0.011,0.056
91311,73,94,21,9,23,14,0.011,0.056
91316,60,82,22,6,17,11,0.011,0.056
91320,37,55,18,3,9,6,0.011,0.056
91321,51,71,20,3,10,7,0.011,0.056
91324,70,91,21,9,22,13,0.011,0.056
91325,67,89,22,7,19,12,0.011,0.056
91326,65,86,21,7,18,11,0.011,0.056
91330,63,85,22,6,18,12,0.011,0.056
91331,51,73,22,3,11,8,0.011,0.056
91335,75,96,21,11,26,15,0.011,0.056
91340,69,89,20,7,20,13,0.011,0.056
91342,65,85,20,6,17,11,0.011,0.056
91343,62,84,22,5,16,11,0.011,0.056
91344,68,89,21,7,19,12,0.011,0.056
91345,58,81,23,4,14,10,0.011,0.056
91350,62,80,18,5,14,9,0.011,0.056
91351,58,76,18,3,11,8,0.011,0.056
91352,45,67,22,2,8,6,0.011,0.056
91354,68,87,19,7,18,11,0.011,0.056
91355,64,83,19,6,16,10,0.011,0.056
91356,64,85,21,8,20,12,0.011,0.056
91360,39,59,20,4,11,7,0.011,0.056
91361,50,71,21,3,9,6,0.011,0.056
91362,62,83,21,10,22,12,0.011,0.056
91364,76,95,19,13,26,13,0.011,0.056
91367,82,101,19,15,31,16,0.011,0.056
91371,81,101,20,15,30,15,0.011,0.056
91377,61,82,21,9,21,12,0.011,0.056
91381,58,78,20,5,13,8,0.011,0.056
91384,74,92,18,10,22,12,0.011,0.056
91387,50,68,18,2,7,5,0.011,0.056
91390,54,72,18,3,10,7,0.011,0.056
91401,45,68,23,3,10,7,0.011,0.056
91402,50,73,23,3,11,8,0.011,0.056
91403,30,52,22,1,5,4,0.011,0.056
91405,50,73,23,3,11,8,0.011,0.056
91406,61,83,22,5,16,11,0.011,0.056
91411,46,69,23,3,10,7,0.011,0.056
91423,31,53,22,2,5,3,0.011,0.056
91436,41,64,23,2,7,5,0.011,0.056
91501,47,70,23,2,8,6,0.011,0.056
91502,48,71,23,2,9,7,0.011,0.056
91504,47,69,22,2,8,6,0.011,0.056
91505,45,68,23,2,9,7,0.011,0.056
91506,46,69,23,2,9,7,0.011,0.056
91601,45,67,22,2,9,7,0.011,0.056
91602,36,58,22,2,6,4,0.011,0.056
91604,21,43,22,1,2,1,0.011,0.056
91605,42,65,23,2,8,6,0.011,0.056
91606,44,67,23,2,9,7,0.011,0.056
91607,43,66,23,3,9,6,0.011,0.056
91608,17,38,21,0,1,1,0.011,0.056
91701,65,85,20,6,18,12,0.694,2.556
91702,57,78,21,5,14,9,0.011,0.056
91706,69,90,21,8,22,14,0.011,0.056
91708,78,100,22,11,27,16,0.694,2.556
91709,65,88,23,7,19,12,0.694,2.556
91710,71,93,22,8,22,14,0.694,2.556
91711,54,75,21,4,13,9,0.011,0.056
91722,58,80,22,5,15,10,0.011,0.056
91723,56,77,21,5,14,9,0.011,0.056
91724,55,76,21,5,14,9,0.011,0.056
91730,71,91,20,9,22,13,0.694,2.556
91731,57,82,25,5,14,9,0.011,0.056
91732,64,87,23,7,19,12,0.011,0.056
91733,60,83,23,6,16,10,0.011,0.056
91737,65,85,20,6,18,12,0.694,2.556
91739,75,94,19,10,24,14,0.694,2.556
91740,54,75,21,4,12,8,0.011,0.056
91741,53,74,21,4,12,8,0.011,0.056
91744,65,87,22,7,20,13,0.011,0.056
91745,61,84,23,5,16,11,0.011,0.056
91746,68,90,22,8,22,14,0.011,0.056
91748,58,81,23,4,15,11,0.011,0.056
91750,54,76,22,4,13,9,0.011,0.056
91752,80,101,21,11,28,17,0.600,2.600
91754,45,70,25,3,10,7,0.011,0.056
91755,52,77,25,4,13,9,0.011,0.056
91759,11,18,7,1,2,1,0.694,2.556
91761,73,94,21,9,23,14,0.694,2.556
91762,68,89,21,8,21,13,0.694,2.556
91763,62,83,21,6,17,11,0.694,2.556
91764,69,90,21,8,21,13,0.694,2.556
91765,53,75,22,4,12,8,0.011,0.056
91766,64,86,22,7,19,12,0.011,0.056
91767,60,81,21,5,16,11,0.011,0.056
91768,60,82,22,6,16,10,0.011,0.056
91770,53,79,26,4,13,9,0.011,0.056
91773,56,78,22,4,13,9,0.011,0.056
91775,56,81,25,4,14,10,0.011,0.056
91776,55,80,25,4,13,9,0.011,0.056
91780,56,81,25,4,14,10,0.011,0.056
91784,56,77,21,4,14,10,0.694,2.556
91786,61,82,21,6,17,11,0.694,2.556
91789,58,79,21,5,15,10,0.011,0.056
91790,65,87,22,8,20,12,0.011,0.056
91791,58,80,22,5,16,11,0.011,0.056
91792,60,82,22,5,16,11,0.011,0.056
91801,57,81,24,5,14,9,0.011,0.056
91803,52,76,24,3,11,8,0.011,0.056
91901,51,72,21,2,8,6,0.022,0.339
91902,9,23,14,0,2,2,0.022,0.339
91905,30,48,18,0,2,2,0.022,0.339
91906,56,75,19,2,7,5,0.022,0.339
91910,4,13,9,0,1,1,0.022,0.339
91911,4,12,8,0,1,1,0.022,0.339
91913,7,20,13,0,1,1,0.022,0.339
91914,21,42,21,1,4,3,0.022,0.339
91915,9,24,15,0,2,2,0.022,0.339
91916,36,54,18,0,2,2,0.022,0.339
91917,61,81,20,3,12,9,0.022,0.339
91931,21,37,16,0,1,1,0.022,0.339
91932,1,4,3,0,0,0,0.022,0.339
91934,49,68,19,1,5,4,0.022,0.339
91935,53,74,21,3,10,7,0.022,0.339
91941,29,50,21,1,5,4,0.022,0.339
91942,27,48,21,1,5,4,0.022,0.339
91945,10,25,15,0,2,2,0.022,0.339
91948,4,10,6,0,0,0,0.022,0.339
91950,3,9,6,0,1,1,0.022,0.339
91962,18,34,16,0,1,1,0.022,0.339
91963,56,76,20,2,7,5,0.022,0.339
91977,21,41,20,1,4,3,0.022,0.339
91978,43,66,23,2,8,6,0.022,0.339
91980,61,80,19,2,9,7,0.022,0.339
92003,24,45,21,0,2,2,0.022,0.339
92004,154,166,12,93,108,15,0.022,0.339
92007,1,3,2,0,0,0,0.022,0.339
92008,1,3,2,0,0,0,0.022,0.339
92009,6,18,12,0,1,1,0.022,0.339
92010,2,8,6,0,0,0,0.022,0.339
92011,1,5,4,0,0,0,0.022,0.339
92014,2,8,6,0,1,1,0.022,0.339
92019,54,77,23,3,12,9,0.022,0.339
92020,54,78,24,4,14,10,0.022,0.339
92021,59,82,23,5,15,10,0.022,0.339
92024,2,6,4,0,0,0,0.022,0.339
92025,55,79,24,4,13,9,0.022,0.339
92026,48,71,23,2,9,7,0.022,0.339
92027,57,81,24,4,14,10,0.022,0.339
92028,29,51,22,0,3,3,0.022,0.339
92029,48,71,23,3,11,8,0.022,0.339
92036,32,44,12,5,9,4,0.022,0.339
92037,1,5,4,0,1,1,0.022,0.339
92040,55,78,23,4,13,9,0.022,0.339
92054,1,3,2,0,0,0,0.022,0.339
92055,6,14,8,0,1,1,0.022,0.339
92056,4,14,10,0,0,0,0.022,0.339
92057,4,14,10,0,0,0,0.022,0.339
92058,1,5,4,0,0,0,0.022,0.339
92059,51,72,21,2,9,7,0.022,0.339
92060,41,57,16,1,5,4,0.022,0.339
92061,63,82,19,5,15,10,0.022,0.339
92064,47,71,24,3,10,7,0.022,0.339
92065,60,80,20,4,13,9,0.022,0.339
92066,34,52,18,1,2,1,0.022,0.339
92067,7,18,11,0,1,1,0.022,0.339
92069,34,56,22,1,5,4,0.022,0.339
92070,37,54,17,1,3,2,0.022,0.339
92071,51,75,24,4,12,8,0.022,0.339
92075,2,6,4,0,1,1,0.022,0.339
92078,25,45,20,1,4,3,0.022,0.339
92081,8,21,13,0,1,1,0.022,0.339
92082,62,82,20,4,14,10,0.022,0.339
92083,8,23,15,0,1,1,0.022,0.339
92084,17,35,18,0,1,1,0.022,0.339
92086,39,55,16,2,5,3,0.022,0.339
92091,4,13,9,0,1,1,0.022,0.339
92101,1,4,3,0,1,1,0.022,0.339
92102,3,9,6,0,1,1,0.022,0.339
92103,2,9,7,0,1,1,0.022,0.339
92104,4,12,8,0,1,1,0.022,0.339
92105,6,17,11,0,1,1,0.022,0.339
92106,1,4,3,0,1,1,0.022,0.339
92107,1,3,2,0,0,0,0.022,0.339
92108,5,14,9,0,1,1,0.022,0.339
92109,1,4,3,0,1,1,0.022,0.339
92110,2,6,4,0,1,1,0.022,0.339
92111,4,12,8,0,1,1,0.022,0.339
92113,3,8,5,0,1,1,0.022,0.339
92114,6,19,13,0,1,1,0.022,0.339
92115,9,24,15,0,2,2,0.022,0.339
92116,4,13,9,0,1,1,0.022,0.339
92117,3,11,8,0,1,1,0.022,0.339
92118,1,3,2,0,0,0,0.022,0.339
92119,34,56,22,2,7,5,0.022,0.339
92120,16,35,19,1,3,2,0.022,0.339
92121,5,16,11,0,2,2,0.022,0.339
92122,4,11,7,0,1,1,0.022,0.339
92123,6,17,11,0,2,2,0.022,0.339
92124,18,37,19,1,3,2,0.022,0.339
92126,12,27,15,1,3,2,0.022,0.339
92127,34,56,22,2,7,5,0.022,0.339
92128,48,72,24,3,11,8,0.022,0.339
92129,22,42,20,1,5,4,0.022,0.339
92130,5,14,9,0,2,2,0.022,0.339
92131,39,62,23,2,9,7,0.022,0.339
92132,1,4,3,0,1,1,0.022,0.339
92134,1,4,3,0,1,1,0.022,0.339
92135,1,3,2,0,1,1,0.022,0.339
92139,5,16,11,0,1,1,0.022,0.339
92140,1,5,4,0,1,1,0.022,0.339
92145,51,74,23,3,12,9,0.022,0.339
92147,1,3,2,0,1,1,0.022,0.339
92154,3,11,8,0,1,1,0.022,0.339
92155,1,3,2,0,0,0,0.022,0.339
92173,4,12,8,0,1,1,0.022,0.339
92201,164,176,12,101,116,15,0.600,2.600
92203,166,178,12,103,118,15,0.600,2.600
92210,161,173,12,99,114,15,0.600,2.600
92211,167,178,11,105,119,14,0.600,2.600
92220,74,91,17,5,16,11,0.600,2.600
92222,162,174,12,101,114,13,0.294,1.417
92223,84,100,16,9,24,15,0.600,2.600
92225,163,174,11,104,117,13,0.600,2.600
92227,164,175,11,104,117,13,0.294,1.417
92230,69,84,15,5,14,9,0.600,2.600
92231,162,173,11,102,115,13,0.294,1.417
92233,163,175,12,104,117,13,0.294,1.417
92234,163,175,12,101,115,14,0.600,2.600
92236,165,178,13,104,119,15,0.600,2.600
92239,141,153,12,70,88,18,0.600,2.600
92240,150,161,11,79,97,18,0.600,2.600
92241,149,161,12,80,97,17,0.600,2.600
92242,165,176,11,106,119,13,0.694,2.556
92243,163,175,12,104,117,13,0.294,1.417
92249,163,174,11,104,116,12,0.294,1.417
92250,162,174,12,103,115,12,0.294,1.417
92251,161,173,12,102,115,13,0.294,1.417
92252,96,111,15,13,26,13,0.694,2.556
92253,164,175,11,103,118,15,0.600,2.600
92254,166,178,12,106,120,14,0.600,2.600
92256,100,115,15,11,26,15,0.694,2.556
92257,154,166,12,88,103,15,0.294,1.417
92258,151,163,12,83,99,16,0.600,2.600
92259,149,161,12,88,103,15,0.294,1.417
92260,160,171,11,97,113,16,0.600,2.600
92262,157,169,12,92,107,15,0.600,2.600
92264,152,163,11,85,102,17,0.600,2.600
92266,147,159,12,83,99,16,0.294,1.417
92267,153,165,12,91,106,15,0.694,2.556
92268,35,54,19,0,1,1,0.694,2.556
92270,166,177,11,105,119,14,0.600,2.600
92273,157,169,12,99,112,13,0.294,1.417
92274,164,176,12,104,118,14,0.600,2.600
92275,164,177,13,104,117,13,0.294,1.417
92276,167,179,12,105,119,14,0.600,2.600
92277,127,140,13,49,67,18,0.694,2.556
92278,139,151,12,66,86,20,0.694,2.556
92280,153,164,11,91,106,15,0.694,2.556
92281,163,175,12,104,117,13,0.294,1.417
92282,119,132,13,36,55,19,0.600,2.600
92283,157,169,12,96,109,13,0.294,1.417
92284,64,83,19,2,7,5,0.694,2.556
92285,91,106,15,10,22,12,0.694,2.556
92301,78,94,16,4,12,8,0.694,2.556
92304,155,166,11,97,110,13,0.694,2.556
92305,1,2,1,0,0,0,0.694,2.556
92307,86,101,15,6,17,11,0.694,2.556
92308,80,95,15,5,15,10,0.694,2.556
92309,132,143,11,63,79,16,0.694,2.556
92310,98,112,14,19,35,16,0.694,2.556
92311,108,120,12,22,41,19,0.694,2.556
92313,83,100,17,12,28,16,0.694,2.556
92314,0,0,0,0,0,0,0.694,2.556
92315,0,0,0,0,0,0,0.694,2.556
92316,89,107,18,16,34,18,0.694,2.556
92320,77,94,17,7,19,12,0.600,2.600
92321,0,1,1,0,0,0,0.694,2.556
92322,11,25,14,0,0,0,0.694,2.556
92324,86,104,18,13,30,17,0.694,2.556
92325,10,17,7,0,1,1,0.694,2.556
92327,111,124,13,28,47,19,0.694,2.556
92328,117,130,13,56,68,12,0.122,0.700
92332,101,116,15,29,43,14,0.694,2.556
92333,0,0,0,0,0,0,0.694,2.556
92335,87,105,18,15,33,18,0.694,2.556
92336,79,97,18,11,26,15,0.694,2.556
92337,85,104,19,15,33,18,0.694,2.556
92338,128,140,12,51,70,19,0.694,2.556
92339,0,0,0,0,0,0,0.694,2.556
92341,0,0,0,0,0,0,0.694,2.556
92342,99,112,13,13,29,16,0.694,2.556
92344,39,58,19,0,2,2,0.694,2.556
92345,65,83,18,2,8,6,0.694,2.556
92346,84,101,17,10,25,15,0.694,2.556
92347,110,123,13,25,45,20,0.694,2.556
92352,1,4,3,0,0,0,0.694,2.556
92354,84,101,17,11,27,16,0.694,2.556
92356,86,100,14,9,22,13,0.694,2.556
92358,34,52,18,0,2,2,0.694,2.556
92359,75,91,16,6,19,13,0.694,2.556
92363,155,165,10,94,108,14,0.694,2.556
92364,64,81,17,7,14,7,0.694,2.556
92365,125,136,11,47,67,20,0.694,2.556
92368,91,105,14,9,21,12,0.694,2.556
92371,45,63,18,1,4,3,0.694,2.556
92372,32,47,15,1,2,1,0.694,2.556
92373,83,99,16,9,24,15,0.694,2.556
92374,82,99,17,9,24,15,0.694,2.556
92376,88,106,18,15,32,17,0.694,2.556
92377,83,100,17,12,28,16,0.694,2.556
92378,49,68,19,1,4,3,0.694,2.556
92382,1,3,2,0,0,0,0.694,2.556
92384,118,131,13,42,60,18,0.122,0.700
92385,2,4,2,0,0,0,0.694,2.556
92386,0,0,0,0,0,0,0.694,2.556
92389,112,124,12,33,50,17,0.122,0.700
92391,7,11,4,0,1,1,0.694,2.556
92392,66,84,18,2,7,5,0.694,2.556
92394,87,102,15,6,17,11,0.694,2.556
92395,87,103,16,7,18,11,0.694,2.556
92397,1,3,2,0,0,0,0.694,2.556
92398,124,136,12,45,66,21,0.694,2.556
92399,68,84,16,5,14,9,0.694,2.556
92401,90,107,17,15,33,18,0.694,2.556
92404,87,104,17,12,29,17,0.694,2.556
92405,91,108,17,15,33,18,0.694,2.556
92407,84,101,17,11,27,16,0.694,2.556
92408,88,105,17,13,31,18,0.694,2.556
92410,90,107,17,15,32,17,0.694,2.556
92411,91,108,17,16,34,18,0.694,2.556
92501,87,106,19,15,32,17,0.600,2.600
92503,86,105,19,15,33,18,0.600,2.600
92504,87,105,18,15,33,18,0.600,2.600
92505,83,103,20,13,30,17,0.600,2.600
92506,84,102,18,14,30,16,0.600,2.600
92507,80,98,18,11,26,15,0.600,2.600
92508,79,97,18,11,26,15,0.600,2.600
92509,89,107,18,16,34,18,0.600,2.600
92518,76,94,18,9,22,13,0.600,2.600
92530,98,113,15,25,43,18,0.600,2.600
92532,99,114,15,24,43,19,0.600,2.600
92536,61,78,17,5,12,7,0.600,2.600
92539,36,54,18,1,3,2,0.600,2.600
92543,104,118,14,24,43,19,0.600,2.600
92544,95,110,15,17,34,17,0.600,2.600
92545,107,121,14,28,47,19,0.600,2.600
92548,95,111,16,19,37,18,0.600,2.600
92549,4,11,7,0,0,0,0.600,2.600
92551,85,103,18,13,29,16,0.600,2.600
92553,74,93,19,7,20,13,0.600,2.600
92555,84,102,18,11,27,16,0.600,2.600
92557,73,91,18,7,19,12,0.600,2.600
92561,23,39,16,1,2,1,0.600,2.600
92562,96,112,16,27,45,18,0.600,2.600
92563,95,111,16,21,40,19,0.600,2.600
92567,88,105,17,15,31,16,0.600,2.600
92570,92,108,16,18,35,17,0.600,2.600
92571,96,112,16,20,38,18,0.600,2.600
92582,107,121,14,27,47,20,0.600,2.600
92583,104,118,14,24,43,19,0.600,2.600
92584,105,119,14,30,49,19,0.600,2.600
92585,104,119,15,29,48,19,0.600,2.600
92586,106,120,14,31,50,19,0.600,2.600
92587,100,115,15,25,44,19,0.600,2.600
92590,61,82,21,5,16,11,0.600,2.600
92591,82,100,18,12,28,16,0.600,2.600
92592,71,91,20,7,20,13,0.600,2.600
92595,98,113,15,25,43,18,0.600,2.600
92596,103,117,14,27,46,19,0.600,2.600
92602,26,48,22,1,4,3,0.000,0.006
92603,19,42,23,0,1,1,0.000,0.006
92604,14,34,20,0,1,1,0.000,0.006
92606,12,31,19,0,1,1,0.000,0.006
92610,28,50,22,1,4,3,0.000,0.006
92612,10,26,16,0,1,1,0.000,0.006
92614,9,26,17,0,1,1,0.000,0.006
92617,21,45,24,0,1,1,0.000,0.006
92618,18,38,20,1,3,2,0.000,0.006
92620,19,40,21,1,3,2,0.000,0.006
92624,0,3,3,0,0,0,0.000,0.006
92625,1,3,2,0,0,0,0.000,0.006
92626,1,4,3,0,0,0,0.000,0.006
92627,0,2,2,0,0,0,0.000,0.006
92629,0,2,2,0,0,0,0.000,0.006
92630,18,39,21,0,2,2,0.000,0.006
92637,15,35,20,0,1,1,0.000,0.006
92646,0,2,2,0,0,0,0.000,0.006
92647,1,4,3,0,0,0,0.000,0.006
92648,0,2,2,0,0,0,0.000,0.006
92649,1,3,2,0,0,0,0.000,0.006
92651,4,12,8,0,0,0,0.000,0.006
92653,19,41,22,0,1,1,0.000,0.006
92655,2,7,5,0,0,0,0.000,0.006
92656,15,36,21,0,1,1,0.000,0.006
92657,8,21,13,0,0,0,0.000,0.006
92660,2,7,5,0,0,0,0.000,0.006
92661,0,1,1,0,0,0,0.000,0.006
92662,0,1,1,0,0,0,0.000,0.006
92663,0,1,1,0,0,0,0.000,0.006
92672,2,6,4,0,0,0,0.000,0.006
92673,9,25,16,0,0,0,0.000,0.006
92675,15,32,17,0,1,1,0.000,0.006
92676,31,50,19,1,3,2,0.000,0.006
92677,8,20,12,0,0,0,0.000,0.006
92678,27,46,19,1,3,2,0.000,0.006
92679,27,48,21,0,2,2,0.000,0.006
92683,2,7,5,0,0,0,0.000,0.006
92688,27,48,21,0,2,2,0.000,0.006
92691,23,46,23,0,1,1,0.000,0.006
92692,27,49,22,0,2,2,0.000,0.006
92694,37,60,23,1,4,3,0.000,0.006
92701,11,29,18,0,1,1,0.000,0.006
92703,6,19,13,0,1,1,0.000,0.006
92704,3,10,7,0,0,0,0.000,0.006
92705,19,40,21,0,2,2,0.000,0.006
92706,9,25,16,0,1,1,0.000,0.006
92707,5,17,12,0,1,1,0.000,0.006
92708,1,5,4,0,0,0,0.000,0.006
92780,13,32,19,0,1,1,0.000,0.006
92782,20,42,22,1,2,1,0.000,0.006
92801,13,32,19,0,1,1,0.000,0.006
92802,12,31,19,0,1,1,0.000,0.006
92804,10,26,16,0,1,1,0.000,0.006
92805,17,39,22,0,2,2,0.000,0.006
92806,26,49,23,1,4,3,0.000,0.006
92807,42,66,24,2,7,5,0.000,0.006
92808,46,68,22,3,10,7,0.000,0.006
92821,42,65,23,2,9,7,0.000,0.006
92823,54,77,23,4,14,10,0.000,0.006
92831,24,47,23,1,3,2,0.000,0.006
92832,18,41,23,0,2,2,0.000,0.006
92833,17,39,22,0,2,2,0.000,0.006
92835,34,57,23,2,6,4,0.000,0.006
92840,10,28,18,0,1,1,0.000,0.006
92841,7,21,14,0,1,1,0.000,0.006
92843,3,12,9,0,0,0,0.000,0.006
92844,2,9,7,0,0,0,0.000,0.006
92845,3,11,8,0,0,0,0.000,0.006
92860,77,98,21,11,26,15,0.600,2.600
92861,36,59,23,1,6,5,0.000,0.006
92865,34,57,23,1,5,4,0.000,0.006
92866,26,48,22,1,4,3,0.000,0.006
92867,32,55,23,1,5,4,0.000,0.006
92868,21,43,22,1,3,2,0.000,0.006
92869,35,58,23,1,6,5,0.000,0.006
92870,36,60,24,2,6,4,0.000,0.006
92879,78,99,21,10,25,15,0.600,2.600
92880,76,98,22,10,25,15,0.600,2.600
92881,76,96,20,9,23,14,0.600,2.600
92882,70,90,20,7,20,13,0.600,2.600
92883,89,105,16,16,32,16,0.600,2.600
92886,45,68,23,2,8,6,0.000,0.006
92887,48,72,24,3,10,7,0.000,0.006
93001,3,8,5,0,1,1,0.011,0.056
93003,3,8,5,0,1,1,0.011,0.056
93004,5,12,7,0,1,1,0.011,0.056
93010,6,14,8,0,1,1,0.011,0.056
93012,17,31,14,1,4,3,0.011,0.056
93013,1,4,3,0,0,0,0.000,0.006
93015,42,61,19,3,8,5,0.011,0.056
93021,35,53,18,3,8,5,0.011,0.056
93022,26,43,17,2,5,3,0.011,0.056
93023,38,57,19,3,8,5,0.011,0.056
93030,2,6,4,0,0,0,0.011,0.056
93033,2,5,3,0,0,0,0.011,0.056
93035,2,4,2,0,0,0,0.011,0.056
93036,3,7,4,0,1,1,0.011,0.056
93040,49,67,18,3,10,7,0.011,0.056
93041,1,4,3,0,0,0,0.011,0.056
93043,2,4,2,0,0,0,0.011,0.056
93060,24,40,16,1,5,4,0.011,0.056
93063,66,86,20,9,21,12,0.011,0.056
93064,69,89,20,10,23,13,0.011,0.056
93065,61,81,20,8,19,11,0.011,0.056
93066,13,26,13,1,3,2,0.011,0.056
93067,2,5,3,0,0,0,0.000,0.006
93101,1,2,1,0,0,0,0.000,0.006
93103,1,2,1,0,0,0,0.000,0.006
93105,3,5,2,0,0,0,0.000,0.006
93108,2,5,3,0,0,0,0.000,0.006
93109,1,2,1,0,0,0,0.000,0.006
93110,0,1,1,0,0,0,0.000,0.006
93111,0,1,1,0,0,0,0.000,0.006
93117,0,1,1,0,0,0,0.000,0.006
93201,106,120,14,33,51,18,0.017,0.078
93202,96,112,16,25,42,17,0.000,0.028
93203,106,120,14,27,45,18,0.000,0.011
93204,89,105,16,17,31,14,0.000,0.028
93205,15,28,13,0,0,0,0.000,0.011
93206,97,114,17,20,36,16,0.000,0.011
93207,6,12,6,0,0,0,0.017,0.078
93208,0,0,0,0,0,0,0.017,0.078
93210,93,108,15,22,36,14,0.033,0.217
93212,102,117,15,29,47,18,0.000,0.028
93215,105,120,15,31,50,19,0.000,0.011
93218,104,119,15,29,48,19,0.017,0.078
93219,104,119,15,31,49,18,0.017,0.078
93220,85,99,14,20,34,14,0.000,0.011
93221,101,117,16,28,47,19,0.017,0.078
93222,1,1,0,0,0,0,0.000,0.011
93223,99,115,16,28,46,18,0.017,0.078
93224,84,99,15,12,24,12,0.000,0.011
93225,3,7,4,0,0,0,0.000,0.011
93226,20,33,13,1,2,1,0.000,0.011
93230,96,112,16,25,42,17,0.000,0.028
93234,104,118,14,30,47,17,0.033,0.217
93235,98,113,15,26,45,19,0.017,0.078
93238,66,82,16,4,12,8,0.000,0.011
93239,104,118,14,29,46,17,0.000,0.028
93240,38,56,18,1,4,3,0.000,0.011
93241,110,124,14,29,49,20,0.000,0.011
93242,97,112,15,25,42,17,0.033,0.217
93243,25,40,15,1,2,1,0.000,0.011
93244,92,108,16,19,36,17,0.017,0.078
93245,99,114,15,27,44,17,0.000,0.028
93247,106,121,15,29,48,19,0.017,0.078
93249,94,109,15,22,37,15,0.000,0.011
93250,104,119,15,30,48,18,0.000,0.011
93251,83,99,16,13,26,13,0.000,0.011
93252,57,72,15,5,11,6,0.000,0.011
93254,47,63,16,2,5,3,0.000,0.006
93255,52,69,17,2,7,5,0.000,0.011
93256,103,118,15,30,49,19,0.017,0.078
93257,105,120,15,29,48,19,0.017,0.078
93258,105,120,15,31,50,19,0.017,0.078
93260,2,4,2,0,0,0,0.017,0.078
93261,103,119,16,29,48,19,0.017,0.078
93262,0,0,0,0,0,0,0.017,0.078
93263,103,119,16,28,45,17,0.000,0.011
93265,59,72,13,9,18,9,0.017,0.078
93266,103,118,15,30,48,18,0.000,0.028
93267,106,120,14,30,49,19,0.017,0.078
93268,93,109,16,16,31,15,0.000,0.011
93270,104,119,15,29,48,19,0.017,0.078
93271,69,85,16,11,22,11,0.017,0.078
93272,102,117,15,30,48,18,0.017,0.078
93274,98,114,16,28,46,18,0.017,0.078
93276,100,115,15,22,39,17,0.000,0.011
93277,93,110,17,25,42,17,0.017,0.078
93280,108,122,14,33,52,19,0.000,0.011
93283,46,60,14,3,8,5,0.000,0.011
93285,68,82,14,7,17,10,0.000,0.011
93286,102,117,15,28,47,19,0.017,0.078
93287,86,103,17,20,34,14,0.000,0.011
93291,92,109,17,24,42,18,0.017,0.078
93292,95,111,16,25,43,18,0.017,0.078
93301,104,119,15,27,46,19,0.000,0.011
93304,106,120,14,29,47,18,0.000,0.011
93305,107,122,15,30,49,19,0.000,0.011
93306,111,125,14,33,53,20,0.000,0.011
93307,108,123,15,30,49,19,0.000,0.011
93308,101,116,15,26,43,17,0.000,0.011
93309,104,119,15,27,45,18,0.000,0.011
93311,102,118,16,25,43,18,0.000,0.011
93312,101,116,15,25,42,17,0.000,0.011
93313,106,121,15,28,46,18,0.000,0.011
93314,101,117,16,25,42,17,0.000,0.011
93401,0,1,1,0,0,0,0.000,0.006
93402,0,0,0,0,0,0,0.000,0.006
93405,0,1,1,0,0,0,0.000,0.006
93420,1,3,2,0,0,0,0.000,0.006
93422,17,32,15,0,1,1,0.000,0.006
93424,0,0,0,0,0,0,0.000,0.006
93426,74,91,17,11,21,10,0.000,0.006
93427,6,14,8,0,1,1,0.000,0.006
93428,0,0,0,0,0,0,0.000,0.006
93429,2,4,2,0,0,0,0.000,0.006
93430,0,0,0,0,0,0,0.000,0.006
93432,56,75,19,5,12,7,0.000,0.006
93433,0,0,0,0,0,0,0.000,0.006
93434,0,1,1,0,0,0,0.000,0.006
93436,2,4,2,0,0,0,0.000,0.006
93437,1,1,0,0,0,0,0.000,0.006
93440,6,13,7,1,1,0,0.000,0.006
93441,22,37,15,1,2,1,0.000,0.006
93442,0,0,0,0,0,0,0.000,0.006
93444,1,2,1,0,0,0,0.000,0.006
93445,0,0,0,0,0,0,0.000,0.006
93446,54,73,19,5,11,6,0.000,0.006
93449,0,0,0,0,0,0,0.000,0.006
93450,71,90,19,11,21,10,0.000,0.006
93451,66,85,19,9,18,9,0.000,0.006
93452,0,1,1,0,0,0,0.000,0.006
93453,55,72,17,4,11,7,0.000,0.006
93454,5,8,3,0,1,1,0.000,0.006
93455,3,6,3,0,1,1,0.000,0.006
93458,2,3,1,0,0,0,0.000,0.006
93460,26,44,18,1,3,2,0.000,0.006
93461,65,84,19,7,16,9,0.000,0.006
93463,15,29,14,1,1,0,0.000,0.006
93465,29,45,16,1,4,3,0.000,0.006
93501,87,102,15,9,22,13,0.000,0.011
93505,94,108,14,11,26,15,0.000,0.011
93510,49,66,17,2,6,4,0.011,0.056
93512,9,19,10,0,0,0,0.000,0.000
93513,67,81,14,5,13,8,0.122,0.700
93514,58,72,14,2,8,6,0.122,0.700
93516,93,107,14,11,25,14,0.000,0.011
93517,0,1,1,0,0,0,0.000,0.000
93518,21,35,14,1,2,1,0.000,0.011
93519,108,121,13,27,46,19,,
93522,57,74,17,5,10,5,0.122,0.700
93523,94,107,13,11,26,15,0.000,0.011
93524,91,105,14,10,24,14,0.000,0.011
93526,78,92,14,5,14,9,0.122,0.700
93527,99,110,11,26,44,18,0.000,0.011
93528,68,86,18,5,15,10,0.000,0.011
93529,0,0,0,0,0,0,0.000,0.000
93530,56,69,13,2,7,5,0.122,0.700
93531,27,42,15,0,1,1,0.000,0.011
93532,24,39,15,0,1,1,0.011,0.056
93534,91,105,14,12,25,13,0.011,0.056
93535,92,106,14,11,25,14,0.011,0.056
93536,77,93,16,7,17,10,0.011,0.056
93541,1,3,2,0,0,0,0.000,0.000
93543,70,86,16,5,12,7,0.011,0.056
93544,59,75,16,3,8,5,0.011,0.056
93545,73,87,14,6,14,8,0.122,0.700
93546,0,0,0,0,0,0,0.000,0.000
93549,70,86,16,4,12,8,0.122,0.700
93550,74,91,17,6,15,9,0.011,0.056
93551,65,82,17,4,11,7,0.011,0.056
93552,81,97,16,7,18,11,0.011,0.056
93553,58,74,16,3,8,5,0.011,0.056
93554,96,110,14,19,36,17,0.000,0.011
93555,116,127,11,34,54,20,0.000,0.011
93558,92,106,14,11,26,15,,
93560,84,99,15,8,20,12,0.000,0.011
93561,7,15,8,0,0,0,0.000,0.011
93562,125,136,11,51,70,19,0.694,2.556
93563,7,13,6,0,0,0,0.011,0.056
93591,85,100,15,8,19,11,0.011,0.056
93592,101,113,12,30,46,16,0.694,2.556
93601,74,90,16,14,26,12,0.022,0.111
93602,45,62,17,5,12,7,0.033,0.217
93603,23,38,15,1,2,1,0.017,0.078
93604,23,37,14,1,3,2,0.022,0.111
93605,0,0,0,0,0,0,0.033,0.217
93606,97,113,16,25,42,17,0.033,0.217
93608,96,112,16,23,38,15,0.033,0.217
93609,99,114,15,26,44,18,0.033,0.217
93610,89,107,18,21,37,16,0.022,0.111
93611,98,114,16,27,44,17,0.033,0.217
93612,98,113,15,26,43,17,0.033,0.217
93614,81,97,16,17,32,15,0.022,0.111
93615,99,115,16,29,47,18,0.017,0.078
93616,98,114,16,26,44,18,0.033,0.217
93618,100,115,15,30,49,19,0.017,0.078
93619,102,117,15,31,50,19,0.033,0.217
93620,84,102,18,17,31,14,0.017,0.028
93621,58,76,18,7,15,8,0.033,0.217
93622,77,96,19,13,24,11,0.033,0.217
93623,3,8,5,0,0,0,0.017,0.033
93624,100,115,15,27,43,16,0.033,0.217
93625,97,113,16,25,42,17,0.033,0.217
93626,108,121,13,38,58,20,0.033,0.217
93627,101,116,15,27,44,17,0.033,0.217
93628,0,1,1,0,0,0,0.033,0.217
93630,99,114,15,26,43,17,0.033,0.217
93631,96,112,16,25,42,17,0.033,0.217
93633,0,1,1,0,0,0,0.017,0.078
93634,1,2,1,0,0,0,0.033,0.217
93635,86,104,18,20,34,14,0.017,0.028
93636,101,116,15,31,49,18,0.022,0.111
93637,97,113,16,27,45,18,0.022,0.111
93638,97,113,16,27,45,18,0.022,0.111
93640,88,105,17,17,31,14,0.033,0.217
93641,34,51,17,2,5,3,0.033,0.217
93643,51,66,15,7,15,8,0.022,0.111
93644,53,71,18,6,14,8,0.022,0.111
93645,86,101,15,20,36,16,0.022,0.111
93646,102,117,15,31,51,20,0.033,0.217
93647,98,113,15,28,46,18,0.017,0.078
93648,100,115,15,28,46,18,0.033,0.217
93650,97,113,16,26,43,17,0.033,0.217
93651,99,112,13,30,48,18,0.033,0.217
93652,100,116,16,28,45,17,0.033,0.217
93653,91,106,15,24,40,16,0.022,0.111
93654,100,115,15,29,48,19,0.033,0.217
93656,100,116,16,27,45,18,0.033,0.217
93657,101,116,15,30,48,18,0.033,0.217
93660,100,115,15,27,44,17,0.033,0.217
93662,97,113,16,25,43,18,0.033,0.217
93664,4,10,6,0,0,0,0.033,0.217
93665,82,100,18,16,29,13,0.017,0.028
93666,101,116,15,31,50,19,0.017,0.078
93667,75,91,16,13,26,13,0.033,0.217
93668,99,115,16,26,42,16,0.033,0.217
93669,59,77,18,7,16,9,0.022,0.111
93673,96,112,16,26,43,17,0.017,0.078
93675,78,94,16,14,28,14,0.033,0.217
93701,98,113,15,26,43,17,0.033,0.217
93702,97,113,16,26,43,17,0.033,0.217
93703,98,113,15,26,43,17,0.033,0.217
93704,98,113,15,26,44,18,0.033,0.217
93705,98,113,15,27,44,17,0.033,0.217
93706,98,113,15,26,43,17,0.033,0.217
93710,98,113,15,26,44,18,0.033,0.217
93711,98,113,15,27,44,17,0.033,0.217
93720,99,115,16,28,46,18,0.033,0.217
93721,98,113,15,26,43,17,0.033,0.217
93722,98,113,15,27,44,17,0.033,0.217
93723,98,114,16,27,44,17,0.033,0.217
93725,97,113,16,25,42,17,0.033,0.217
93726,98,113,15,27,44,17,0.033,0.217
93727,97,112,15,25,42,17,0.033,0.217
93728,98,113,15,26,43,17,0.033,0.217
93730,102,117,15,31,49,18,0.033,0.217
93901,0,0,0,0,0,0,0.000,0.006
93905,1,2,1,0,0,0,0.000,0.006
93906,1,1,0,0,0,0,0.000,0.006
93907,1,3,2,0,0,0,0.000,0.006
93908,0,1,1,0,0,0,0.000,0.006
93920,1,2,1,0,0,0,0.000,0.006
93921,0,0,0,0,0,0,0.000,0.006
93923,0,0,0,0,0,0,0.000,0.006
93924,1,2,1,0,0,0,0.000,0.006
93925,6,11,5,0,1,1,0.000,0.006
93926,3,5,2,0,0,0,0.000,0.006
93927,15,25,10,1,2,1,0.000,0.006
93928,63,80,17,7,15,8,0.000,0.006
93930,32,47,15,2,5,3,0.000,0.006
93932,69,87,18,9,18,9,0.000,0.006
93933,0,0,0,0,0,0,0.000,0.006
93940,0,0,0,0,0,0,0.000,0.006
93943,0,0,0,0,0,0,0.000,0.006
93950,0,0,0,0,0,0,0.000,0.006
93953,0,0,0,0,0,0,0.000,0.006
93954,48,66,18,4,10,6,0.000,0.006
93955,0,0,0,0,0,0,0.000,0.006
93960,9,17,8,0,1,1,0.000,0.006
93962,0,0,0,0,0,0,0.000,0.006
94002,11,20,9,1,2,1,0.022,0.006
94005,0,0,0,0,0,0,0.022,0.006
94010,1,2,1,0,0,0,0.022,0.006
94014,0,0,0,0,0,0,0.022,0.006
94015,0,0,0,0,0,0,0.022,0.006
94019,0,1,1,0,0,0,0.022,0.006
94020,9,17,8,1,2,1,0.022,0.006
94021,8,16,8,1,2,1,0.022,0.006
94022,15,26,11,2,3,1,0.017,0.017
94024,16,27,11,2,3,1,0.017,0.017
94025,11,20,9,1,3,2,0.022,0.006
94027,11,20,9,1,3,2,0.022,0.006
94028,15,25,10,2,3,1,0.022,0.006
94030,0,0,0,0,0,0,0.022,0.006
94037,0,0,0,0,0,0,0.022,0.006
94038,0,0,0,0,0,0,0.022,0.006
94040,11,19,8,1,2,1,0.017,0.017
94041,11,20,9,1,2,1,0.017,0.017
94043,8,15,7,1,1,0,0.017,0.017
94044,0,0,0,0,0,0,0.022,0.006
94060,4,7,3,0,1,1,0.022,0.006
94061,14,25,11,2,4,2,0.022,0.006
94062,17,28,11,2,4,2,0.022,0.006
94063,10,18,8,1,2,1,0.022,0.006
94065,6,12,6,0,1,1,0.022,0.006
94066,0,0,0,0,0,0,0.022,0.006
94070,12,21,9,1,3,2,0.022,0.006
94074,3,6,3,0,1,1,0.022,0.006
94080,0,0,0,0,0,0,0.022,0.006
94085,12,21,9,1,2,1,0.017,0.017
94086,12,21,9,1,2,1,0.017,0.017
94087,15,24,9,1,3,2,0.017,0.017
94089,11,20,9,1,2,1,0.017,0.017
94102,0,0,0,0,0,0,0.000,0.000
94103,0,0,0,0,0,0,0.000,0.000
94104,0,0,0,0,0,0,0.000,0.000
94105,0,0,0,0,0,0,0.000,0.000
94107,0,0,0,0,0,0,0.000,0.000
94108,0,0,0,0,0,0,0.000,0.000
94109,0,0,0,0,0,0,0.000,0.000
94110,0,0,0,0,0,0,0.000,0.000
94111,0,0,0,0,0,0,0.000,0.000
94112,0,0,0,0,0,0,0.000,0.000
94114,0,0,0,0,0,0,0.000,0.000
94115,0,0,0,0,0,0,0.000,0.000
94116,0,0,0,0,0,0,0.000,0.000
94117,0,0,0,0,0,0,0.000,0.000
94118,0,0,0,0,0,0,0.000,0.000
94121,0,0,0,0,0,0,0.000,0.000
94122,0,0,0,0,0,0,0.000,0.000
94123,0,0,0,0,0,0,0.000,0.000
94124,0,0,0,0,0,0,0.000,0.000
94127,0,0,0,0,0,0,0.000,0.000
94128,0,1,1,0,0,0,0.022,0.006
94129,0,0,0,0,0,0,0.000,0.000
94130,0,1,1,0,0,0,0.000,0.000
94131,0,0,0,0,0,0,0.000,0.000
94132,0,0,0,0,0,0,0.000,0.000
94133,0,0,0,0,0,0,0.000,0.000
94134,0,0,0,0,0,0,0.000,0.000
94158,0,0,0,0,0,0,0.000,0.000
94301,8,15,7,1,2,1,0.017,0.017
94303,7,14,7,1,1,0,0.022,0.006
94304,14,24,10,1,3,2,0.017,0.017
94305,10,19,9,1,2,1,0.017,0.017
94306,8,15,7,1,2,1,0.017,0.017
94401,1,3,2,0,0,0,0.022,0.006
94402,3,7,4,0,0,0,0.022,0.006
94403,3,6,3,0,0,0,0.022,0.006
94404,4,8,4,0,0,0,0.022,0.006
94501,1,1,0,0,0,0,0.011,0.006
94502,1,2,1,0,0,0,0.011,0.006
94503,17,30,13,1,4,3,0.022,0.011
94505,66,86,20,13,23,10,0.028,0.011
94506,23,37,14,2,5,3,0.028,0.011
94507,20,32,12,2,4,2,0.028,0.011
94508,29,44,15,3,6,3,0.022,0.011
94509,47,67,20,8,15,7,0.028,0.011
94510,24,40,16,2,6,4,0.022,0.011
94511,54,75,21,9,17,8,0.028,0.011
94512,41,60,19,6,12,6,0.022,0.011
94513,55,76,21,10,18,8,0.028,0.011
94514,64,84,20,12,22,10,0.028,0.011
94515,43,61,18,6,12,6,0.022,0.011
94516,5,10,5,0,0,0,0.028,0.011
94517,21,33,12,2,4,2,0.028,0.011
94518,27,42,15,3,6,3,0.028,0.011
94519,28,44,16,3,7,4,0.028,0.011
94520,30,47,17,3,7,4,0.028,0.011
94521,23,36,13,2,4,2,0.028,0.011
94523,29,46,17,3,7,4,0.028,0.011
94525,16,28,12,1,3,2,0.028,0.011
94526,22,35,13,2,5,3,0.028,0.011
94528,21,33,12,2,4,2,0.028,0.011
94530,2,3,1,0,0,0,0.028,0.011
94531,49,69,20,8,15,7,0.028,0.011
94533,35,53,18,4,9,5,0.022,0.011
94534,36,54,18,4,9,5,0.022,0.011
94535,40,58,18,5,10,5,0.022,0.011
94536,8,14,6,1,1,0,0.011,0.006
94538,8,15,7,1,1,0,0.011,0.006
94539,9,17,8,1,1,0,0.011,0.006
94541,5,9,4,0,1,1,0.011,0.006
94542,6,12,6,0,1,1,0.011,0.006
94544,5,10,5,0,1,1,0.011,0.006
94545,5,10,5,0,1,1,0.011,0.006
94546,4,9,5,0,1,1,0.011,0.006
94547,10,18,8,1,2,1,0.028,0.011
94548,55,75,20,9,18,9,0.028,0.011
94549,18,29,11,2,4,2,0.028,0.011
94550,29,45,16,3,7,4,0.011,0.006
94551,34,50,16,4,8,4,0.011,0.006
94552,8,15,7,0,1,1,0.011,0.006
94553,30,47,17,3,8,5,0.028,0.011
94555,6,12,6,1,1,0,0.011,0.006
94556,9,16,7,1,1,0,0.028,0.011
94558,28,44,16,3,7,4,0.022,0.011
94559,22,36,14,2,5,3,0.022,0.011
94560,6,12,6,0,1,1,0.011,0.006
94561,53,73,20,9,16,7,0.028,0.011
94563,6,13,7,0,1,1,0.028,0.011
94564,6,12,6,0,1,1,0.028,0.011
94565,35,52,17,4,9,5,0.028,0.011
94566,28,44,16,3,7,4,0.011,0.006
94567,52,70,18,8,15,7,0.022,0.011
94568,31,47,16,4,8,4,0.011,0.006
94569,17,29,12,1,4,3,0.028,0.011
94571,50,70,20,8,15,7,0.022,0.011
94572,13,24,11,1,3,2,0.028,0.011
94573,47,68,21,6,13,7,0.022,0.011
94574,41,60,19,5,10,5,0.022,0.011
94575,7,14,7,0,1,1,0.028,0.011
94576,43,62,19,5,11,6,0.022,0.011
94577,1,3,2,0,0,0,0.011,0.006
94578,4,7,3,0,0,0,0.011,0.006
94579,1,3,2,0,0,0,0.011,0.006
94580,4,7,3,0,1,1,0.011,0.006
94582,28,43,15,3,7,4,0.028,0.011
94583,27,41,14,3,6,3,0.028,0.011
94585,32,49,17,3,8,5,0.022,0.011
94586,18,30,12,1,3,2,0.011,0.006
94587,7,13,6,0,1,1,0.011,0.006
94588,30,45,15,3,7,4,0.011,0.006
94589,15,27,12,1,3,2,0.022,0.011
94590,14,26,12,1,3,2,0.022,0.011
94591,17,30,13,2,4,2,0.022,0.011
94592,8,16,8,1,1,0,0.022,0.011
94595,19,31,12,2,4,2,0.028,0.011
94596,25,39,14,2,6,4,0.028,0.011
94597,28,44,16,3,7,4,0.028,0.011
94598,25,40,15,2,5,3,0.028,0.011
94599,44,64,20,6,12,6,0.022,0.011
94601,1,2,1,0,0,0,0.011,0.006
94602,1,3,2,0,0,0,0.011,0.006
94603,1,2,1,0,0,0,0.011,0.006
94605,2,4,2,0,0,0,0.011,0.006
94606,1,3,2,0,0,0,0.011,0.006
94607,0,1,1,0,0,0,0.011,0.006
94608,0,1,1,0,0,0,0.011,0.006
94609,1,2,1,0,0,0,0.011,0.006
94610,1,3,2,0,0,0,0.011,0.006
94611,2,4,2,0,0,0,0.011,0.006
94612,1,1,0,0,0,0,0.011,0.006
94613,2,4,2,0,0,0,0.011,0.006
94618,1,3,2,0,0,0,0.011,0.006
94619,2,3,1,0,0,0,0.011,0.006
94621,1,2,1,0,0,0,0.011,0.006
94702,0,1,1,0,0,0,0.011,0.006
94703,0,1,1,0,0,0,0.011,0.006
94704,2,4,2,0,0,0,0.011,0.006
94705,2,4,2,0,0,0,0.011,0.006
94706,0,1,1,0,0,0,0.011,0.006
94707,1,2,1,0,0,0,0.011,0.006
94708,2,4,2,0,0,0,0.011,0.006
94709,1,2,1,0,0,0,0.011,0.006
94710,0,1,1,0,0,0,0.011,0.006
94720,2,5,3,0,0,0,0.011,0.006
94801,1,3,2,0,0,0,0.028,0.011
94803,5,10,5,0,1,1,0.028,0.011
94804,2,3,1,0,0,0,0.028,0.011
94805,2,4,2,0,0,0,0.028,0.011
94806,3,5,2,0,0,0,0.028,0.011
94850,1,2,1,0,0,0,0.028,0.011
94901,2,5,3,0,0,0,0.000,0.000
94903,4,10,6,0,1,1,0.000,0.000
94904,2,5,3,0,0,0,0.000,0.000
94920,0,1,1,0,0,0,0.000,0.000
94922,1,2,1,0,0,0,0.006,0.006
94923,0,0,0,0,0,0,0.006,0.006
94924,0,0,0,0,0,0,0.000,0.000
94925,1,2,1,0,0,0,0.000,0.000
94928,9,19,10,1,1,0,0.006,0.006
94929,1,2,1,0,0,0,0.000,0.000
94930,5,12,7,0,1,1,0.000,0.000
94931,9,18,9,1,1,0,0.006,0.006
94933,3,7,4,0,0,0,0.000,0.000
94937,1,1,0,0,0,0,0.000,0.000
94938,3,7,4,0,0,0,0.000,0.000
94939,1,3,2,0,0,0,0.000,0.000
94940,1,2,1,0,0,0,0.000,0.000
94941,0,1,1,0,0,0,0.000,0.000
94945,9,18,9,1,2,1,0.000,0.000
94946,4,9,5,0,0,0,0.000,0.000
94947,9,17,8,1,2,1,0.000,0.000
94949,5,11,6,1,1,0,0.000,0.000
94950,1,2,1,0,0,0,0.000,0.000
94951,9,20,11,1,1,0,0.006,0.006
94952,8,18,10,1,2,1,0.006,0.006
94954,10,21,11,1,2,1,0.006,0.006
94956,1,2,1,0,0,0,0.000,0.000
94957,4,9,5,0,0,0,0.000,0.000
94960,5,11,6,0,1,1,0.000,0.000
94963,5,13,8,0,0,0,0.000,0.000
94964,2,4,2,0,0,0,0.000,0.000
94965,0,0,0,0,0,0,0.000,0.000
94970,0,0,0,0,0,0,0.000,0.000
94971,2,3,1,0,0,0,0.000,0.000
94972,1,1,0,0,0,0,0.006,0.006
94973,6,15,9,0,1,1,0.000,0.000
95002,10,18,8,1,2,1,0.017,0.017
95003,2,4,2,0,0,0,0.000,0.000
95004,5,9,4,0,1,1,0.000,0.006
95005,19,32,13,2,3,1,0.000,0.000
95006,15,26,11,1,3,2,0.000,0.000
95007,14,24,10,1,2,1,0.000,0.000
95008,19,30,11,2,3,1,0.017,0.017
95010,1,3,2,0,0,0,0.000,0.000
95012,0,0,0,0,0,0,0.000,0.006
95013,29,44,15,2,5,3,0.017,0.017
95014,18,29,11,2,4,2,0.017,0.017
95017,3,5,2,0,0,0,0.000,0.000
95018,15,26,11,1,2,1,0.000,0.000
95019,2,4,2,0,0,0,0.000,0.000
95020,33,50,17,4,8,4,0.017,0.017
95023,20,33,13,1,3,2,0.017,0.000
95030,17,26,9,1,2,1,0.017,0.017
95032,19,29,10,1,3,2,0.017,0.017
95033,14,23,9,1,2,1,0.000,0.000
95035,13,22,9,1,2,1,0.017,0.017
95037,28,44,16,2,6,4,0.017,0.017
95039,0,0,0,0,0,0,0.000,0.006
95041,9,17,8,1,1,0,0.000,0.000
95043,47,62,15,4,9,5,0.017,0.000
95045,9,17,8,0,1,1,0.017,0.000
95046,33,50,17,3,7,4,0.017,0.017
95050,16,26,10,1,3,2,0.017,0.017
95051,15,25,10,1,3,2,0.017,0.017
95053,16,26,10,1,3,2,0.017,0.017
95054,14,23,9,1,2,1,0.017,0.017
95060,1,2,1,0,0,0,0.000,0.000
95062,2,3,1,0,0,0,0.000,0.000
95064,0,0,0,0,0,0,0.000,0.000
95065,5,8,3,0,1,1,0.000,0.000
95066,13,22,9,1,2,1,0.000,0.000
95070,18,29,11,2,3,1,0.017,0.017
95073,4,8,4,0,1,1,0.000,0.000
95075,34,49,15,2,5,3,0.017,0.000
95076,3,6,3,0,0,0,0.000,0.000
95110,16,27,11,1,3,2,0.017,0.017
95111,22,35,13,2,4,2,0.017,0.017
95112,16,27,11,1,2,1,0.017,0.017
95113,16,27,11,1,2,1,0.017,0.017
95116,17,28,11,1,2,1,0.017,0.017
95117,17,28,11,1,3,2,0.017,0.017
95118,22,34,12,2,4,2,0.017,0.017
95119,24,37,13,2,4,2,0.017,0.017
95120,18,29,11,1,2,1,0.017,0.017
95121,21,34,13,2,3,1,0.017,0.017
95122,18,29,11,1,3,2,0.017,0.017
95123,23,35,12,2,4,2,0.017,0.017
95124,21,33,12,2,4,2,0.017,0.017
95125,18,29,11,1,3,2,0.017,0.017
95126,16,26,10,1,3,2,0.017,0.017
95127,17,28,11,1,2,1,0.017,0.017
95128,17,27,10,1,3,2,0.017,0.017
95129,19,30,11,2,4,2,0.017,0.017
95130,19,30,11,2,3,1,0.017,0.017
95131,15,25,10,1,2,1,0.017,0.017
95132,15,25,10,1,2,1,0.017,0.017
95133,16,26,10,1,2,1,0.017,0.017
95134,12,21,9,1,2,1,0.017,0.017
95135,13,22,9,1,1,0,0.017,0.017
95136,21,34,13,2,4,2,0.017,0.017
95138,20,32,12,1,3,2,0.017,0.017
95139,26,40,14,2,5,3,0.017,0.017
95140,19,28,9,1,3,2,0.017,0.017
95148,18,29,11,1,2,1,0.017,0.017
95202,71,91,20,14,25,11,0.017,0.006
95203,71,90,19,14,24,10,0.017,0.006
95204,70,90,20,14,24,10,0.017,0.006
95205,71,90,19,14,25,11,0.017,0.006
95206,72,91,19,14,25,11,0.017,0.006
95207,71,91,20,14,24,10,0.017,0.006
95209,71,91,20,14,24,10,0.017,0.006
95210,69,90,21,13,24,11,0.017,0.006
95211,70,90,20,13,24,11,0.017,0.006
95212,68,89,21,13,23,10,0.017,0.006
95215,71,91,20,14,25,11,0.017,0.006
95219,71,91,20,14,24,10,0.017,0.006
95220,63,84,21,11,20,9,0.017,0.006
95222,71,89,18,12,24,12,0.006,0.017
95223,11,22,11,0,1,1,0.006,0.017
95224,38,56,18,2,6,4,0.006,0.017
95225,79,97,18,17,31,14,0.006,0.017
95226,78,96,18,16,30,14,0.006,0.017
95227,74,93,19,15,27,12,0.017,0.006
95228,76,94,18,14,28,14,0.006,0.017
95230,77,96,19,16,29,13,0.017,0.006
95231,74,93,19,15,26,11,0.017,0.006
95232,54,75,21,5,14,9,0.006,0.017
95233,60,79,19,5,14,9,0.006,0.017
95234,70,90,20,14,24,10,0.017,0.006
95236,75,94,19,15,27,12,0.017,0.006
95237,67,87,20,12,22,10,0.017,0.006
95240,63,84,21,10,20,10,0.017,0.006
95242,62,83,21,10,19,9,0.017,0.006
95245,63,83,20,9,19,10,0.006,0.017
95246,57,77,20,6,15,9,0.006,0.017
95247,59,78,19,7,16,9,0.006,0.017
95248,35,54,19,2,6,4,0.006,0.017
95249,73,92,19,13,26,13,0.006,0.017
95250,38,57,19,2,7,5,,
95251,67,85,18,9,20,11,0.006,0.017
95252,77,96,19,16,29,13,0.006,0.017
95254,81,99,18,18,32,14,0.006,0.017
95255,38,57,19,2,7,5,0.006,0.017
95257,31,49,18,1,5,4,0.006,0.017
95258,61,82,21,10,19,9,0.017,0.006
95301,86,104,18,19,34,15,0.017,0.028
95303,77,96,19,14,28,14,0.017,0.028
95304,70,89,19,13,24,11,0.017,0.006
95305,41,58,17,3,8,5,0.011,0.028
95306,81,97,16,17,32,15,0.017,0.033
95307,71,91,20,12,23,11,0.006,0.017
95310,50,69,19,4,11,7,0.011,0.028
95311,59,77,18,8,17,9,0.017,0.033
95312,77,96,19,14,27,13,0.017,0.028
95313,86,104,18,20,33,13,0.006,0.017
95314,0,0,0,0,0,0,,
95315,76,95,19,14,27,13,0.017,0.028
95316,72,91,19,12,24,12,0.006,0.017
95317,87,105,18,20,35,15,0.017,0.028
95318,21,35,14,1,2,1,0.017,0.033
95319,71,91,20,12,23,11,0.006,0.017
95320,74,93,19,14,26,12,0.017,0.006
95321,29,46,17,1,4,3,0.011,0.028
95322,85,103,18,20,34,14,0.017,0.028
95323,76,94,18,14,26,12,0.006,0.017
95324,78,97,19,15,28,13,0.017,0.028
95325,99,114,15,28,46,18,0.017,0.033
95326,70,90,20,11,22,11,0.006,0.017
95327,70,88,18,11,23,12,0.011,0.028
95328,70,89,19,12,23,11,0.006,0.017
95329,91,108,17,22,39,17,0.011,0.028
95330,72,92,20,14,25,11,0.017,0.006
95333,84,102,18,17,32,15,0.017,0.028
95334,80,99,19,16,30,14,0.017,0.028
95335,6,14,8,0,0,0,0.011,0.028
95336,71,91,20,13,24,11,0.017,0.006
95337,71,90,19,13,24,11,0.017,0.006
95338,60,78,18,7,16,9,0.017,0.033
95340,90,107,17,21,37,16,0.017,0.028
95341,91,108,17,22,38,16,0.017,0.028
95345,44,63,19,3,8,5,0.017,0.033
95346,16,30,14,0,1,1,0.011,0.028
95348,90,108,18,22,37,15,0.017,0.028
95350,72,91,19,13,23,10,0.006,0.017
95351,72,91,19,12,23,11,0.006,0.017
95354,72,91,19,12,23,11,0.006,0.017
95355,71,91,20,12,23,11,0.006,0.017
95356,72,92,20,13,24,11,0.006,0.017
95357,72,91,19,12,23,11,0.006,0.017
95358,72,91,19,13,23,10,0.006,0.017
95360,93,110,17,24,39,15,0.006,0.017
95361,74,93,19,13,25,12,0.006,0.017
95363,79,97,18,16,28,12,0.006,0.017
95364,1,3,2,0,0,0,0.011,0.028
95365,83,102,19,16,32,16,0.017,0.028
95366,70,90,20,13,23,10,0.017,0.006
95367,72,92,20,13,24,11,0.006,0.017
95368,72,91,19,13,24,11,0.006,0.017
95369,84,102,18,18,33,15,0.017,0.028
95370,48,66,18,4,11,7,0.011,0.028
95372,37,55,18,1,5,4,0.011,0.028
95374,87,104,17,20,35,15,0.017,0.028
95375,1,5,4,0,0,0,0.011,0.028
95376,70,89,19,14,24,10,0.017,0.006
95377,66,85,19,12,22,10,0.017,0.006
95379,39,57,18,2,6,4,0.011,0.028
95380,72,91,19,12,24,12,0.006,0.017
95382,70,90,20,12,23,11,0.006,0.017
95383,20,36,16,0,1,1,0.011,0.028
95385,73,91,18,14,24,10,0.006,0.017
95386,75,94,19,13,25,12,0.006,0.017
95387,62,80,18,10,19,9,0.006,0.017
95388,78,97,19,15,28,13,0.017,0.028
95389,2,5,3,0,0,0,0.017,0.033
95391,64,84,20,12,21,9,0.017,0.006
95401,12,24,12,1,2,1,0.006,0.006
95403,12,23,11,1,2,1,0.006,0.006
95404,13,25,12,1,2,1,0.006,0.006
95405,13,24,11,1,2,1,0.006,0.006
95407,13,24,11,1,2,1,0.006,0.006
95409,19,32,13,1,3,2,0.006,0.006
95410,1,3,2,0,0,0,0.006,0.017
95412,1,4,3,0,0,0,0.006,0.006
95415,29,43,14,3,7,4,0.006,0.017
95417,6,13,7,0,1,1,0.006,0.017
95420,0,0,0,0,0,0,0.006,0.017
95421,3,7,4,0,0,0,0.006,0.006
95422,51,67,16,7,15,8,0.011,0.000
95423,50,66,16,7,14,7,0.011,0.000
95425,44,61,17,6,13,7,0.006,0.006
95426,29,43,14,2,5,3,0.011,0.000
95427,10,18,8,1,2,1,0.006,0.017
95428,45,58,13,6,13,7,0.006,0.017
95429,46,61,15,5,10,5,0.006,0.017
95430,0,0,0,0,0,0,0.006,0.006
95432,4,7,3,0,1,1,0.006,0.017
95435,60,75,15,11,20,9,0.011,0.000
95436,5,13,8,0,0,0,0.006,0.006
95437,0,1,1,0,0,0,0.006,0.017
95439,8,18,10,0,0,0,0.006,0.006
95441,30,46,16,2,6,4,0.006,0.006
95442,29,47,18,2,6,4,0.006,0.006
95443,49,64,15,7,13,6,0.011,0.000
95444,10,22,12,0,1,1,0.006,0.006
95445,1,2,1,0,0,0,0.006,0.017
95446,2,5,3,0,0,0,0.006,0.006
95448,29,46,17,2,5,3,0.006,0.006
95449,38,52,14,5,10,5,0.006,0.017
95450,0,0,0,0,0,0,0.006,0.006
95451,44,59,15,5,11,6,0.011,0.000
95452,29,46,17,3,6,3,0.006,0.006
95453,60,74,14,12,20,8,0.011,0.000
95454,20,31,11,1,3,2,0.006,0.017
95456,0,1,1,0,0,0,0.006,0.017
95457,51,67,16,7,14,7,0.011,0.000
95458,39,54,15,4,9,5,0.011,0.000
95459,3,5,2,0,1,1,0.006,0.017
95460,0,1,1,0,0,0,0.006,0.017
95461,41,57,16,5,10,5,0.011,0.000
95462,1,2,1,0,0,0,0.006,0.006
95463,7,15,8,1,2,1,0.006,0.017
95464,53,69,16,8,16,8,0.011,0.000
95465,1,2,1,0,0,0,0.006,0.006
95466,22,35,13,2,5,3,0.006,0.017
95467,57,73,16,9,17,8,0.011,0.000
95468,1,3,2,0,0,0,0.006,0.017
95469,41,56,15,4,10,6,0.006,0.017
95470,48,63,15,7,15,8,0.006,0.017
95471,3,7,4,0,0,0,0.006,0.006
95472,7,16,9,0,1,1,0.006,0.006
95476,25,41,16,2,6,4,0.006,0.006
95482,46,61,15,7,13,6,0.006,0.017
95485,44,59,15,5,11,6,0.011,0.000
95486,0,0,0,0,0,0,0.006,0.006
95488,2,5,3,0,0,0,0.006,0.017
95490,17,29,12,1,3,2,0.006,0.017
95492,14,26,12,1,1,0,0.006,0.006
95493,47,63,16,6,12,6,0.011,0.000
95494,19,31,12,1,3,2,0.006,0.017
95497,0,0,0,0,0,0,0.006,0.006
95501,0,0,0,0,0,0,0.000,0.000
95503,0,0,0,0,0,0,0.000,0.000
95511,37,54,17,3,8,5,0.000,0.000
95514,28,43,15,2,5,3,0.000,0.000
95519,0,0,0,0,0,0,0.000,0.000
95521,0,0,0,0,0,0,0.000,0.000
95524,0,0,0,0,0,0,0.000,0.000
95525,7,12,5,0,1,1,0.000,0.000
95526,17,29,12,1,2,1,0.000,0.000
95527,44,58,14,6,13,7,0.000,0.000
95528,5,10,5,0,1,1,0.000,0.000
95531,0,0,0,0,0,0,0.000,0.000
95536,0,0,0,0,0,0,0.000,0.000
95537,0,0,0,0,0,0,0.000,0.000
95540,1,2,1,0,0,0,0.000,0.000
95542,14,25,11,1,2,1,0.000,0.000
95543,2,5,3,0,0,0,0.000,0.000
95545,3,9,6,0,0,0,0.000,0.000
95546,39,53,14,6,12,6,0.000,0.000
95547,1,4,3,0,0,0,0.000,0.000
95548,1,1,0,0,0,0,0.000,0.000
95549,6,11,5,0,1,1,0.000,0.000
95550,9,17,8,0,1,1,0.000,0.000
95551,0,0,0,0,0,0,0.000,0.000
95552,13,22,9,0,1,1,0.000,0.000
95553,19,35,16,0,2,2,0.000,0.000
95554,26,42,16,2,5,3,0.000,0.000
95555,2,4,2,0,0,0,0.000,0.000
95556,42,56,14,5,11,6,0.000,0.000
95558,0,1,1,0,0,0,0.000,0.000
95559,21,37,16,0,2,2,0.000,0.000
95560,12,26,14,0,0,0,0.000,0.000
95562,1,3,2,0,0,0,0.000,0.000
95563,52,67,15,9,17,8,0.000,0.000
95564,0,0,0,0,0,0,0.000,0.000
95565,2,6,4,0,0,0,0.000,0.000
95567,0,0,0,0,0,0,0.000,0.000
95568,48,62,14,6,12,6,0.000,0.000
95569,9,18,9,0,1,1,0.000,0.000
95570,0,0,0,0,0,0,0.000,0.000
95571,6,14,8,0,1,1,0.000,0.000
95573,49,63,14,9,16,7,0.000,0.000
95585,8,16,8,0,1,1,0.006,0.017
95587,6,14,8,0,0,0,0.000,0.000
95589,0,1,1,0,0,0,0.000,0.000
95595,36,51,15,4,8,4,0.000,0.000
95601,66,86,20,10,20,10,0.011,0.006
95602,48,68,20,5,11,6,0.022,0.033
95603,56,76,20,7,16,9,0.022,0.033
95604,0,1,1,0,0,0,0.022,0.033
95605,71,90,19,14,25,11,0.017,0.011
95606,69,86,17,14,25,11,0.017,0.011
95607,69,86,17,14,24,10,0.017,0.011
95608,67,87,20,12,23,11,0.022,0.006
95610,72,91,19,15,28,13,0.022,0.006
95612,66,86,20,12,22,10,0.017,0.011
95614,51,71,20,5,13,8,0.022,0.006
95615,61,82,21,10,19,9,0.022,0.006
95616,74,93,19,15,26,11,0.017,0.011
95618,73,93,20,15,26,11,0.017,0.011
95619,57,76,19,7,15,8,0.022,0.006
95620,73,92,19,15,26,11,0.022,0.011
95621,71,90,19,14,26,12,0.022,0.006
95623,62,82,20,9,18,9,0.022,0.006
95624,66,86,20,12,22,10,0.022,0.006
95625,50,71,21,7,14,7,0.022,0.011
95626,69,89,20,13,25,12,0.022,0.006
95627,84,101,17,20,34,14,0.017,0.011
95628,71,90,19,14,26,12,0.022,0.006
95629,55,74,19,5,13,8,0.011,0.006
95630,69,88,19,13,26,13,0.022,0.006
95631,44,62,18,4,10,6,0.022,0.033
95632,63,84,21,11,20,9,0.022,0.006
95633,50,70,20,5,12,7,0.022,0.006
95634,37,56,19,3,8,5,0.022,0.006
95635,48,67,19,5,12,7,0.022,0.006
95636,27,42,15,1,4,3,0.022,0.006
95637,73,90,17,15,26,11,0.017,0.011
95638,66,86,20,12,22,10,0.022,0.006
95639,65,86,21,12,22,10,0.022,0.006
95640,79,97,18,17,31,14,0.011,0.006
95641,54,75,21,9,17,8,0.022,0.006
95642,71,90,19,12,24,12,0.011,0.006
95645,83,101,18,19,33,14,0.017,0.022
95646,0,0,0,0,0,0,0.011,0.006
95648,82,100,18,19,34,15,0.022,0.033
95650,71,90,19,14,27,13,0.022,0.033
95651,56,76,20,7,16,9,0.022,0.006
95652,69,89,20,13,24,11,0.022,0.006
95653,84,102,18,20,34,14,0.017,0.011
95655,65,85,20,11,22,11,0.022,0.006
95658,63,83,20,10,21,11,0.022,0.033
95659,77,95,18,16,29,13,0.017,0.022
95660,69,89,20,13,24,11,0.022,0.006
95661,74,93,19,16,30,14,0.022,0.033
95662,74,92,18,16,29,13,0.022,0.006
95663,69,88,19,13,25,12,0.022,0.033
95664,58,78,20,8,17,9,0.022,0.006
95665,62,82,20,8,18,10,0.011,0.006
95666,38,56,18,2,7,5,0.011,0.006
95667,54,73,19,6,14,8,0.022,0.006
95668,73,92,19,15,27,12,0.017,0.022
95669,70,89,19,12,23,11,0.011,0.006
95670,67,87,20,12,23,11,0.022,0.006
95672,61,81,20,9,18,9,0.022,0.006
95673,69,89,20,13,24,11,0.022,0.006
95674,78,97,19,17,31,14,0.017,0.022
95675,55,75,20,5,13,8,0.011,0.006
95677,78,96,18,18,32,14,0.022,0.033
95678,77,96,19,17,32,15,0.022,0.033
95679,63,80,17,10,19,9,0.017,0.011
95680,60,81,21,10,18,8,0.022,0.006
95681,79,97,18,17,32,15,0.022,0.033
95682,65,84,19,10,20,10,0.022,0.006
95683,71,90,19,14,27,13,0.022,0.006
95684,46,65,19,4,10,6,0.022,0.006
95685,64,84,20,9,19,10,0.011,0.006
95686,62,84,22,10,20,10,0.017,0.006
95687,53,73,20,8,16,8,0.022,0.011
95688,67,86,19,13,22,9,0.022,0.011
95689,47,66,19,4,10,6,0.011,0.006
95690,60,81,21,10,19,9,0.022,0.006
95691,69,89,20,13,25,12,0.017,0.011
95692,77,95,18,16,30,14,0.017,0.039
95693,66,86,20,12,22,10,0.022,0.006
95694,83,101,18,21,34,13,0.017,0.011
95695,83,101,18,19,33,14,0.017,0.011
95697,85,103,18,21,35,14,0.017,0.011
95698,88,105,17,22,37,15,0.017,0.011
95699,72,91,19,12,25,13,0.011,0.006
95701,17,31,14,0,2,2,0.022,0.033
95703,48,68,20,4,11,7,0.022,0.033
95709,44,63,19,3,9,6,0.022,0.006
95713,46,66,20,4,10,6,0.022,0.033
95714,18,33,15,0,2,2,0.022,0.033
95715,3,7,4,0,0,0,0.022,0.033
95717,32,49,17,1,5,4,0.022,0.033
95720,1,4,3,0,0,0,0.022,0.006
95721,0,0,0,0,0,0,0.022,0.006
95722,45,65,20,4,10,6,0.022,0.033
95724,0,0,0,0,0,0,0.011,0.011
95726,32,49,17,2,6,4,0.022,0.006
95728,0,0,0,0,0,0,0.011,0.011
95735,0,0,0,0,0,0,0.022,0.006
95736,45,65,20,4,10,6,0.022,0.033
95742,67,87,20,12,23,11,0.022,0.006
95746,71,90,19,14,27,13,0.022,0.033
95747,75,94,19,16,29,13,0.022,0.033
95757,66,86,20,12,22,10,0.022,0.006
95758,67,87,20,12,23,11,0.022,0.006
95762,67,86,19,11,22,11,0.022,0.006
95765,81,99,18,19,35,16,0.022,0.033
95776,82,100,18,18,32,14,0.017,0.011
95811,70,90,20,13,25,12,0.022,0.006
95814,70,90,20,13,25,12,0.022,0.006
95815,68,88,20,13,24,11,0.022,0.006
95816,69,89,20,13,24,11,0.022,0.006
95817,68,89,21,13,24,11,0.022,0.006
95818,68,88,20,13,24,11,0.022,0.006
95819,69,89,20,13,24,11,0.022,0.006
95820,68,88,20,13,24,11,0.022,0.006
95821,68,88,20,13,24,11,0.022,0.006
95822,67,87,20,12,23,11,0.022,0.006
95823,67,87,20,13,23,10,0.022,0.006
95824,66,87,21,12,23,11,0.022,0.006
95825,68,88,20,13,24,11,0.022,0.006
95826,67,87,20,12,23,11,0.022,0.006
95827,66,86,20,12,22,10,0.022,0.006
95828,67,87,20,12,23,11,0.022,0.006
95829,66,86,20,12,23,11,0.022,0.006
95830,65,85,20,12,22,10,0.022,0.006
95831,67,87,20,13,24,11,0.022,0.006
95832,67,87,20,13,23,10,0.022,0.006
95833,70,90,20,14,25,11,0.022,0.006
95834,71,90,19,14,25,11,0.022,0.006
95835,71,90,19,13,25,12,0.022,0.006
95837,72,92,20,14,26,12,0.022,0.006
95838,68,88,20,13,24,11,0.022,0.006
95841,69,88,19,13,24,11,0.022,0.006
95842,69,89,20,13,25,12,0.022,0.006
95843,70,89,19,13,25,12,0.022,0.006
95864,68,88,20,12,23,11,0.022,0.006
95901,82,99,17,19,34,15,0.017,0.039
95903,70,90,20,13,25,12,0.017,0.039
95910,11,23,12,0,1,1,0.000,0.000
95912,84,101,17,20,34,14,0.011,0.028
95914,60,79,19,9,19,10,0.017,0.050
95915,8,17,9,0,1,1,0.000,0.000
95916,44,63,19,4,10,6,0.017,0.050
95917,84,101,17,19,35,16,0.017,0.050
95918,72,90,18,14,27,13,0.017,0.039
95919,46,66,20,4,10,6,0.017,0.039
95920,86,103,17,21,37,16,0.017,0.039
95922,38,55,17,3,8,5,0.017,0.039
95923,3,8,5,0,0,0,0.000,0.000
95925,42,61,19,3,8,5,0.017,0.039
95926,87,104,17,22,39,17,0.017,0.050
95928,86,103,17,21,38,17,0.017,0.050
95930,18,33,15,0,2,2,0.000,0.000
95932,81,99,18,18,31,13,0.011,0.028
95934,9,19,10,0,0,0,0.000,0.000
95935,51,71,20,5,13,8,0.017,0.039
95936,5,12,7,0,0,0,0.000,0.000
95937,88,105,17,22,37,15,0.017,0.011
95938,88,104,16,22,39,17,0.017,0.050
95939,49,61,12,9,17,8,0.017,0.039
95941,31,49,18,1,5,4,0.017,0.050
95942,29,42,13,2,6,4,0.017,0.050
95943,89,106,17,23,40,17,0.017,0.039
95944,9,19,10,0,1,1,0.000,0.000
95945,31,49,18,1,5,4,0.011,0.011
95946,54,73,19,7,15,8,0.011,0.011
95947,12,24,12,0,1,1,0.000,0.000
95948,83,101,18,19,34,15,0.017,0.050
95949,42,62,20,3,9,6,0.011,0.011
95950,82,100,18,18,32,14,0.011,0.028
95951,90,106,16,24,41,17,0.017,0.039
95953,84,101,17,19,35,16,0.017,0.022
95954,38,57,19,2,7,5,0.017,0.050
95955,87,103,16,22,38,16,0.011,0.028
95956,5,10,5,0,0,0,0.000,0.000
95957,82,99,17,18,32,14,0.017,0.022
95959,24,39,15,1,3,2,0.011,0.011
95960,51,69,18,6,13,7,0.011,0.011
95961,81,99,18,18,33,15,0.017,0.039
95962,61,80,19,8,18,10,0.017,0.039
95963,87,103,16,21,37,16,0.017,0.039
95965,77,94,17,18,32,14,0.017,0.050
95966,77,94,17,17,31,14,0.017,0.050
95968,88,105,17,23,40,17,0.017,0.050
95969,59,79,20,8,18,10,0.017,0.050
95970,87,103,16,22,38,16,0.017,0.039
95971,11,21,10,0,1,1,0.000,0.000
95973,83,99,16,21,36,15,0.017,0.050
95974,85,102,17,20,35,15,0.017,0.050
95975,42,62,20,3,9,6,0.011,0.011
95977,64,83,19,11,22,11,0.011,0.011
95978,11,23,12,0,1,1,0.017,0.050
95979,63,78,15,10,19,9,0.011,0.028
95981,7,15,8,0,0,0,0.017,0.039
95982,83,101,18,19,34,15,0.017,0.022
95983,6,13,7,0,0,0,0.000,0.000
95984,13,25,12,0,1,1,0.000,0.000
95986,8,17,9,0,0,0,0.011,0.011
95987,84,101,17,20,34,14,0.011,0.028
95988,91,108,17,25,41,16,0.017,0.039
95991,86,104,18,22,38,16,0.017,0.022
95993,86,103,17,22,37,15,0.017,0.022
96001,94,107,13,26,43,17,0.000,0.011
96002,93,106,13,26,42,16,0.000,0.011
96003,94,107,13,27,44,17,0.000,0.011
96006,5,12,7,0,0,0,0.000,0.000
96007,88,101,13,21,37,16,0.000,0.011
96008,86,100,14,22,37,15,0.000,0.011
96009,5,12,7,0,0,0,0.000,0.000
96010,27,38,11,3,6,3,0.000,0.000
96011,34,49,15,3,7,4,0.000,0.011
96013,17,30,13,0,1,1,0.000,0.011
96014,6,12,6,0,0,0,0.000,0.000
96015,9,19,10,0,0,0,0.000,0.000
96016,27,44,17,1,3,2,0.000,0.011
96017,37,53,16,3,7,4,0.000,0.011
96019,94,106,12,27,44,17,0.000,0.011
96020,5,13,8,0,0,0,0.000,0.000
96021,91,105,14,26,43,17,0.017,0.061
96022,86,100,14,20,35,15,0.017,0.061
96023,7,16,9,0,1,1,0.000,0.000
96024,26,39,13,2,5,3,0.000,0.000
96025,27,42,15,1,3,2,0.000,0.000
96027,25,36,11,1,3,2,0.000,0.000
96028,18,33,15,0,1,1,0.000,0.011
96029,87,101,14,22,38,16,0.017,0.061
96031,20,29,9,2,4,2,0.000,0.000
96032,27,39,12,1,4,3,0.000,0.000
96033,43,59,16,4,10,6,0.000,0.011
96034,14,22,8,1,2,1,0.000,0.000
96035,93,107,14,26,44,18,0.017,0.061
96037,37,51,14,3,7,4,0.000,0.000
96038,38,52,14,3,7,4,0.000,0.000
96039,35,47,12,4,9,5,0.000,0.000
96040,9,17,8,0,1,1,0.000,0.011
96041,29,43,14,2,6,4,0.000,0.000
96044,33,47,14,2,5,3,0.000,0.000
96046,41,54,13,6,12,6,0.000,0.000
96047,76,90,14,16,29,13,0.000,0.011
96048,46,59,13,6,12,6,0.000,0.000
96049,44,58,14,5,11,6,0.000,0.011
96050,28,40,12,2,5,3,0.000,0.000
96051,66,81,15,10,21,11,0.000,0.011
96052,26,40,14,1,4,3,0.000,0.000
96054,9,20,11,0,0,0,0.000,0.000
96055,89,104,15,24,40,16,0.017,0.061
96056,9,19,10,0,1,1,0.000,0.011
96057,15,27,12,0,1,1,0.000,0.000
96058,6,13,7,0,0,0,0.000,0.000
96059,45,61,16,5,11,6,0.017,0.061
96061,1,4,3,0,0,0,0.017,0.061
96062,87,101,14,21,37,16,0.000,0.011
96063,1,4,3,0,0,0,0.017,0.061
96064,25,38,13,1,4,3,0.000,0.000
96065,28,42,14,2,5,3,0.000,0.011
96067,12,23,11,0,1,1,0.000,0.000
96068,6,14,8,0,0,0,0.000,0.000
96069,57,73,16,10,19,9,0.000,0.011
96071,2,7,5,0,0,0,0.000,0.011
96073,91,104,13,24,40,16,0.000,0.011
96074,58,70,12,13,23,10,0.017,0.061
96075,36,52,16,4,8,4,0.017,0.061
96076,32,45,13,3,7,4,0.000,0.000
96080,88,102,14,22,37,15,0.017,0.061
96084,40,56,16,4,10,6,0.000,0.011
96085,26,38,12,2,4,2,0.000,0.000
96086,28,40,12,2,5,3,0.000,0.000
96087,65,77,12,13,24,11,0.000,0.011
96088,28,41,13,3,6,3,0.000,0.011
96090,94,108,14,27,45,18,0.017,0.061
96091,30,43,13,2,6,4,0.000,0.000
96092,93,108,15,27,44,17,0.017,0.061
96093,46,62,16,5,10,5,0.000,0.000
96094,14,24,10,0,1,1,0.000,0.000
96096,38,51,13,4,10,6,0.000,0.011
96097,34,48,14,2,6,4,0.000,0.000
96101,7,14,7,0,0,0,0.000,0.000
96103,7,16,9,0,0,0,0.000,0.000
96104,11,23,12,0,0,0,0.000,0.000
96105,5,11,6,0,0,0,0.000,0.000
96106,4,10,6,0,0,0,0.000,0.000
96107,2,6,4,0,0,0,0.000,0.000
96108,4,11,7,0,0,0,0.000,0.000
96109,19,33,14,0,1,1,0.000,0.000
96110,6,14,8,0,0,0,0.000,0.000
96111,2,6,4,0,0,0,0.011,0.011
96112,6,14,8,0,0,0,0.000,0.000
96113,28,45,17,0,2,2,0.000,0.000
96114,13,25,12,0,0,0,0.000,0.000
96115,8,19,11,0,0,0,0.000,0.000
96116,4,11,7,0,0,0,0.000,0.000
96117,12,24,12,0,0,0,0.000,0.000
96118,3,7,4,0,0,0,0.000,0.000
96119,2,7,5,0,0,0,0.000,0.000
96120,2,5,3,0,0,0,0.000,0.000
96121,11,22,11,0,0,0,0.000,0.000
96122,2,7,5,0,0,0,0.000,0.000
96123,2,6,4,0,0,0,0.000,0.000
96124,4,11,7,0,0,0,0.000,0.000
96125,0,2,2,0,0,0,0.000,0.000
96126,1,3,2,0,0,0,0.000,0.000
96128,19,34,15,0,1,1,0.000,0.000
96129,6,16,10,0,0,0,0.000,0.000
96130,9,18,9,0,0,0,0.000,0.000
96132,3,8,5,0,0,0,0.000,0.000
96133,14,27,13,0,0,0,0.000,0.000
96134,9,19,10,0,1,1,0.000,0.000
96135,7,16,9,0,0,0,0.000,0.000
96136,21,36,15,0,1,1,0.000,0.000
96137,3,9,6,0,0,0,0.000,0.000
96140,0,1,1,0,0,0,0.022,0.033
96141,0,1,1,0,0,0,0.022,0.033
96142,0,1,1,0,0,0,0.022,0.006
96143,0,1,1,0,0,0,0.022,0.033
96145,0,1,1,0,0,0,0.022,0.033
96146,0,0,0,0,0,0,0.022,0.033
96148,0,1,1,0,0,0,0.022,0.033
96150,0,1,1,0,0,0,0.022,0.006
96155,0,0,0,0,0,0,0.022,0.006
96161,1,3,2,0,0,0,0.011,0.011
97001,18,29,11,1,3,2,0.017,0.017
97002,10,19,9,1,3,2,0.000,0.000
97004,6,13,7,0,2,2,0.000,0.006
97005,10,19,9,1,3,2,0.000,0.006
97006,10,19,9,1,3,2,0.000,0.006
97007,10,18,8,1,2,1,0.000,0.006
97008,10,19,9,1,3,2,0.000,0.006
97009,8,16,8,1,2,1,0.000,0.006
97011,3,7,4,0,0,0,0.000,0.006
97013,11,20,9,1,3,2,0.000,0.006
97014,2,5,3,0,0,0,0.000,0.006
97015,13,23,10,1,4,3,0.000,0.006
97016,3,7,4,0,1,1,0.000,0.006
97017,3,8,5,0,1,1,0.000,0.006
97018,14,24,10,2,4,2,0.000,0.006
97019,6,14,8,1,2,1,0.000,0.006
97020,10,19,9,1,3,2,0.000,0.000
97021,21,31,10,2,5,3,0.017,0.017
97022,8,16,8,1,2,1,0.000,0.006
97023,6,12,6,0,1,1,0.000,0.006
97024,13,23,10,1,4,3,0.000,0.006
97026,11,19,8,1,3,2,0.000,0.000
97027,15,26,11,2,4,2,0.000,0.006
97028,0,1,1,0,0,0,0.000,0.006
97029,17,27,10,1,3,2,0.017,0.011
97030,10,19,9,1,3,2,0.000,0.006
97031,12,22,10,1,3,2,0.006,0.011
97032,10,19,9,1,3,2,0.000,0.000
97033,19,30,11,1,3,2,0.017,0.011
97034,13,23,10,1,3,2,0.000,0.006
97035,11,20,9,1,3,2,0.000,0.006
97037,22,33,11,2,5,3,0.017,0.017
97038,8,15,7,1,2,1,0.000,0.006
97039,14,24,10,1,2,1,0.017,0.011
97040,12,21,9,1,2,1,0.017,0.017
97041,5,10,5,0,1,1,0.006,0.011
97042,9,18,9,1,2,1,0.000,0.006
97045,12,22,10,1,3,2,0.000,0.006
97048,5,10,5,0,1,1,0.000,0.006
97049,1,4,3,0,0,0,0.000,0.006
97050,32,45,13,4,10,6,0.017,0.011
97051,13,23,10,2,4,2,0.000,0.006
97053,13,22,9,1,4,3,0.000,0.006
97054,7,14,7,1,2,1,0.000,0.006
97055,5,11,6,0,1,1,0.000,0.006
97056,10,18,8,1,3,2,0.000,0.006
97057,10,19,9,0,1,1,0.017,0.017
97058,27,39,12,3,8,5,0.017,0.017
97060,11,22,11,1,3,2,0.000,0.006
97062,10,19,9,1,3,2,0.000,0.006
97063,23,34,11,2,6,4,0.017,0.017
97064,3,7,4,0,1,1,0.000,0.006
97065,21,33,12,2,5,3,0.017,0.011
97067,1,4,3,0,0,0,0.000,0.006
97068,14,25,11,1,4,3,0.000,0.006
97070,11,20,9,1,3,2,0.000,0.006
97071,10,19,9,1,3,2,0.000,0.000
97080,9,17,8,1,2,1,0.000,0.006
97086,11,21,10,1,3,2,0.000,0.006
97089,10,20,10,1,3,2,0.000,0.006
97101,11,20,9,1,3,2,0.000,0.000
97102,0,0,0,0,0,0,0.000,0.000
97103,1,2,1,0,0,0,0.000,0.000
97106,9,16,7,1,2,1,0.000,0.006
97107,0,0,0,0,0,0,0.000,0.000
97108,1,2,1,0,0,0,0.000,0.000
97109,5,11,6,0,1,1,0.000,0.006
97110,0,0,0,0,0,0,0.000,0.000
97111,12,22,10,1,3,2,0.000,0.000
97112,0,0,0,0,0,0,0.000,0.000
97113,12,20,8,1,3,2,0.000,0.006
97114,13,23,10,1,3,2,0.000,0.000
97115,12,21,9,1,3,2,0.000,0.000
97116,13,22,9,1,3,2,0.000,0.006
97117,7,13,6,1,2,1,0.000,0.006
97118,0,0,0,0,0,0,0.000,0.000
97119,9,16,7,1,2,1,0.000,0.006
97121,0,0,0,0,0,0,0.000,0.000
97122,0,1,1,0,0,0,0.000,0.000
97123,11,19,8,1,3,2,0.000,0.006
97124,11,20,9,1,3,2,0.000,0.006
97125,7,14,7,1,2,1,0.000,0.006
97127,13,23,10,1,3,2,0.000,0.000
97128,13,23,10,1,3,2,0.000,0.000
97130,0,1,1,0,0,0,0.000,0.000
97131,0,1,1,0,0,0,0.000,0.000
97132,10,19,9,1,3,2,0.000,0.000
97133,9,16,7,1,2,1,0.000,0.006
97134,0,0,0,0,0,0,0.000,0.000
97135,0,0,0,0,0,0,0.000,0.000
97136,0,0,0,0,0,0,0.000,0.000
97137,12,20,8,1,3,2,0.000,0.000
97138,0,1,1,0,0,0,0.000,0.000
97140,10,18,8,1,3,2,0.000,0.006
97141,0,1,1,0,0,0,0.000,0.000
97144,4,8,4,0,1,1,0.000,0.006
97145,0,0,0,0,0,0,0.000,0.000
97146,0,0,0,0,0,0,0.000,0.000
97147,0,1,1,0,0,0,0.000,0.000
97148,10,18,8,1,3,2,0.000,0.000
97149,0,1,1,0,0,0,0.000,0.000
97201,10,19,9,1,3,2,0.000,0.006
97202,11,21,10,1,3,2,0.000,0.006
97203,10,19,9,1,3,2,0.000,0.006
97204,11,20,9,1,3,2,0.000,0.006
97205,9,18,9,1,2,1,0.000,0.006
97206,11,20,9,1,3,2,0.000,0.006
97208,10,19,9,1,3,2,0.000,0.006
97209,10,19,9,1,3,2,0.000,0.006
97210,10,18,8,1,3,2,0.000,0.006
97211,10,19,9,1,3,2,0.000,0.006
97212,10,19,9,1,3,2,0.000,0.006
97213,10,19,9,1,3,2,0.000,0.006
97214,11,20,9,1,3,2,0.000,0.006
97215,10,20,10,1,3,2,0.000,0.006
97216,10,20,10,1,3,2,0.000,0.006
97217,10,19,9,1,3,2,0.000,0.006
97218,10,19,9,1,3,2,0.000,0.006
97219,10,19,9,1,3,2,0.000,0.006
97220,10,19,9,1,3,2,0.000,0.006
97221,9,17,8,1,2,1,0.000,0.006
97222,13,24,11,1,4,3,0.000,0.006
97223,10,18,8,1,3,2,0.000,0.006
97224,11,19,8,1,3,2,0.000,0.006
97225,9,18,9,1,2,1,0.000,0.006
97227,10,19,9,1,3,2,0.000,0.006
97229,9,16,7,1,2,1,0.000,0.006
97230,11,21,10,1,3,2,0.000,0.006
97231,9,16,7,1,2,1,0.000,0.006
97232,10,19,9,1,3,2,0.000,0.006
97233,10,19,9,1,3,2,0.000,0.006
97236,10,19,9,1,3,2,0.000,0.006
97239,10,19,9,1,3,2,0.000,0.006
97266,10,19,9,1,3,2,0.000,0.006
97267,15,26,11,2,4,2,0.000,0.006
97301,11,20,9,1,3,2,0.000,0.000
97302,9,18,9,1,2,1,0.000,0.000
97303,12,21,9,1,3,2,0.000,0.000
97304,11,20,9,1,3,2,0.000,0.000
97305,11,20,9,1,3,2,0.000,0.000
97306,8,16,8,1,2,1,0.000,0.000
97317,9,17,8,1,2,1,0.000,0.000
97321,11,20,9,1,2,1,0.000,0.006
97322,11,20,9,1,2,1,0.000,0.006
97324,7,14,7,0,2,2,0.000,0.006
97325,9,18,9,1,2,1,0.000,0.000
97326,5,10,5,0,1,1,0.000,0.006
97327,10,19,9,1,2,1,0.000,0.006
97329,8,17,9,1,2,1,0.000,0.006
97330,10,18,8,1,2,1,0.000,0.006
97331,9,17,8,1,2,1,0.000,0.006
97333,9,18,9,1,2,1,0.000,0.006
97338,11,21,10,1,3,2,0.000,0.000
97341,0,0,0,0,0,0,0.000,0.006
97342,7,15,8,0,2,2,0.000,0.000
97343,2,6,4,0,1,1,0.000,0.006
97344,8,16,8,1,2,1,0.000,0.000
97345,9,18,9,1,2,1,0.000,0.006
97346,3,7,4,0,0,0,0.000,0.000
97347,5,10,5,0,1,1,0.000,0.000
97348,11,20,9,1,2,1,0.000,0.006
97350,7,14,7,0,1,1,0.000,0.000
97351,12,21,9,1,3,2,0.000,0.000
97352,11,19,8,1,2,1,0.000,0.000
97355,10,19,9,1,2,1,0.000,0.006
97357,1,3,2,0,0,0,0.000,0.006
97358,4,9,5,0,1,1,0.000,0.006
97360,4,9,5,0,1,1,0.000,0.006
97361,11,19,8,1,2,1,0.000,0.000
97362,9,17,8,1,2,1,0.000,0.000
97364,0,0,0,0,0,0,0.000,0.006
97365,0,0,0,0,0,0,0.000,0.006
97366,0,0,0,0,0,0,0.000,0.006
97367,0,0,0,0,0,0,0.000,0.006
97368,0,1,1,0,0,0,0.000,0.006
97369,0,0,0,0,0,0,0.000,0.006
97370,8,15,7,0,2,2,0.000,0.006
97371,12,21,9,1,3,2,0.000,0.000
97373,8,16,8,1,2,1,0.000,0.000
97374,9,17,8,1,2,1,0.000,0.006
97375,3,8,5,0,1,1,0.000,0.000
97376,0,0,0,0,0,0,0.000,0.006
97377,10,19,9,1,2,1,0.000,0.006
97378,11,20,9,1,3,2,0.000,0.000
97380,0,0,0,0,0,0,0.000,0.006
97381,5,12,7,0,1,1,0.000,0.000
97383,8,15,7,0,1,1,0.000,0.000
97384,6,13,7,0,1,1,0.000,0.000
97385,7,14,7,0,1,1,0.000,0.000
97386,9,18,9,0,2,2,0.000,0.006
97388,0,0,0,0,0,0,0.000,0.006
97389,11,20,9,1,2,1,0.000,0.006
97390,1,4,3,0,0,0,0.000,0.006
97391,0,0,0,0,0,0,0.000,0.006
97392,10,18,8,1,2,1,0.000,0.000
97394,0,0,0,0,0,0,0.000,0.006
97396,10,19,9,1,2,1,0.000,0.000
97401,13,23,10,1,3,2,0.006,0.006
97402,12,23,11,1,3,2,0.006,0.006
97403,12,22,10,1,2,1,0.006,0.006
97404,13,24,11,1,3,2,0.006,0.006
97405,10,20,10,1,2,1,0.006,0.006
97406,14,23,9,1,2,1,0.000,0.000
97408,13,24,11,1,3,2,0.006,0.006
97410,10,18,8,0,2,2,0.000,0.006
97411,0,0,0,0,0,0,0.000,0.000
97412,11,20,9,1,3,2,0.006,0.006
97413,16,27,11,1,4,3,0.006,0.006
97414,0,2,2,0,0,0,0.000,0.000
97415,0,1,1,0,0,0,0.000,0.000
97416,4,9,5,0,1,1,0.000,0.006
97417,28,42,14,3,7,4,0.000,0.006
97419,10,20,10,1,2,1,0.006,0.006
97420,0,0,0,0,0,0,0.000,0.000
97423,0,1,1,0,0,0,0.000,0.000
97424,9,18,9,0,2,2,0.006,0.006
97426,10,20,10,1,2,1,0.006,0.006
97429,25,38,13,2,5,3,0.000,0.006
97430,10,19,9,1,2,1,0.006,0.006
97431,7,14,7,0,1,1,0.006,0.006
97434,7,15,8,0,1,1,0.006,0.006
97435,13,24,11,1,3,2,0.000,0.006
97436,13,24,11,1,3,2,0.000,0.006
97437,13,23,10,1,3,2,0.006,0.006
97438,8,17,9,0,2,2,0.006,0.006
97439,0,0,0,0,0,0,0.006,0.006
97441,0,0,0,0,0,0,0.000,0.006
97442,18,30,12,1,4,3,0.000,0.006
97443,13,23,10,1,2,1,0.000,0.006
97444,0,1,1,0,0,0,0.000,0.000
97446,11,21,10,1,2,1,0.000,0.006
97447,11,21,10,1,2,1,0.000,0.006
97448,12,22,10,1,3,2,0.006,0.006
97449,1,2,1,0,0,0,0.000,0.000
97450,0,0,0,0,0,0,0.000,0.000
97451,10,19,9,1,2,1,0.006,0.006
97452,7,14,7,0,1,1,0.006,0.006
97453,3,6,3,0,1,1,0.006,0.006
97454,10,19,9,1,2,1,0.006,0.006
97455,8,16,8,0,1,1,0.006,0.006
97456,10,19,9,1,2,1,0.000,0.006
97457,21,34,13,2,5,3,0.000,0.006
97458,1,4,3,0,0,0,0.000,0.000
97459,0,0,0,0,0,0,0.000,0.000
97461,12,22,10,1,3,2,0.006,0.006
97462,12,23,11,1,3,2,0.000,0.006
97463,10,19,9,0,2,2,0.006,0.006
97465,0,0,0,0,0,0,0.000,0.000
97466,1,5,4,0,0,0,0.000,0.000
97467,1,2,1,0,0,0,0.000,0.006
97469,20,32,12,1,4,3,0.000,0.006
97470,17,29,12,1,4,3,0.000,0.006
97471,19,31,12,2,4,2,0.000,0.006
97473,5,10,5,0,1,1,0.000,0.006
97476,0,0,0,0,0,0,0.000,0.000
97477,12,22,10,1,2,1,0.006,0.006
97478,9,18,9,1,2,1,0.006,0.006
97479,13,23,10,1,3,2,0.000,0.006
97480,8,16,8,1,2,1,0.006,0.006
97481,15,26,11,1,3,2,0.000,0.006
97484,21,33,12,1,4,3,0.000,0.006
97486,12,22,10,1,3,2,0.000,0.006
97487,12,23,11,1,3,2,0.006,0.006
97488,18,31,13,1,4,3,0.006,0.006
97489,16,28,12,1,4,3,0.006,0.006
97490,10,20,10,1,2,1,0.006,0.006
97492,9,19,10,0,2,2,0.006,0.006
97493,0,0,0,0,0,0,0.006,0.006
97494,13,24,11,1,3,2,0.000,0.006
97495,15,27,12,1,3,2,0.000,0.006
97496,18,29,11,1,4,3,0.000,0.006
97497,15,25,10,1,3,2,0.000,0.022
97498,0,0,0,0,0,0,0.000,0.006
97499,10,19,9,1,2,1,0.000,0.006
97501,34,47,13,3,8,5,0.000,0.000
97502,41,55,14,5,11,6,0.000,0.000
97503,40,54,14,5,10,5,0.000,0.000
97504,33,46,13,3,7,4,0.000,0.000
97520,17,28,11,1,2,1,0.000,0.000
97522,10,19,9,0,1,1,0.000,0.000
97523,35,48,13,4,9,5,0.000,0.022
97524,38,52,14,5,10,5,0.000,0.000
97525,32,45,13,3,7,4,0.000,0.000
97526,35,48,13,4,9,5,0.000,0.022
97527,35,48,13,4,9,5,0.000,0.022
97530,21,32,11,1,4,3,0.000,0.000
97531,42,56,14,6,13,7,0.000,0.022
97532,38,51,13,5,10,5,0.000,0.022
97534,28,41,13,3,7,4,0.000,0.022
97535,31,45,14,3,6,3,0.000,0.000
97536,13,23,10,1,2,1,0.000,0.000
97537,31,44,13,3,7,4,0.000,0.000
97538,32,45,13,4,9,5,0.000,0.022
97539,34,47,13,3,8,5,0.000,0.000
97540,24,36,12,2,5,3,0.000,0.000
97541,24,36,12,2,5,3,0.000,0.000
97543,37,50,13,5,10,5,0.000,0.022
97544,20,32,12,1,4,3,0.000,0.022
97601,9,18,9,0,1,1,0.000,0.000
97603,8,17,9,0,1,1,0.000,0.000
97604,0,2,2,0,0,0,0.000,0.000
97620,6,13,7,0,0,0,0.000,0.000
97621,11,22,11,0,1,1,0.000,0.000
97622,7,16,9,0,1,1,0.000,0.000
97623,8,18,10,0,1,1,0.000,0.000
97624,9,19,10,0,1,1,0.000,0.000
97625,11,22,11,0,1,1,0.000,0.000
97626,6,13,7,0,1,1,0.000,0.000
97627,7,15,8,0,0,0,0.000,0.000
97630,3,9,6,0,0,0,0.000,0.000
97632,9,19,10,0,1,1,0.000,0.000
97633,10,20,11,0,1,1,0.000,0.000
97634,9,19,10,0,1,1,0.000,0.000
97635,2,6,4,0,0,0,0.000,0.000
97636,9,19,10,0,0,0,0.000,0.000
97637,6,14,8,0,0,0,0.000,0.000
97638,8,18,10,0,1,1,0.000,0.000
97639,13,25,12,0,1,1,0.000,0.000
97640,9,16,7,0,1,1,0.000,0.000
97641,11,22,11,0,1,1,0.000,0.000
97701,9,18,9,0,1,1,0.000,0.000
97702,8,16,8,0,1,1,0.000,0.000
97707,8,17,9,0,1,1,0.000,0.000
97710,14,25,11,0,1,1,0.000,0.006
97711,11,20,9,0,1,1,0.017,0.011
97712,7,16,9,0,0,0,0.000,0.000
97720,11,22,11,0,1,1,0.000,0.006
97721,12,24,12,0,1,1,0.000,0.006
97722,6,13,7,0,0,0,0.000,0.006
97730,6,12,6,0,1,1,0.017,0.011
97731,6,13,7,0,1,1,0.000,0.006
97732,12,24,12,0,1,1,0.000,0.006
97733,3,7,4,0,0,0,0.000,0.000
97734,16,26,10,1,2,1,0.017,0.011
97735,10,20,10,0,1,1,0.000,0.000
97736,11,22,11,0,0,0,0.000,0.006
97737,4,10,6,0,0,0,0.000,0.000
97738,11,22,11,0,0,0,0.000,0.006
97739,6,14,8,0,0,0,0.000,0.000
97741,21,32,11,1,3,2,0.017,0.011
97750,12,21,9,1,2,1,0.000,0.000
97751,13,23,10,0,1,1,0.000,0.000
97752,11,21,10,0,1,1,0.000,0.000
97753,9,18,9,0,1,1,0.000,0.000
97754,13,23,10,0,1,1,0.000,0.000
97756,14,24,10,0,1,1,0.000,0.000
97758,9,20,11,0,0,0,0.000,0.006
97759,14,24,10,0,2,2,0.000,0.000
97760,16,27,11,1,2,1,0.017,0.011
97761,33,45,12,4,10,6,0.017,0.011
97801,28,41,13,3,7,4,0.000,0.006
97810,19,30,11,1,4,3,0.000,0.006
97812,30,43,13,4,9,5,0.000,0.006
97813,22,34,12,1,4,3,0.000,0.006
97814,12,23,11,0,1,1,0.000,0.000
97817,6,13,7,0,0,0,0.000,0.006
97818,38,52,14,6,14,8,0.000,0.006
97819,7,16,9,0,0,0,0.000,0.000
97820,5,12,7,0,0,0,0.000,0.006
97823,12,21,9,0,1,1,0.000,0.006
97824,9,18,9,0,1,1,0.000,0.000
97825,19,30,11,0,2,2,0.000,0.006
97826,34,48,14,5,11,6,0.000,0.006
97827,17,29,12,1,2,1,0.000,0.000
97828,6,12,6,0,0,0,0.000,0.000
97830,14,23,9,1,2,1,0.000,0.000
97833,10,20,10,0,1,1,0.000,0.000
97834,23,36,13,1,4,3,0.000,0.000
97835,24,37,13,2,5,3,0.000,0.006
97836,9,17,8,0,1,1,0.000,0.006
97837,8,17,9,0,0,0,0.000,0.000
97838,34,48,14,4,10,6,0.000,0.006
97839,26,38,12,2,6,4,0.000,0.006
97840,31,44,13,2,6,4,0.000,0.000
97841,17,29,12,1,2,1,0.000,0.000
97842,8,14,6,0,1,1,0.000,0.000
97843,25,38,13,2,6,4,0.000,0.006
97844,36,50,14,6,13,7,0.000,0.006
97845,15,26,11,0,1,1,0.000,0.006
97846,2,4,2,0,0,0,0.000,0.000
97848,19,30,11,1,3,2,0.000,0.006
97850,17,28,11,1,2,1,0.000,0.000
97856,7,15,8,0,0,0,0.000,0.006
97857,6,14,8,0,0,0,0.000,0.000
97859,2,6,4,0,0,0,0.000,0.006
97862,28,41,13,3,7,4,0.000,0.006
97864,21,33,12,1,3,2,0.000,0.006
97865,17,28,11,0,2,2,0.000,0.006
97867,11,22,11,0,1,1,0.000,0.000
97868,18,28,10,1,3,2,0.000,0.006
97869,8,18,10,0,0,0,0.000,0.006
97870,35,48,13,3,7,4,0.000,0.000
97873,3,9,6,0,0,0,0.000,0.006
97874,25,36,11,2,5,3,0.000,0.000
97875,36,50,14,5,12,7,0.000,0.006
97876,17,29,12,1,2,1,0.000,0.000
97877,2,6,4,0,0,0,0.000,0.000
97880,4,10,6,0,0,0,0.000,0.006
97882,36,49,13,5,12,7,0.000,0.006
97883,11,22,11,0,1,1,0.000,0.000
97884,11,22,11,0,1,1,0.000,0.000
97885,14,26,12,0,1,1,0.000,0.000
97886,7,14,7,0,1,1,0.000,0.006
97901,50,63,13,4,13,9,0.000,0.006
97903,31,44,13,2,6,4,0.000,0.006
97904,15,27,12,0,1,1,0.000,0.006
97905,14,24,10,0,1,1,0.000,0.000
97906,29,42,13,2,5,3,0.000,0.006
97907,32,45,13,2,7,5,0.000,0.000
97908,11,21,10,0,1,1,0.000,0.006
97909,37,51,14,3,8,5,0.000,0.006
97910,14,26,11,0,1,0,0.000,0.006
97911,22,35,13,1,2,1,0.000,0.006
97913,46,58,13,4,11,7,0.000,0.006
97914,51,63,12,6,15,9,0.000,0.006
97918,47,60,13,5,13,8,0.000,0.006
97920,20,31,11,1,3,2,0.000,0.006
98001,4,9,5,0,1,1,0.000,0.000
98002,4,9,5,0,1,1,0.000,0.000
98003,3,8,5,0,1,1,0.000,0.000
98004,3,8,5,0,1,1,0.000,0.000
98005,3,7,4,0,1,1,0.000,0.000
98006,2,6,4,0,0,0,0.000,0.000
98007,3,8,5,0,1,1,0.000,0.000
98008,3,8,5,0,1,1,0.000,0.000
98010,3,8,5,0,1,1,0.000,0.000
98011,2,7,5,0,1,1,0.000,0.000
98012,1,5,4,0,0,0,0.011,0.000
98014,4,9,5,0,1,1,0.000,0.000
98019,4,9,5,0,1,1,0.000,0.000
98020,2,6,4,0,0,0,0.011,0.000
98021,2,6,4,0,0,0,0.011,0.000
98022,2,6,4,0,0,0,0.000,0.000
98023,3,8,5,0,1,1,0.000,0.000
98024,3,7,4,0,1,1,0.000,0.000
98026,1,4,3,0,0,0,0.011,0.000
98027,2,6,4,0,0,0,0.000,0.000
98028,2,7,5,0,1,1,0.000,0.000
98029,2,5,3,0,0,0,0.000,0.000
98030,3,8,5,0,1,1,0.000,0.000
98031,3,8,5,0,1,1,0.000,0.000
98032,4,10,6,0,1,1,0.000,0.000
98033,3,7,4,0,1,1,0.000,0.000
98034,2,7,5,0,1,1,0.000,0.000
98036,2,5,3,0,0,0,0.011,0.000
98037,1,4,3,0,0,0,0.011,0.000
98038,3,7,4,0,1,1,0.000,0.000
98039,3,7,4,0,1,1,0.000,0.000
98040,3,8,5,0,1,1,0.000,0.000
98042,3,8,5,0,1,1,0.000,0.000
98043,2,5,3,0,0,0,0.011,0.000
98045,1,4,3,0,0,0,0.000,0.000
98047,4,10,6,0,1,1,0.000,0.000
98050,2,5,3,0,0,0,0.000,0.000
98051,1,4,3,0,0,0,0.000,0.000
98052,3,8,5,0,1,1,0.000,0.000
98053,3,8,5,0,1,1,0.000,0.000
98055,3,8,5,0,1,1,0.000,0.000
98056,3,8,5,0,1,1,0.000,0.000
98057,4,9,5,0,1,1,0.000,0.000
98058,3,7,4,0,1,1,0.000,0.000
98059,3,7,4,0,1,1,0.000,0.000
98065,2,5,3,0,0,0,0.000,0.000
98068,0,1,1,0,0,0,0.000,0.000
98070,3,7,4,0,1,1,0.000,0.000
98072,2,7,5,0,0,0,0.000,0.000
98074,3,8,5,0,1,1,0.000,0.000
98075,3,7,4,0,1,1,0.000,0.000
98077,3,7,4,0,1,1,0.000,0.000
98087,1,3,2,0,0,0,0.011,0.000
98092,4,9,5,0,1,1,0.000,0.000
98101,2,6,4,0,0,0,0.000,0.000
98102,2,6,4,0,0,0,0.000,0.000
98103,2,6,4,0,1,1,0.000,0.000
98104,2,7,5,0,1,1,0.000,0.000
98105,2,7,5,0,1,1,0.000,0.000
98106,3,7,4,0,1,1,0.000,0.000
98107,2,6,4,0,0,0,0.000,0.000
98108,3,7,4,0,1,1,0.000,0.000
98109,2,6,4,0,0,0,0.000,0.000
98110,2,6,4,0,1,1,0.000,0.000
98112,2,6,4,0,1,1,0.000,0.000
98115,2,7,5,0,1,1,0.000,0.000
98116,2,6,4,0,1,1,0.000,0.000
98117,2,6,4,0,0,0,0.000,0.000
98118,3,8,5,0,1,1,0.000,0.000
98119,2,6,4,0,0,0,0.000,0.000
98121,2,6,4,0,0,0,0.000,0.000
98122,2,7,5,0,1,1,0.000,0.000
98125,2,6,4,0,1,1,0.000,0.000
98126,2,7,5,0,1,1,0.000,0.000
98133,2,6,4,0,1,1,0.000,0.000
98134,2,7,5,0,1,1,0.000,0.000
98136,2,7,5,0,1,1,0.000,0.000
98144,2,7,5,0,1,1,0.000,0.000
98146,3,7,4,0,1,1,0.000,0.000
98148,3,7,4,0,1,1,0.000,0.000
98154,2,7,5,0,1,1,0.000,0.000
98155,2,7,5,0,1,1,0.000,0.000
98158,4,10,6,0,1,1,0.000,0.000
98164,2,7,5,0,1,1,0.000,0.000
98166,3,7,4,0,1,1,0.000,0.000
98168,3,7,4,0,1,1,0.000,0.000
98174,2,7,5,0,1,1,0.000,0.000
98177,2,6,4,0,1,1,0.000,0.000
98178,3,9,6,0,1,1,0.000,0.000
98188,4,9,5,0,1,1,0.000,0.000
98198,4,9,5,0,1,1,0.000,0.000
98199,2,6,4,0,1,1,0.000,0.000
98201,1,5,4,0,0,0,0.011,0.000
98203,1,3,2,0,0,0,0.011,0.000
98204,1,3,2,0,0,0,0.011,0.000
98205,1,5,4,0,0,0,,
98207,1,5,4,0,0,0,0.011,0.000
98208,1,3,2,0,0,0,0.011,0.000
98220,1,4,3,0,0,0,0.000,0.000
98221,0,0,0,0,0,0,0.000,0.000
98222,0,0,0,0,0,0,0.000,0.000
98223,1,4,3,0,0,0,0.011,0.000
98224,1,2,1,0,0,0,0.000,0.000
98225,1,2,1,0,0,0,0.000,0.000
98226,1,3,2,0,0,0,0.000,0.000
98229,1,2,1,0,0,0,0.000,0.000
98230,0,1,1,0,0,0,0.000,0.000
98232,0,1,1,0,0,0,0.000,0.000
98233,0,1,1,0,0,0,0.000,0.000
98235,0,1,1,0,0,0,0.000,0.000
98236,1,4,3,0,0,0,0.000,0.000
98237,2,7,5,0,0,0,0.000,0.000
98238,0,0,0,0,0,0,0.000,0.000
98239,0,0,0,0,0,0,0.000,0.000
98240,0,1,1,0,0,0,0.000,0.000
98241,3,6,3,0,1,1,0.011,0.000
98243,0,0,0,0,0,0,0.000,0.000
98244,1,3,2,0,0,0,0.000,0.000
98245,0,0,0,0,0,0,0.000,0.000
98247,2,6,4,0,0,0,0.000,0.000
98248,0,1,1,0,0,0,0.000,0.000
98249,1,2,1,0,0,0,0.000,0.000
98250,0,0,0,0,0,0,0.000,0.000
98251,1,4,3,0,0,0,0.011,0.000
98252,2,5,3,0,0,0,0.011,0.000
98253,0,1,1,0,0,0,0.000,0.000
98255,0,1,1,0,0,0,0.000,0.000
98256,1,3,2,0,0,0,0.011,0.000
98257,0,0,0,0,0,0,0.000,0.000
98258,1,5,4,0,0,0,0.011,0.000
98260,1,3,2,0,0,0,0.000,0.000
98261,0,0,0,0,0,0,0.000,0.000
98262,0,0,0,0,0,0,0.000,0.000
98263,1,3,2,0,0,0,0.000,0.000
98264,2,5,3,0,0,0,0.000,0.000
98266,3,7,4,0,0,0,0.000,0.000
98267,2,4,2,0,0,0,0.000,0.000
98270,1,4,3,0,0,0,0.011,0.000
98271,1,3,2,0,0,0,0.011,0.000
98272,3,9,6,0,1,1,0.011,0.000
98273,0,0,0,0,0,0,0.000,0.000
98274,0,1,1,0,0,0,0.000,0.000
98275,1,2,1,0,0,0,0.011,0.000
98276,3,7,4,0,0,0,0.000,0.000
98277,0,0,0,0,0,0,0.000,0.000
98278,0,0,0,0,0,0,0.000,0.000
98279,0,0,0,0,0,0,0.000,0.000
98280,0,0,0,0,0,0,0.000,0.000
98281,0,0,0,0,0,0,0.000,0.000
98282,0,1,1,0,0,0,0.000,0.000
98283,3,6,3,0,0,0,0.000,0.000
98284,1,2,1,0,0,0,0.000,0.000
98286,0,0,0,0,0,0,0.000,0.000
98288,0,1,1,0,0,0,0.000,0.000
98290,2,7,5,0,0,0,0.011,0.000
98292,0,1,1,0,0,0,0.011,0.000
98294,4,9,5,0,1,1,0.011,0.000
98295,3,7,4,0,0,0,0.000,0.000
98296,2,6,4,0,0,0,0.011,0.000
98297,0,0,0,0,0,0,0.000,0.000
98303,4,9,5,0,1,1,0.000,0.000
98304,1,3,2,0,0,0,0.000,0.011
98305,1,3,2,0,0,0,0.000,0.000
98310,2,6,4,0,1,1,0.000,0.000
98311,2,6,4,0,1,1,0.000,0.000
98312,2,6,4,0,1,1,0.000,0.000
98314,2,6,4,0,1,1,0.000,0.000
98315,2,6,4,0,0,0,0.000,0.000
98320,3,8,5,0,1,1,0.000,0.000
98321,3,7,4,0,1,1,0.000,0.000
98323,0,1,1,0,0,0,0.000,0.000
98325,1,3,2,0,0,0,0.000,0.000
98326,1,2,1,0,0,0,0.000,0.000
98327,3,7,4,0,1,1,0.000,0.000
98328,5,10,5,0,1,1,0.000,0.000
98329,3,8,5,0,1,1,0.000,0.000
98330,2,4,2,0,0,0,0.000,0.000
98331,0,1,1,0,0,0,0.000,0.000
98332,3,7,4,0,1,1,0.000,0.000
98333,4,8,4,0,1,1,0.000,0.000
98335,3,7,4,0,1,1,0.000,0.000
98336,3,8,5,0,0,0,0.000,0.011
98337,2,6,4,0,1,1,0.000,0.000
98338,3,8,5,0,1,1,0.000,0.000
98339,0,1,1,0,0,0,0.000,0.000
98340,1,3,2,0,0,0,0.000,0.000
98342,3,7,4,0,1,1,0.000,0.000
98345,2,7,5,0,1,1,0.000,0.000
98346,2,6,4,0,0,0,0.000,0.000
98349,3,8,5,0,1,1,0.000,0.000
98350,0,0,0,0,0,0,0.000,0.000
98351,4,9,5,0,1,1,0.000,0.000
98353,2,6,4,0,1,1,0.000,0.000
98354,4,10,6,0,1,1,0.000,0.000
98355,1,3,2,0,0,0,0.000,0.011
98356,2,6,4,0,0,0,0.000,0.011
98357,0,0,0,0,0,0,0.000,0.000
98358,0,1,1,0,0,0,0.000,0.000
98359,2,6,4,0,1,1,0.000,0.000
98360,3,7,4,0,1,1,0.000,0.000
98361,3,7,4,0,0,0,0.000,0.011
98362,1,2,1,0,0,0,0.000,0.000
98363,1,2,1,0,0,0,0.000,0.000
98364,2,5,3,0,0,0,0.000,0.000
98365,1,4,3,0,0,0,0.000,0.000
98366,2,6,4,0,1,1,0.000,0.000
98367,2,6,4,0,0,0,0.000,0.000
98368,0,1,1,0,0,0,0.000,0.000
98370,2,6,4,0,0,0,0.000,0.000
98371,4,10,6,0,1,1,0.000,0.000
98372,4,10,6,0,1,1,0.000,0.000
98373,3,8,5,0,1,1,0.000,0.000
98374,4,9,5,0,1,1,0.000,0.000
98375,3,8,5,0,1,1,0.000,0.000
98376,2,6,4,0,0,0,0.000,0.000
98377,4,8,4,0,1,1,0.000,0.011
98380,3,7,4,0,1,1,0.000,0.000
98381,0,1,1,0,0,0,0.000,0.000
98382,0,1,1,0,0,0,0.000,0.000
98383,2,6,4,0,1,1,0.000,0.000
98385,3,7,4,0,0,0,0.000,0.000
98387,3,8,5,0,1,1,0.000,0.000
98388,3,7,4,0,1,1,0.000,0.000
98390,5,10,5,0,1,1,0.000,0.000
98391,3,8,5,0,1,1,0.000,0.000
98392,2,7,5,0,1,1,0.000,0.000
98394,3,7,4,0,1,1,0.000,0.000
98396,1,3,2,0,0,0,0.000,0.000
98402,3,8,5,0,1,1,0.000,0.000
98403,3,8,5,0,1,1,0.000,0.000
98404,3,8,5,0,1,1,0.000,0.000
98405,3,8,5,0,1,1,0.000,0.000
98406,3,7,4,0,1,1,0.000,0.000
98407,3,8,5,0,1,1,0.000,0.000
98408,3,7,4,0,1,1,0.000,0.000
98409,3,7,4,0,1,1,0.000,0.000
98416,3,8,5,0,1,1,0.000,0.000
98418,3,7,4,0,1,1,0.000,0.000
98421,4,9,5,0,1,1,0.000,0.000
98422,4,8,4,0,1,1,0.000,0.000
98424,5,11,6,0,1,1,0.000,0.000
98430,3,7,4,0,1,1,0.000,0.000
98433,3,7,4,0,1,1,0.000,0.000
98439,3,7,4,0,1,1,0.000,0.000
98443,4,10,6,0,1,1,0.000,0.000
98444,3,7,4,0,1,1,0.000,0.000
98445,3,8,5,0,1,1,0.000,0.000
98446,3,8,5,0,1,1,0.000,0.000
98447,3,7,4,0,1,1,0.000,0.000
98465,3,7,4,0,1,1,0.000,0.000
98466,3,7,4,0,1,1,0.000,0.000
98467,3,7,4,0,1,1,0.000,0.000
98498,3,7,4,0,1,1,0.000,0.000
98499,3,7,4,0,1,1,0.000,0.000
98501,5,10,5,0,1,1,0.000,0.006
98502,5,11,6,0,1,1,0.000,0.006
98503,5,10,5,0,1,1,0.000,0.006
98506,5,11,6,0,1,1,0.000,0.006
98512,5,10,5,0,1,1,0.000,0.006
98513,4,9,5,0,1,1,0.000,0.006
98516,4,10,6,0,1,1,0.000,0.006
98520,0,0,0,0,0,0,0.000,0.000
98524,3,8,5,0,1,1,0.000,0.000
98526,2,5,3,0,0,0,0.000,0.000
98527,0,1,1,0,0,0,0.000,0.011
98528,3,7,4,0,1,1,0.000,0.000
98530,6,11,5,1,1,0,0.000,0.006
98531,7,13,6,1,2,1,0.000,0.011
98532,7,14,7,1,2,1,0.000,0.011
98533,4,8,4,0,1,1,0.000,0.011
98535,0,0,0,0,0,0,0.000,0.000
98536,0,1,1,0,0,0,0.000,0.000
98537,1,2,1,0,0,0,0.000,0.000
98538,5,10,5,0,1,1,0.000,0.011
98541,5,10,5,0,1,1,0.000,0.000
98542,7,14,7,1,2,1,0.000,0.011
98544,7,14,7,1,2,1,0.000,0.011
98546,3,8,5,0,1,1,0.000,0.000
98547,0,0,0,0,0,0,0.000,0.011
98548,4,9,5,0,1,1,0.000,0.000
98550,0,0,0,0,0,0,0.000,0.000
98552,1,3,2,0,0,0,0.000,0.000
98555,4,9,5,0,1,1,0.000,0.000
98557,4,9,5,0,1,1,0.000,0.000
98558,4,8,4,0,1,1,0.000,0.000
98559,5,10,5,0,1,1,0.000,0.000
98560,4,8,4,0,1,1,0.000,0.000
98562,0,0,0,0,0,0,0.000,0.000
98563,3,6,3,0,1,1,0.000,0.000
98564,4,9,5,0,1,1,0.000,0.011
98565,8,15,7,1,2,1,0.000,0.011
98568,5,10,5,0,1,1,0.000,0.000
98569,0,0,0,0,0,0,0.000,0.000
98570,6,12,6,1,2,1,0.000,0.011
98571,0,0,0,0,0,0,0.000,0.000
98572,4,9,5,0,1,1,0.000,0.011
98575,2,4,2,0,0,0,0.000,0.000
98576,4,9,5,0,1,1,0.000,0.006
98577,1,3,2,0,0,0,0.000,0.011
98579,6,12,6,1,2,1,0.000,0.006
98580,4,9,5,0,1,1,0.000,0.000
98581,4,8,4,0,1,1,0.000,0.006
98582,6,12,6,1,1,0,0.000,0.011
98583,5,10,5,0,1,1,0.000,0.000
98584,4,10,6,0,1,1,0.000,0.000
98585,5,11,6,0,1,1,0.000,0.011
98586,0,1,1,0,0,0,0.000,0.011
98587,0,1,1,0,0,0,0.000,0.000
98588,4,9,5,0,1,1,0.000,0.000
98589,5,10,5,0,1,1,0.000,0.006
98590,0,0,0,0,0,0,0.000,0.011
98591,8,16,8,1,2,1,0.000,0.011
98592,4,9,5,0,1,1,0.000,0.000
98593,8,14,6,1,2,1,0.000,0.011
98595,0,0,0,0,0,0,0.000,0.000
98596,8,15,7,1,2,1,0.000,0.011
98597,4,9,5,0,1,1,0.000,0.006
98601,5,11,6,0,1,1,0.000,0.006
98602,6,13,7,0,1,1,0.017,0.017
98603,5,10,5,0,1,1,0.000,0.006
98604,7,15,8,1,2,1,0.000,0.006
98605,11,20,9,1,2,1,0.017,0.017
98606,7,14,7,1,2,1,0.000,0.006
98607,14,24,10,2,4,2,0.000,0.006
98610,7,13,6,0,1,1,0.000,0.011
98611,6,12,6,1,2,1,0.000,0.006
98612,3,6,3,0,1,1,0.000,0.011
98613,18,28,10,1,3,2,0.017,0.017
98614,0,0,0,0,0,0,0.000,0.011
98616,2,4,2,0,0,0,0.000,0.006
98617,31,44,13,4,9,5,0.017,0.017
98619,7,14,7,0,1,1,0.017,0.017
98620,16,26,10,1,3,2,0.017,0.017
98621,2,4,2,0,0,0,0.000,0.011
98624,0,0,0,0,0,0,0.000,0.011
98625,5,10,5,0,1,1,0.000,0.006
98626,5,10,5,0,1,1,0.000,0.006
98628,13,22,9,1,2,1,0.017,0.017
98629,8,15,7,1,2,1,0.000,0.006
98631,0,0,0,0,0,0,0.000,0.011
98632,6,12,6,0,1,1,0.000,0.006
98635,14,24,10,1,2,1,0.017,0.017
98638,1,3,2,0,0,0,0.000,0.011
98639,3,8,5,0,1,1,0.000,0.011
98640,0,0,0,0,0,0,0.000,0.011
98641,0,0,0,0,0,0,0.000,0.011
98642,9,17,8,1,2,1,0.000,0.006
98643,1,4,3,0,0,0,0.000,0.011
98644,0,0,0,0,0,0,0.000,0.011
98645,6,12,6,1,2,1,0.000,0.006
98647,2,5,3,0,1,1,0.000,0.011
98648,8,16,8,1,2,1,0.000,0.011
98649,4,8,4,0,1,1,0.000,0.006
98650,8,15,7,0,1,1,0.017,0.017
98651,13,22,9,1,3,2,0.000,0.011
98660,10,19,9,1,3,2,0.000,0.006
98661,9,18,9,1,3,2,0.000,0.006
98662,9,18,9,1,3,2,0.000,0.006
98663,9,18,9,1,3,2,0.000,0.006
98664,10,19,9,1,3,2,0.000,0.006
98665,9,17,8,1,2,1,0.000,0.006
98670,17,26,9,1,3,2,0.017,0.017
98671,13,23,10,1,4,3,0.000,0.006
98672,10,19,9,1,2,1,0.017,0.017
98673,29,42,13,3,8,5,0.017,0.017
98674,8,15,7,1,2,1,0.000,0.006
98675,4,9,5,0,1,1,0.000,0.006
98682,10,19,9,1,3,2,0.000,0.006
98683,13,23,10,1,4,3,0.000,0.006
98684,10,19,9,1,3,2,0.000,0.006
98685,8,16,8,1,2,1,0.000,0.006
98686,8,16,8,1,2,1,0.000,0.006
98801,23,35,12,2,5,3,0.000,0.000
98802,23,34,11,2,5,3,0.000,0.000
98811,12,21,9,0,1,1,0.000,0.000
98812,24,35,11,2,5,3,0.000,0.000
98813,27,40,13,3,7,4,0.000,0.000
98814,13,22,9,1,2,1,0.000,0.000
98815,19,30,11,1,4,3,0.000,0.000
98816,16,26,10,1,2,1,0.000,0.000
98817,14,23,9,0,2,2,0.000,0.000
98819,6,11,5,0,0,0,0.000,0.000
98821,22,34,12,2,5,3,0.000,0.000
98822,16,25,9,1,3,2,0.000,0.000
98823,26,39,13,2,6,4,0.000,0.000
98824,26,39,13,2,6,4,0.000,0.000
98826,11,18,7,1,2,1,0.000,0.000
98827,7,12,5,0,1,1,0.000,0.000
98828,21,32,11,2,4,2,0.000,0.000
98829,21,32,11,2,4,2,0.000,0.000
98830,16,26,10,1,2,1,0.000,0.000
98831,21,33,12,1,4,3,0.000,0.000
98832,24,36,12,2,5,3,0.000,0.000
98833,2,5,3,0,0,0,0.000,0.000
98834,17,27,10,1,3,2,0.000,0.000
98836,19,30,11,1,4,3,0.000,0.000
98837,26,38,12,2,6,4,0.000,0.000
98840,20,31,11,2,4,2,0.000,0.000
98841,26,38,12,3,7,4,0.000,0.000
98843,14,23,9,1,2,1,0.000,0.000
98844,11,19,8,1,2,1,0.000,0.000
98845,19,30,11,1,3,2,0.000,0.000
98846,24,36,12,2,5,3,0.000,0.000
98847,14,23,9,1,3,2,0.000,0.000
98848,25,37,12,2,6,4,0.000,0.000
98849,11,19,8,1,2,1,0.000,0.000
98850,25,38,13,2,6,4,0.000,0.000
98851,28,41,13,2,7,5,0.000,0.000
98852,8,14,6,0,1,1,0.000,0.000
98853,27,39,12,2,6,4,0.000,0.000
98855,9,17,8,0,1,1,0.000,0.000
98856,13,22,9,1,2,1,0.000,0.000
98857,25,37,12,2,6,4,0.000,0.000
98858,12,20,8,0,1,1,0.000,0.000
98859,1,3,2,0,0,0,0.000,0.000
98860,28,41,13,3,7,4,0.000,0.000
98862,12,21,9,1,2,1,0.000,0.000
98901,26,39,13,3,7,4,0.011,0.011
98902,29,42,13,4,8,4,0.011,0.011
98903,20,31,11,2,5,3,0.011,0.011
98908,25,36,11,2,6,4,0.011,0.011
98921,37,51,14,6,13,7,0.011,0.011
98922,4,9,5,0,0,0,0.000,0.000
98923,17,27,10,1,3,2,0.011,0.011
98925,1,3,2,0,0,0,0.000,0.000
98926,13,22,9,1,2,1,0.000,0.000
98929,1,2,1,0,0,0,,
98930,35,49,14,5,11,6,0.011,0.011
98932,38,52,14,6,13,7,0.011,0.011
98933,33,47,14,5,11,6,0.011,0.011
98934,16,25,9,1,3,2,0.000,0.000
98935,31,44,13,4,9,5,0.011,0.011
98936,23,34,11,2,5,3,0.011,0.011
98937,9,16,7,1,2,1,0.011,0.011
98938,37,51,14,5,12,7,0.011,0.011
98939,34,48,14,5,11,6,0.011,0.011
98940,2,5,3,0,0,0,0.000,0.000
98941,7,13,6,0,1,1,0.000,0.000
98942,26,38,12,3,7,4,0.011,0.011
98943,2,5,3,0,0,0,0.000,0.000
98944,38,52,14,6,13,7,0.011,0.011
98946,12,21,9,1,2,1,0.000,0.000
98947,15,24,9,1,2,1,0.011,0.011
98948,34,48,14,6,12,6,0.011,0.011
98950,35,48,13,5,11,6,0.000,0.000
98951,35,49,14,6,12,6,0.011,0.011
98952,19,29,10,2,4,2,0.011,0.011
98953,35,49,14,5,11,6,0.011,0.011
99001,12,21,9,0,1,1,0.000,0.000
99003,16,26,10,1,3,2,0.000,0.000
99004,17,27,10,1,2,1,0.000,0.000
99005,19,30,11,1,3,2,0.000,0.000
99006,17,28,11,1,3,2,0.000,0.000
99008,14,24,10,1,2,1,0.000,0.000
99009,14,24,10,1,2,1,0.000,0.000
99011,11,20,9,0,1,1,0.000,0.000
99012,12,22,10,0,1,1,0.000,0.000
99013,18,29,11,1,3,2,0.000,0.000
99016,14,24,10,1,2,1,0.000,0.000
99017,19,30,11,1,3,2,0.000,0.000
99018,12,22,10,0,1,1,0.000,0.000
99019,11,20,9,0,1,1,0.000,0.000
99020,15,26,11,1,2,1,0.000,0.000
99021,15,25,10,1,2,1,0.000,0.000
99022,13,22,9,1,1,0,0.000,0.000
99023,9,17,8,0,1,1,0.000,0.000
99025,13,23,10,0,1,1,0.000,0.000
99026,18,29,11,1,3,2,0.000,0.000
99027,15,25,10,1,2,1,0.000,0.000
99029,11,20,9,0,1,1,0.000,0.000
99030,12,21,9,0,1,1,0.000,0.000
99031,14,24,10,0,2,2,0.000,0.000
99032,21,32,11,1,4,3,0.000,0.000
99033,13,23,10,0,1,1,0.000,0.000
99034,16,27,11,1,2,1,0.000,0.000
99036,12,22,10,0,1,1,0.000,0.000
99037,13,23,10,0,1,1,0.000,0.000
99039,14,24,10,1,2,1,0.000,0.000
99040,16,26,10,1,2,1,0.000,0.000
99101,11,20,9,0,1,1,0.000,0.000
99102,13,23,10,0,1,1,0.000,0.000
99103,18,29,11,1,3,2,0.000,0.000
99105,29,42,13,3,8,5,0.000,0.000
99109,17,28,11,1,3,2,0.000,0.000
99110,16,26,10,1,2,1,0.000,0.000
99111,14,24,10,1,2,1,0.000,0.000
99113,10,19,9,0,1,1,0.000,0.000
99114,10,18,8,0,1,1,0.000,0.000
99115,21,33,12,1,4,3,0.000,0.000
99116,23,35,12,1,4,3,0.000,0.000
99117,14,24,10,0,1,1,0.000,0.000
99118,5,10,5,0,0,0,0.000,0.000
99119,10,18,8,0,1,1,0.000,0.000
99121,5,10,5,0,0,0,0.000,0.000
99122,14,24,10,0,2,2,0.000,0.000
99123,16,26,10,1,2,1,0.000,0.000
99124,16,26,10,1,2,1,0.000,0.000
99125,23,35,12,2,5,3,0.000,0.000
99126,11,20,9,0,1,1,0.000,0.000
99128,8,16,8,0,1,1,0.000,0.000
99129,14,23,9,1,2,1,0.000,0.000
99130,12,21,9,0,1,1,0.000,0.000
99131,9,17,8,0,1,1,0.000,0.000
99133,18,28,10,1,3,2,0.000,0.000
99134,15,25,10,1,2,1,0.000,0.000
99135,22,34,12,1,4,3,0.000,0.000
99137,10,18,8,0,1,1,0.000,0.000
99138,15,26,11,1,2,1,0.000,0.000
99139,7,14,7,0,1,1,0.000,0.000
99140,16,26,10,1,2,1,0.000,0.000
99141,13,23,10,1,2,1,0.000,0.000
99143,28,42,14,3,8,5,0.000,0.000
99144,19,30,11,1,3,2,0.000,0.000
99146,8,15,7,0,1,1,0.000,0.000
99147,19,31,12,1,3,2,0.000,0.000
99148,10,19,9,0,1,1,0.000,0.000
99149,16,26,10,1,2,1,0.000,0.000
99150,4,8,4,0,0,0,0.000,0.000
99151,14,24,10,0,2,2,0.000,0.000
99152,5,10,5,0,0,0,0.000,0.000
99153,4,9,5,0,0,0,0.000,0.000
99154,16,27,11,1,2,1,0.000,0.000
99155,13,22,9,0,1,1,0.000,0.000
99156,11,20,9,0,1,1,0.000,0.000
99157,10,19,9,0,1,1,0.000,0.000
99158,14,24,10,1,2,1,0.000,0.000
99159,21,33,12,1,4,3,0.000,0.000
99160,9,16,7,0,1,1,0.000,0.000
99161,10,20,9,0,1,1,0.000,0.000
99163,10,20,10,0,1,1,0.000,0.000
99166,4,9,5,0,0,0,0.000,0.000
99167,7,14,7,0,1,1,0.000,0.000
99169,23,35,12,2,5,3,0.000,0.000
99170,15,25,10,1,2,1,0.000,0.000
99171,18,29,11,1,3,2,0.000,0.000
99173,15,25,10,1,2,1,0.000,0.000
99174,13,23,10,0,1,1,0.000,0.000
99179,21,32,12,2,5,3,0.000,0.000
99180,13,23,10,1,2,1,0.000,0.000
99181,16,27,11,1,3,2,0.000,0.000
99185,16,26,10,1,2,1,0.000,0.000
99201,17,28,11,1,3,2,0.000,0.000
99202,15,25,10,1,2,1,0.000,0.000
99203,13,23,10,0,1,1,0.000,0.000
99204,15,25,10,1,2,1,0.000,0.000
99205,17,28,11,1,3,2,0.000,0.000
99206,15,26,11,1,2,1,0.000,0.000
99207,17,27,10,1,2,1,0.000,0.000
99208,17,28,11,1,3,2,0.000,0.000
99212,15,25,10,1,2,1,0.000,0.000
99216,16,26,10,1,2,1,0.000,0.000
99217,15,26,11,1,2,1,0.000,0.000
99218,17,27,10,1,2,1,0.000,0.000
99223,11,20,9,0,1,1,0.000,0.000
99224,15,25,10,1,2,1,0.000,0.000
99301,39,53,14,7,14,7,0.000,0.006
99320,32,46,14,4,10,6,0.000,0.006
99321,29,42,13,3,8,5,0.000,0.000
99322,13,21,8,1,2,1,0.017,0.017
99323,38,52,14,7,14,7,0.000,0.006
99324,35,48,13,5,11,6,0.000,0.006
99326,32,46,14,4,9,5,0.000,0.006
99328,16,26,10,1,3,2,0.000,0.000
99329,19,31,12,1,3,2,0.000,0.006
99330,28,42,14,3,8,5,0.000,0.006
99333,32,45,13,4,9,5,0.000,0.000
99335,32,45,13,4,9,5,0.000,0.006
99336,37,50,13,6,13,7,0.000,0.006
99337,35,48,13,5,11,6,0.000,0.006
99338,32,45,13,4,9,5,0.000,0.006
99341,27,40,13,2,6,4,0.000,0.000
99343,29,42,13,3,8,5,0.000,0.006
99344,25,38,13,2,6,4,0.000,0.000
99345,37,51,14,6,14,8,0.000,0.006
99346,34,48,14,5,11,6,0.000,0.006
99347,14,24,10,1,2,1,0.000,0.000
99348,30,44,14,3,9,6,0.000,0.006
99349,37,50,13,5,12,7,0.000,0.000
99350,30,43,13,4,9,5,0.000,0.006
99352,35,48,13,5,11,6,0.000,0.006
99353,33,47,14,4,10,6,0.000,0.006
99354,38,52,14,6,13,7,0.000,0.006
99356,27,39,12,3,8,5,0.017,0.017
99357,30,43,13,4,8,4,0.000,0.000
99359,32,46,14,4,9,5,0.000,0.000
99360,36,50,14,5,12,7,0.000,0.006
99361,20,31,11,2,4,2,0.000,0.006
99362,20,30,10,2,4,2,0.000,0.006
99363,34,47,13,5,11,6,0.000,0.006
99371,30,44,14,3,8,5,0.000,0.000
99401,11,19,8,0,1,1,0.000,0.000
99402,21,32,11,2,5,3,0.000,0.000
99403,40,53,13,7,14,7,0.000,0.000